order_item_sk,order_id,order_item_id,customer_key,product_key,seller_key,order_date,order_status,price,freight_value,payment_value,payment_type,payment_installments,days_to_deliver,days_delivery_vs_estimate,is_late_delivery
1410316122,53cdb2fc8bc7dce0b6741e2150273451,1.0,3419462141,2746034656,261066546,2018-07-24,delivered,118.7,22.76,141.46,boleto,1.0,13.0,-6.0,0.0
776082596,47770eb9100c2d0c44946d9cf07ec65d,1.0,3328085264,3830244002,2622583364,2018-08-08,delivered,159.9,19.22,179.12,credit_card,3.0,9.0,-18.0,0.0
2866639854,5ff96c15d0b717ac6ad1f3d77225a350,1.0,902901727,3924153075,1579174796,2018-07-25,delivered,19.9,12.8,32.7,credit_card,3.0,4.0,-9.0,0.0
2651783063,b276e4f8c0fb86bd82fce576f21713e0,1.0,2075269864,1331284846,3016182256,2018-07-29,delivered,179.0,9.41,188.41,credit_card,2.0,1.0,-6.0,0.0
2462036516,d22e9fa5731b9e30e8b27afcdc2f8563,1.0,3761566275,804718929,3783637211,2018-08-04,delivered,99.0,22.62,121.62,debit_card,1.0,9.0,-31.0,0.0
4068380566,5820a1100976432c7968a52da59e9364,1.0,2691979263,609524025,2982880934,2018-07-29,delivered,33.9,18.34,52.24,credit_card,1.0,4.0,-11.0,0.0
2571096658,9faeb9b2746b9d7526aef5acb08e2aa0,1.0,1091177337,3455941353,2812297156,2018-07-26,delivered,60.0,15.52,75.52,credit_card,2.0,5.0,-16.0,0.0
3537704287,9faeb9b2746b9d7526aef5acb08e2aa0,2.0,1091177337,3455941353,2812297156,2018-07-26,delivered,60.0,15.52,75.52,credit_card,2.0,5.0,-16.0,0.0
3529024417,bd4bd0194d6d29f83b8557d4b89b572a,1.0,595269130,1060521812,2636346249,2018-07-28,delivered,24.99,12.84,37.83,boleto,1.0,9.0,-2.0,0.0
510216142,6d25592267349b322799e2beb687871e,1.0,1442213557,3822421164,2304947736,2018-08-26,delivered,93.0,7.91,0.0,unknown,0.0,2.0,-1.0,0.0
3002593546,6d25592267349b322799e2beb687871e,2.0,1442213557,3822421164,2304947736,2018-08-26,delivered,93.0,7.91,0.0,unknown,0.0,2.0,-1.0,0.0
1741994553,77e9941864fc840be8e4b1ba5347c0f7,1.0,3295431284,126593965,2373578609,2018-08-03,delivered,65.9,37.37,103.27,credit_card,1.0,13.0,-10.0,0.0
3051093316,a5474c0071dd5d1074e12d417078bbd0,1.0,2672085993,3601059045,3633342575,2018-07-30,delivered,13.99,7.39,21.38,boleto,1.0,3.0,1.0,1.0
3046670082,0760a852e4e9d89eb77bf631eaaf1c84,1.0,2174885758,349322621,2673328478,2018-08-03,invoiced,35.0,15.35,50.35,boleto,1.0,,,
657592405,80d817467dc3d0a4bb5ab8986c962b1f,1.0,1496783810,1415839245,91113541,2018-08-22,delivered,49.9,16.54,66.44,credit_card,1.0,5.0,-8.0,0.0
3467489381,80d817467dc3d0a4bb5ab8986c962b1f,2.0,1496783810,1415839245,91113541,2018-08-22,delivered,49.9,16.54,66.44,credit_card,1.0,5.0,-8.0,0.0
3514310190,c75acba615d2db29345327974641467d,1.0,1629001998,2430448744,819761952,2018-07-06,delivered,84.99,26.9,111.89,credit_card,3.0,6.0,-28.0,0.0
1583087563,0c6b011f8a4f87010c23995f5807d152,1.0,1027646415,4081015769,2304947736,2018-08-20,delivered,43.0,23.02,66.02,credit_card,6.0,7.0,-16.0,0.0
2710417885,65312c6e4ce03c0fb633a4ac541949d8,1.0,384197958,427139755,2517992465,2018-07-22,delivered,54.99,13.6,68.59,credit_card,1.0,11.0,-11.0,0.0
3993569448,89165e6d4c28047da0adf13ac8b3e1b3,1.0,2422503195,4252382196,1919968767,2018-07-18,delivered,110.32,8.03,118.35,credit_card,1.0,8.0,-4.0,0.0
3713871866,5c2d1d55c31db1cbe069dc9b6454b897,1.0,2530876537,685081976,1867257412,2018-07-23,delivered,93.99,23.46,117.45,credit_card,4.0,9.0,-9.0,0.0
3889285820,cefa8ee1540139ac77fa0c1b4ff1f04b,1.0,3969772563,3536384497,3078723279,2018-07-02,delivered,66.39,19.66,86.05,credit_card,1.0,3.0,-19.0,0.0
3264953459,c8627adf430caff83161acbeb344d8f5,1.0,2953033325,2399786765,2228420128,2018-08-09,delivered,229.9,55.69,285.59,credit_card,1.0,5.0,-7.0,0.0
3977225538,663830a477534735bbdec9de01113fa2,1.0,1797500939,98179416,2533375300,2018-07-15,delivered,24.9,13.51,38.41,credit_card,1.0,8.0,-21.0,0.0
1702266598,b0928556a10706af462ca2ab2c91903b,1.0,3652567116,2076330666,1466815522,2018-08-03,delivered,83.0,23.73,106.73,credit_card,1.0,10.0,-9.0,0.0
1359852135,b6b3633f97c686d8e188ac6fa29ff20d,1.0,901091911,885706209,3103215707,2018-07-27,delivered,679.0,19.85,0.0,unknown,0.0,10.0,-11.0,0.0
3449974318,7c18eddfcd24680d80a502346221614e,1.0,3221996360,3025512525,528827331,2018-07-13,delivered,167.0,18.95,210.26743736812384,credit_card,10.0,11.0,-16.0,0.0
2865962173,7c18eddfcd24680d80a502346221614e,2.0,3221996360,3903637550,1393673581,2018-07-13,delivered,169.49,68.23,213.40256263187612,credit_card,10.0,11.0,-16.0,0.0
304645526,58d4c4747ee059eeeb865b349b41f53a,1.0,210214391,899860769,53223181,2018-07-21,delivered,27.9,7.46,35.36,boleto,1.0,4.0,-6.0,0.0
1385906845,287c56aa824d8d1ea40246ad12013f62,1.0,3045819988,2422745456,3796303809,2018-08-01,delivered,69.9,13.15,83.05,credit_card,1.0,6.0,-3.0,0.0
1124289769,412fccb2b44a99b36714bca3fef8ad7b,1.0,836631940,3626856931,876033421,2018-07-22,delivered,102.0,38.88,140.88,credit_card,1.0,1.0,-7.0,0.0
524056820,615ae1b88a25a4ac47fbf55c9c847b6e,1.0,2895105334,3038316484,989903952,2018-08-10,delivered,64.99,19.65,84.64,credit_card,8.0,10.0,-10.0,0.0
2890429473,c82a457d646f77c8f151e12a3e517ed2,1.0,2685331416,1606128561,796664912,2018-08-08,delivered,136.78,8.22,145.0,credit_card,3.0,6.0,0.0,0.0
3842241947,86e574a0701d15590bf31783bc7de5dc,1.0,2411740971,4136805044,3288674863,2018-07-12,delivered,94.0,18.46,112.46,credit_card,1.0,10.0,-4.0,0.0
3381283509,6f954a919130aa1e8def4ed1b9fca432,1.0,786538409,957104671,3546486894,2018-07-28,delivered,13.3,8.88,22.18,boleto,1.0,4.0,-1.0,0.0
2435171451,c4d2f075fc3bf3a06d1e68e113c35cbd,1.0,321671794,3873886915,1277691880,2018-08-01,delivered,54.9,24.73,79.63,credit_card,1.0,13.0,-12.0,0.0
2587235988,5691d72069359cd293ac9a14f1bd5e9b,1.0,1043385329,4001174010,879502040,2018-07-23,delivered,34.9,37.15,72.05,boleto,1.0,9.0,-12.0,0.0
939575785,0b584b729bdfec204ec2aa5d21d6ca56,1.0,2298123157,3031581301,4248049472,2018-08-03,delivered,55.9,22.32,78.22,boleto,1.0,10.0,-9.0,0.0
3149339223,d74d2985a4c187334dc59722076a2e5f,1.0,3995300929,610363723,1845802542,2018-08-09,delivered,95.9,32.81,128.71,credit_card,4.0,15.0,-11.0,0.0
444425673,d74d2985a4c187334dc59722076a2e5f,2.0,3995300929,610363723,1845802542,2018-08-09,delivered,95.9,32.81,128.71,credit_card,4.0,15.0,-11.0,0.0
3659273053,aa466a92af916f9f68e56fce7d3a21b1,1.0,3596381973,2793361411,1996189231,2018-07-03,delivered,139.99,19.08,159.07,credit_card,1.0,8.0,-28.0,0.0
3585783334,7d2286ec219f58023352077d938dee48,1.0,3932232694,1044006431,926823165,2018-08-21,delivered,132.0,11.94,143.94,credit_card,1.0,2.0,-4.0,0.0
1727043427,74c951ce0835b2741d3014321ae9c480,1.0,2043316333,719864865,3267771422,2018-08-20,delivered,129.9,9.66,139.56,credit_card,5.0,2.0,-2.0,0.0
660467294,b75b4f6e7c5fe3fa05707992a88d9d38,1.0,1612636846,1056941099,4265433251,2018-08-02,delivered,412.0,24.7,436.7,credit_card,5.0,8.0,-6.0,0.0
3653242662,2babe10ce6bcb68b1e3bd35e24424466,1.0,2314075552,3047309132,3397218519,2018-08-09,delivered,18.9,7.39,26.29,credit_card,1.0,5.0,-5.0,0.0
3286705181,858505c5992f35429d07aae37bad60a8,1.0,2199489703,2116048782,4055463965,2018-08-16,delivered,22.32,22.09,44.41,credit_card,4.0,11.0,-25.0,0.0
1478152183,6cb134bb285a64b0425d1fdaa00d4214,1.0,1552778216,252846734,1076978718,2018-07-01,delivered,1999.0,32.09,2031.09,credit_card,1.0,9.0,-16.0,0.0
1719197369,4d4ef6cd8147028ffd8c18dc0f6e3050,1.0,3050719917,3304200972,2250123381,2018-08-24,delivered,69.0,18.58,87.58,credit_card,8.0,6.0,-12.0,0.0
228860697,0438fc3e115633e11a93c878a1591016,1.0,642645710,650566202,1763790356,2018-08-11,delivered,249.0,15.22,264.22,credit_card,3.0,9.0,-8.0,0.0
2851434116,0b0f3c7a9bcb6ad1fccab28f9240da6f,1.0,1577498255,197048405,643988096,2018-07-11,delivered,64.99,31.48,96.47,credit_card,1.0,2.0,-10.0,0.0
3582589745,65f78a0e1f8b80c4f6d8d5c6073b8601,1.0,4188595698,1267475774,1447535956,2018-07-31,delivered,185.9,35.38,221.28,credit_card,2.0,6.0,-8.0,0.0
3223546500,0c228d925a49aa5e3b35febb948f4f72,1.0,2023097583,2190833816,3962302186,2018-07-24,delivered,144.9,16.11,161.01,credit_card,2.0,6.0,-9.0,0.0
3397860699,25ebb07a1069a75d3cb9baf0a94f22d0,1.0,557434112,1859101583,2162601002,2018-07-22,delivered,182.0,19.42,201.42,credit_card,8.0,8.0,-15.0,0.0
565098856,c2d07d9078b700b9198a126183867c16,1.0,1136079207,685484401,442956100,2018-08-14,delivered,18.0,12.79,30.79,credit_card,2.0,6.0,-9.0,0.0
1669862008,32bda40452bf0485c310bca24eb53886,1.0,2666869072,1368607576,2090364660,2018-07-06,delivered,31.99,12.88,44.87,boleto,1.0,9.0,-11.0,0.0
3478524235,6cd474b81add3c3d62536cab3e34aa23,1.0,1060775720,2608734584,2580370799,2018-08-06,delivered,170.0,10.32,180.32,credit_card,2.0,8.0,-8.0,0.0
430659071,1b9ecfe83cdc259250e1a8aca174f0ad,1.0,2534651784,2716328885,3962030415,2018-08-04,canceled,25.0,8.34,33.34,boleto,1.0,,,
575653954,197edbaa61a8a349f382553fd2180ee1,1.0,3004199483,4213707636,2580370799,2018-07-02,delivered,296.5,9.66,306.16,credit_card,4.0,9.0,-12.0,0.0
2137946884,dcbd516c0f39081a5e542ef76bbc3fe4,1.0,2953323014,1720060514,9861004,2018-08-12,delivered,49.9,41.33,91.23,credit_card,9.0,10.0,-8.0,0.0
954511956,8bbbef97d763f4dcf2e12cc5b5e0cee6,1.0,1517360117,2789476098,2384848440,2018-07-28,delivered,106.9,47.8,154.7,credit_card,3.0,9.0,-9.0,0.0
2894887996,56a4ac10a4a8f2ba7693523bb439eede,1.0,1306750967,3201228581,926823165,2018-07-22,delivered,19.9,12.8,32.7,boleto,1.0,5.0,-9.0,0.0
769754322,418764469a9e73f76f56783c1863bd05,1.0,3706726792,1065140871,219747355,2018-07-03,delivered,124.17,17.8,141.97,credit_card,1.0,7.0,-19.0,0.0
763757088,711f6009f8bf028b3fa426696b581432,1.0,3246694855,508643963,1868809992,2018-08-01,delivered,40.0,23.08,63.08,credit_card,3.0,9.0,-13.0,0.0
1420564051,cf18c0b77059499a99818871229ab994,1.0,2171568806,789448940,2866711183,2018-08-21,delivered,132.0,17.85,149.85,credit_card,6.0,7.0,-21.0,0.0
2181387009,3b881091c6fc2687191b01c705287c13,1.0,920526283,1277571969,1763790356,2018-08-06,delivered,170.0,19.34,189.34,credit_card,10.0,8.0,-12.0,0.0
4258194725,567653c46861b54519b6f4cdee500f0a,1.0,801835418,4004445619,2311735569,2018-08-01,delivered,42.99,27.07,0.0,unknown,0.0,9.0,-14.0,0.0
3007493643,dc05a07c0cc70e26e10e274313034ad3,1.0,3214975541,291387229,726665638,2018-08-01,delivered,299.9,129.74,429.64,debit_card,1.0,9.0,-9.0,0.0
594165694,d4922affdd87d3e42657243354c7acd1,1.0,3584288006,4006261562,1125369443,2018-07-01,delivered,35.9,23.05,58.95,credit_card,1.0,4.0,-24.0,0.0
2599992048,267e5fff0e80197e6553c5596ed81dbd,1.0,1908414281,3655495200,4156473050,2018-07-20,delivered,27.9,7.46,35.36,credit_card,1.0,5.0,-4.0,0.0
2533496452,32e4fa9bb468884309b58b9348de70c3,1.0,2821975020,3841484237,1422228924,2018-07-04,delivered,59.0,13.07,72.07,credit_card,1.0,2.0,-16.0,0.0
4037660996,32e4fa9bb468884309b58b9348de70c3,2.0,2821975020,3841484237,1422228924,2018-07-04,delivered,59.0,13.07,72.07,credit_card,1.0,2.0,-16.0,0.0
4128269352,4df92d82d79c3b52c7138679fa9b07fc,1.0,2796973448,3620830551,1868809992,2018-07-24,delivered,196.8,12.4,109.2,credit_card,5.0,3.0,-10.0,0.0
1432256430,a0411a1811cf1c3c1312372cb0495c6f,1.0,3028614796,3925803884,1026558515,2018-08-21,delivered,179.9,13.92,193.82,credit_card,3.0,6.0,-4.0,0.0
2861297192,ad7ddb009f1bcd6c40cb1106471c292c,1.0,4072628603,248530219,1018258220,2018-07-18,delivered,480.65,21.47,502.12,credit_card,8.0,5.0,-13.0,0.0
894140394,8ca57f2b32c00588cab243b2115441f5,1.0,1322233607,4044831718,584548037,2018-08-06,delivered,1349.0,131.73,1480.73,boleto,1.0,11.0,-12.0,0.0
4789721,40ef667b4259d5f521a0fd1a093d0415,1.0,739223855,1306706221,1867257412,2018-07-11,delivered,53.99,9.13,63.12,boleto,1.0,1.0,-7.0,0.0
1143973482,4fe2fd5509bca02cbd39aa5b3eeb2a8f,1.0,2623486683,1477327429,3253069492,2018-08-27,delivered,39.9,11.3,51.2,boleto,1.0,2.0,-1.0,0.0
1479616015,c0e59bb74c6b71dbd39b3073120e957d,1.0,3585849685,4294399807,2308685613,2018-08-04,delivered,79.9,13.22,93.12,credit_card,1.0,5.0,-7.0,0.0
507604692,df8e5e994bcc820fcf403f9a875201e6,1.0,222497826,1882063189,1868809992,2018-08-01,delivered,75.0,21.17,96.17,credit_card,8.0,5.0,-11.0,0.0
1257916623,c4cffa375b754170e9823a1fe9ac75bb,1.0,2471282489,1212606557,857846044,2018-07-29,delivered,85.0,11.62,96.62,voucher,1.0,6.0,-6.0,0.0
389685806,cfa4fa27b417971e86d8127cb688712f,1.0,705660024,4287509146,2554243760,2018-08-16,delivered,34.9,11.26,46.16,boleto,1.0,12.0,7.0,1.0
2076346629,186d50e82bb60fc547f3dbf7aa6f6f8a,1.0,1635975095,2180480181,1734769477,2018-08-19,delivered,44.9,8.47,53.37,debit_card,1.0,8.0,-1.0,0.0
2915511985,b9afddbdcfadc9a87b41a83271c3e888,1.0,2316594424,3470517503,1615213775,2018-08-16,delivered,56.1,19.58,75.68,credit_card,3.0,8.0,-11.0,0.0
3144517093,c514dba8d0ed614c6a397d2f0f3fe202,1.0,1791094330,492628648,1070324635,2018-07-31,delivered,109.0,13.42,122.42,credit_card,10.0,6.0,-13.0,0.0
1697174487,05ae7d6bd78e2a61f4c0076a9d690aa8,1.0,3814568363,1174547904,1266529499,2018-07-20,delivered,219.0,16.83,235.83,credit_card,1.0,5.0,-7.0,0.0
993355573,c3716204ec5bc2bc5593bee858279148,1.0,3775779886,854615334,1235607158,2018-07-31,delivered,69.9,18.59,88.49,credit_card,4.0,5.0,-14.0,0.0
3313086882,d92d62eadcca8fd6509c4d0afad5b2c2,1.0,2855824794,4169586860,890939886,2018-08-07,delivered,89.9,8.79,98.69,boleto,1.0,3.0,-5.0,0.0
2747833321,6ffdb56df83717770ba1d34001f4686a,1.0,2045233205,3963129042,3001839298,2018-07-13,delivered,19.3,18.24,37.54,voucher,1.0,13.0,-3.0,0.0
1181695563,9f2ff91a3b8c4c34b7847c9c68971cfd,1.0,3266446317,548607958,2304947736,2018-08-24,delivered,49.0,1.39,56.18038461538461,credit_card,3.0,4.0,-2.0,0.0
2841500281,9f2ff91a3b8c4c34b7847c9c68971cfd,2.0,3266446317,3316939678,2304947736,2018-08-24,delivered,55.0,13.85,63.05961538461538,credit_card,3.0,4.0,-2.0,0.0
798674930,498a0b00b1c51a95e61baebf6379d76b,1.0,2198308286,457248455,1868809992,2018-07-20,delivered,150.0,42.03,192.03,credit_card,3.0,18.0,-13.0,0.0
543735167,db115077a7bd949a515922eb40aea6c3,1.0,3753953247,3239363638,1868809992,2018-07-23,delivered,228.0,62.26,317.2784905660377,credit_card,1.0,7.0,-14.0,0.0
953633803,db115077a7bd949a515922eb40aea6c3,2.0,3753953247,3740625835,2014339942,2018-07-23,delivered,90.0,62.26,125.24150943396224,credit_card,1.0,7.0,-14.0,0.0
3572784166,d5211af24819d319c02a285e7bb51750,1.0,3332497604,1768240923,730094745,2018-08-03,delivered,31.19,3.37,36.45665540117662,credit_card,2.0,5.0,-27.0,0.0
1238272692,d5211af24819d319c02a285e7bb51750,2.0,3332497604,3894866918,730094745,2018-08-03,delivered,35.99,3.38,42.06716985855552,credit_card,2.0,5.0,-27.0,0.0
621523471,d5211af24819d319c02a285e7bb51750,3.0,3332497604,3433154307,730094745,2018-08-03,delivered,14.9,3.37,17.41597196144699,credit_card,2.0,5.0,-27.0,0.0
758359187,d5211af24819d319c02a285e7bb51750,4.0,3332497604,336743838,3807170672,2018-08-03,delivered,31.9,3.37,37.28654399799724,credit_card,2.0,5.0,-27.0,0.0
3339133330,d5211af24819d319c02a285e7bb51750,5.0,3332497604,1090577139,730094745,2018-08-03,delivered,22.9,6.74,26.76682939041181,credit_card,2.0,5.0,-27.0,0.0
357268948,d5211af24819d319c02a285e7bb51750,6.0,3332497604,1090577139,730094745,2018-08-03,delivered,22.9,6.74,26.76682939041181,credit_card,2.0,5.0,-27.0,0.0
2629694118,15d086bbbae9b9e4b50c916c919479ed,1.0,3121805517,723555787,538933513,2018-07-22,delivered,49.99,23.5,73.49,boleto,1.0,12.0,-12.0,0.0
1429150156,234c056c50619f48da64f731c48242b4,1.0,338667933,45336417,492848926,2018-08-14,delivered,59.99,15.72,75.71,boleto,1.0,18.0,9.0,1.0
1059125171,62a56f9bfe98de42bcdbe6cc57284dfb,1.0,2199897653,2671080585,3633342575,2018-08-08,delivered,25.89,22.9,48.79,credit_card,1.0,10.0,-6.0,0.0
1886279445,a11ebb9e9f1a018eea99fe7105f2d897,1.0,1252964860,3705682819,1716536501,2018-07-18,delivered,94.95,38.94,133.89,credit_card,1.0,15.0,-10.0,0.0
3807047309,8ad3f1d0f96992e43566c4c82c9f6c58,1.0,3967367262,3120619700,2483225557,2018-07-17,delivered,67.99,25.6,93.59,credit_card,1.0,27.0,11.0,1.0
3883586274,cdbe906438125d1d5bf88bb289f8ed61,1.0,588722881,2849372482,3404539086,2018-08-02,delivered,123.47,9.02,132.49,credit_card,6.0,4.0,-3.0,0.0
1519341117,3c333445207b077f35c9e81a7e7c7273,1.0,721338402,1858873388,3736971813,2018-07-13,delivered,59.9,14.73,74.63,boleto,1.0,12.0,-6.0,0.0
3798780228,a236ae70310b60403c3adac81f96d5e6,1.0,633025991,174750780,523493826,2018-07-16,delivered,122.99,63.11,186.1,credit_card,10.0,20.0,0.0,0.0
1697079837,61e7365ad2e2ce5a3dbf650586623b7f,1.0,1988857662,2476858274,3789868639,2018-08-14,delivered,81.35,16.76,0.0,unknown,0.0,6.0,-9.0,0.0
198160411,6be749c0e984143242faa174d084889f,1.0,1394013663,1277571969,1763790356,2018-08-10,delivered,199.0,24.54,223.54,credit_card,1.0,10.0,-7.0,0.0
1653881856,90855e99e15fa22aff68cdb4323b27c9,1.0,9432390,3453311855,1288993488,2018-07-18,delivered,99.99,15.8,115.79,credit_card,2.0,7.0,-13.0,0.0
2838100079,802ee584365ed44c00f4207fb17ae67b,1.0,3682317216,2297739730,1553669565,2018-07-23,delivered,39.9,18.08,57.98,credit_card,5.0,4.0,-12.0,0.0
570164350,75d1b089800a77f3c4b653e297632423,1.0,1453542032,1378147945,4055463965,2018-08-14,delivered,24.9,16.36,41.26,credit_card,2.0,7.0,-15.0,0.0
4159285441,6051e6d3da9a50b7325cbe9c81025062,1.0,2828305677,3579429131,1238242724,2018-07-03,delivered,249.49,9.01,258.5,credit_card,2.0,1.0,-14.0,0.0
1421826880,1d767ef13195f2cb3337b6b077e1f752,1.0,1216891903,3151001834,3845613896,2018-07-23,delivered,139.99,17.17,157.16,credit_card,5.0,7.0,-21.0,0.0
100771304,3d4359c9a8031f632995e7923608dd4d,1.0,1020519031,826764293,2656671748,2018-07-27,delivered,119.9,9.59,0.0,unknown,0.0,4.0,-6.0,0.0
2348407450,14986dd5b5dc6b4203bda6666311e4d0,1.0,1210307583,1906553190,2622226838,2018-08-25,delivered,155.0,14.3,169.3,credit_card,3.0,2.0,-23.0,0.0
3596071824,7ce20b22753ccc86fdb3b6f7efefcc75,1.0,2349277487,2942473443,3583083943,2018-07-25,delivered,58.32,20.36,78.68,credit_card,1.0,6.0,-15.0,0.0
1463591246,9855054362f487c4f25172bd0b8a44cf,1.0,2444497700,1177704252,2911192595,2018-08-15,delivered,112.01,15.88,127.89,credit_card,1.0,7.0,-5.0,0.0
2393404472,95bf775f5db872acb7ac9cf5cdbbc292,1.0,4134893175,618805737,3193283800,2018-07-16,delivered,36.0,12.91,48.91,credit_card,1.0,7.0,-10.0,0.0
3395290513,b5ae10bf67afb6e14718789096f22787,1.0,1572156014,3499466501,2812297156,2018-08-12,delivered,1045.0,30.12,1075.12,credit_card,10.0,4.0,-6.0,0.0
1718983882,5f071a8534fb6805fa6ec902f04219e4,1.0,3608268943,592096461,2304947736,2018-08-20,delivered,77.0,15.64,92.64,credit_card,3.0,4.0,-23.0,0.0
2087624571,d0a72f8bcc1f2045167eaa548647e77c,1.0,1936920423,47532382,369470563,2018-07-03,delivered,159.0,63.13,222.13,credit_card,4.0,10.0,-20.0,0.0
1554104042,675bc8cd15e6b9225582b9161288670f,1.0,2179913305,394339765,2304947736,2018-08-25,delivered,249.0,9.9,258.9,credit_card,10.0,2.0,-7.0,0.0
3235415295,cfb361b2049fa0ddeb6ca3959fa0767d,1.0,2594740929,1722694306,3720921821,2018-08-20,delivered,59.0,8.57,67.57,credit_card,1.0,1.0,-6.0,0.0
3820863954,7c3e6d9d783f5fb5927a500abf1cfbaf,1.0,174686639,3020142048,471171552,2018-08-22,delivered,49.9,11.37,61.27,credit_card,1.0,6.0,0.0,0.0
2605902585,44fdca9e41cfd8248c3ac1e369447eff,1.0,1511062769,2955141554,261066546,2018-07-02,delivered,132.2,16.03,148.23,credit_card,3.0,4.0,-14.0,0.0
120995785,8dbdb81783a3c754dc9441826510a36a,1.0,1490648892,2784322251,281208496,2018-08-10,delivered,102.9,14.3,117.2,credit_card,2.0,7.0,-13.0,0.0
2428385590,7ebe19943d85e81a7b0eb108681276b7,1.0,3337579432,2974799942,3734320862,2018-07-22,delivered,49.95,19.13,62.32795407712688,credit_card,8.0,4.0,-20.0,0.0
68704702,7ebe19943d85e81a7b0eb108681276b7,2.0,3337579432,2054213623,1734769477,2018-07-22,delivered,119.9,22.96,149.6120459228731,credit_card,8.0,4.0,-20.0,0.0
1863276374,91d7491c6b0eada151a7e307697841bc,1.0,939407071,1577731245,1694950908,2018-08-17,delivered,66.0,7.72,73.72,credit_card,3.0,6.0,-12.0,0.0
3951624756,b9383cd99539eb0ccb11ab1a62bd0621,1.0,1251400775,410756285,4071751220,2018-08-02,delivered,59.9,18.52,78.42,credit_card,4.0,5.0,-9.0,0.0
800943224,dcc3610bd6745b8ec0d84354631fbd3d,1.0,2583883398,4121934507,4132039069,2018-07-22,delivered,120.0,20.03,140.03,boleto,1.0,5.0,-12.0,0.0
4159845560,d8a7be3bdd16ebaf4601bc8252f54a08,1.0,3732364941,1234464506,727074973,2018-08-14,delivered,119.99,8.1,128.09,credit_card,4.0,2.0,-4.0,0.0
2088540653,a062c240bb299fa3f0ce55cf05ec8390,1.0,799577253,1722694306,3720921821,2018-07-13,delivered,59.0,18.51,77.51,credit_card,5.0,13.0,-6.0,0.0
751143417,45bfddf12e8fd3de8dbda7b7208ec90e,1.0,2103080192,1271628224,900310379,2018-08-01,delivered,96.8,14.98,111.78,boleto,1.0,7.0,-7.0,0.0
3231658420,b2bee079651c0bf6a1a92b39c2dbe5cf,1.0,3229811129,2959081988,1442621023,2018-08-25,delivered,299.0,19.3,318.3,credit_card,2.0,2.0,-6.0,0.0
3784423614,1c07c0999a3f88b8c1b95e9a07cf5564,1.0,3673320422,3396286263,1734769477,2018-07-16,delivered,99.9,15.01,114.91,debit_card,1.0,11.0,-5.0,0.0
3715877132,652c3ffc10b11f6bb6567b4976d901c6,1.0,4247880361,1317643566,2354683314,2018-08-28,delivered,28.9,8.36,37.26,credit_card,3.0,1.0,-2.0,0.0
815001714,a611321b36103c43fd31f578c7c6e459,1.0,3354108200,3301640227,1029239364,2018-08-11,delivered,114.0,19.15,133.15,debit_card,1.0,6.0,-10.0,0.0
4089158747,96baca12064c33aaee05b2a4be3f3f2c,1.0,3694491581,3203899544,1565580883,2018-08-13,delivered,95.28,12.13,107.41,boleto,1.0,4.0,-5.0,0.0
292612306,d8721b9f395286c3b43ff47a250ad40a,1.0,4205862506,2811552375,2304947736,2018-08-02,delivered,59.0,7.7,66.103046875,credit_card,4.0,1.0,-4.0,0.0
525919831,d8721b9f395286c3b43ff47a250ad40a,2.0,4205862506,2911624243,2304947736,2018-08-02,delivered,69.0,7.71,77.30695312499999,credit_card,4.0,1.0,-4.0,0.0
2014818783,86674ccaee19790309333210917b2c7d,1.0,2146501564,2746034656,261066546,2018-08-09,delivered,116.9,18.92,135.82,credit_card,5.0,5.0,-8.0,0.0
4280407069,c6512da3ccb5263223de71b8888d4db1,1.0,3210413657,2354674241,3845613896,2018-07-04,delivered,199.0,12.41,211.41,credit_card,2.0,2.0,-11.0,0.0
3839205389,4cf225bc6f9bf421b97987161b23cc57,1.0,3955576283,1561093917,1856359935,2018-08-09,delivered,45.0,18.42,63.42,credit_card,1.0,17.0,-8.0,0.0
2717193355,4091d93f24146cb228adc17dad467e8f,1.0,2626843286,56886278,2014339942,2018-07-17,delivered,70.0,54.57,124.57,credit_card,10.0,7.0,-10.0,0.0
2224337266,cee9f1845c95efd83885a0b2f7a22b83,1.0,623736082,797903386,1734769477,2018-07-29,delivered,44.9,19.5,64.4,credit_card,3.0,5.0,-7.0,0.0
2947150897,4b80b55b32a3549ec05578e46a0f4021,1.0,217942125,213385596,368619248,2018-08-12,delivered,1240.0,51.39,1291.39,credit_card,4.0,10.0,2.0,1.0
2546095583,1342ab50383d7471a3bfd75ca93d38d6,1.0,2535822588,3989864862,3659481684,2018-08-23,delivered,49.89,17.28,67.17,credit_card,1.0,7.0,-1.0,0.0
2055213912,845f40ca6f1b315562f20fd125f93330,1.0,3947143633,3455869093,3586621305,2018-07-01,delivered,299.0,33.14,332.14,credit_card,2.0,4.0,-25.0,0.0
3276968907,0cce1e1470bc8d35d6a2bebb6991bc1b,1.0,1257273853,3756611921,733774970,2018-08-03,delivered,33.99,20.19,54.18,credit_card,2.0,13.0,-15.0,0.0
2492722830,64834bc188a370357ed08e9eabe5f92e,1.0,1896152924,2681232743,3523000694,2018-08-15,delivered,455.88,55.54,511.42,credit_card,3.0,13.0,-17.0,0.0
4127524562,8692f02bfa6e672dc1feec8381f8127e,1.0,1997636226,3599137513,2892609914,2018-08-17,delivered,39.0,13.85,0.0,unknown,0.0,10.0,-1.0,0.0
697974701,3860898db238028285b1e05b5ab31238,1.0,1527341143,3858821148,1867257412,2018-07-19,delivered,48.99,19.53,68.52,credit_card,1.0,5.0,-15.0,0.0
3236106218,61f4d740ca1d5469d7aeb49f65719f3f,1.0,133721847,1127842366,213195857,2018-08-03,delivered,56.9,11.42,0.0,unknown,0.0,3.0,-1.0,0.0
1961936812,1d554a2374156f36bdb7e0e6dbcad2d0,1.0,2112929321,512306048,1361108180,2018-07-19,delivered,250.0,24.55,274.55,credit_card,1.0,13.0,-4.0,0.0
2231430662,1ac4c8f4bb93ff8b5f87ff821298a59b,1.0,30463662,2928164159,9861004,2018-07-27,delivered,49.91,20.99,70.9,boleto,1.0,10.0,-4.0,0.0
3154705343,5d3459c901e4e1e7b9dd18e09e498131,1.0,2816246874,2982465350,1615213775,2018-08-22,delivered,66.55,14.78,81.33,credit_card,2.0,7.0,-5.0,0.0
3629511711,0fe8aad910ff05e73b0ddb0a89e61b21,1.0,4029200488,3202270728,1017497319,2018-07-01,delivered,39.0,18.37,57.37,boleto,1.0,4.0,-20.0,0.0
205374369,59dba471cbd7e791c3bb0d83aa705c49,1.0,2492943972,721170892,3267771422,2018-07-04,delivered,49.9,12.08,61.98,credit_card,1.0,2.0,-10.0,0.0
953147603,0cb25b24a27e27dd18273360995e99f4,1.0,16313125,3393768191,2775148626,2018-07-23,delivered,19.9,7.4,27.3,credit_card,2.0,2.0,-8.0,0.0
2154620721,92d1d8203d3deb0f8b536250763d8bca,1.0,3171654817,1335823626,2460058191,2018-08-11,delivered,45.0,7.58,52.58,credit_card,1.0,3.0,-6.0,0.0
2399693960,6a5f34bb72296c7b4f4a68b6d742d390,1.0,3725220860,2637791438,3078712930,2018-07-17,delivered,41.52,23.44,64.96,credit_card,6.0,6.0,-11.0,0.0
1049074420,15ade2c7daaa01c998220a2035dd43dd,1.0,4174692236,3004841604,357383673,2018-07-20,delivered,129.9,20.47,150.37,credit_card,1.0,6.0,-18.0,0.0
3977726855,c382d84d35f4d874b1f1c372f4bde27c,1.0,3378170968,3873515865,1943500248,2018-07-20,delivered,145.9,15.47,161.37,boleto,1.0,7.0,-18.0,0.0
3019665897,14d5fd67132f83c0c8a9e241e4a7d4dd,1.0,679163846,1880950498,2023461531,2018-08-04,delivered,24.99,7.44,32.43,credit_card,1.0,3.0,-2.0,0.0
2914022162,66305a754211cca47c3a2a59addf19ba,1.0,4102476371,2539451411,940035920,2018-07-26,delivered,499.9,37.26,537.16,boleto,1.0,21.0,-4.0,0.0
2821321474,62b2adbcbcf4e28df4b998bfb094f3f9,1.0,3772038019,668819244,1379301944,2018-07-14,delivered,120.0,18.94,138.94,credit_card,1.0,9.0,-23.0,0.0
1759341712,c0d0691580b4aefa924ed59260eb09d0,1.0,4025135326,1823929518,3659481684,2018-07-24,delivered,34.89,18.34,53.23,credit_card,5.0,10.0,-10.0,0.0
3637262484,c6094f6ab0c25eda761622ab09aa423d,1.0,3901498189,2036129729,261066546,2018-07-25,delivered,118.8,15.94,134.70153716925662,credit_card,6.0,5.0,-23.0,0.0
3373276396,c6094f6ab0c25eda761622ab09aa423d,2.0,3901498189,1229940739,261066546,2018-07-25,delivered,119.3,15.93,135.2684628307434,credit_card,6.0,5.0,-23.0,0.0
2457346373,0dbcaa88e213607d3795e96eda505c73,1.0,2354084776,3652401173,3919369145,2018-07-01,delivered,42.99,13.88,56.87,credit_card,5.0,5.0,-13.0,0.0
1191876470,4d8a7251d3f4f82c05c207b52ccd25f3,1.0,4084344370,3154324039,791135922,2018-08-11,delivered,139.9,23.78,163.68,credit_card,1.0,5.0,-10.0,0.0
2358565921,ad42f04485e4f6eea616c0cdac1db05c,1.0,1091848257,2895989467,500047037,2018-07-31,delivered,79.9,15.66,95.56,credit_card,1.0,6.0,-4.0,0.0
4287440062,913ed16681197337e68e936fc28b8370,1.0,449332337,3046374291,2304947736,2018-08-03,delivered,58.0,13.07,71.07,credit_card,3.0,5.0,-8.0,0.0
676964800,43f9a3d3e9d95525bfce717e31f72a56,1.0,2197013640,1928443686,3110983423,2018-07-11,delivered,69.99,13.83,83.82,boleto,1.0,24.0,5.0,1.0
2601824486,14bec9a20933b219426d500ca2581dc4,1.0,2059901117,2982465350,1615213775,2018-07-29,delivered,66.55,23.27,89.82,credit_card,8.0,12.0,-3.0,0.0
3003920432,84cf671bc3869df812c782309ef46a8d,1.0,2202228345,3258316351,2715074256,2018-07-18,delivered,19.9,18.24,38.14,credit_card,1.0,6.0,-14.0,0.0
1097888648,70462ebcf26934be8bd0327d2e6103d3,1.0,19145815,1871234141,3175003868,2018-08-20,delivered,109.0,8.92,117.92,credit_card,10.0,1.0,-6.0,0.0
3405400250,70462ebcf26934be8bd0327d2e6103d3,2.0,19145815,1871234141,3175003868,2018-08-20,delivered,109.0,8.92,117.92,credit_card,10.0,1.0,-6.0,0.0
1744882258,8b346abc34a6e64bc67fcd3b0eccdc9f,1.0,2202876476,2619096473,3446539219,2018-07-11,delivered,337.18,39.27,376.45,credit_card,7.0,15.0,-14.0,0.0
2704645475,1e51b2b229678b37addbfeb359d0e3ab,1.0,3371121558,2848108313,123833255,2018-07-22,delivered,50.0,35.65,85.65,credit_card,3.0,3.0,-6.0,0.0
1350843048,1e51b2b229678b37addbfeb359d0e3ab,2.0,3371121558,2848108313,123833255,2018-07-22,delivered,50.0,35.65,85.65,credit_card,3.0,3.0,-6.0,0.0
3071185557,3eb08a4c95b522bed075ec059ad858ab,1.0,1365061341,3749776846,2312430349,2018-08-07,delivered,89.7,13.34,112.255,credit_card,3.0,9.0,-35.0,0.0
173474135,3eb08a4c95b522bed075ec059ad858ab,2.0,1365061341,4131076738,2312430349,2018-08-07,delivered,89.7,31.77,112.255,credit_card,3.0,9.0,-35.0,0.0
2270767300,1c7c35deaf3a1639e247ce03babdfded,1.0,594142525,327629528,112649996,2018-07-16,delivered,24.99,12.84,37.83,credit_card,3.0,4.0,-10.0,0.0
3904525317,dbb786f88b6d4e52fe3cb5d771b979d6,1.0,2212322310,877151953,1734769477,2018-08-28,delivered,149.9,12.07,161.97,credit_card,8.0,1.0,-6.0,0.0
4034049994,6e9cd3f36a1e951e29d455913402c171,1.0,729747090,4229928649,4109304321,2018-07-24,delivered,369.0,17.65,386.65,voucher,1.0,1.0,-14.0,0.0
2156967631,bf2910ffd07baa17d7d2ce5a170da758,1.0,1130976930,2768804023,523493826,2018-07-18,delivered,64.99,29.71,94.7,credit_card,1.0,19.0,0.0,0.0
768923366,6672ea757b340c6ebd644244a2c982ae,1.0,326975823,302400981,2304947736,2018-07-03,delivered,49.0,7.6,56.6,boleto,1.0,2.0,-12.0,0.0
2984586545,d9b968b9f8c464fd7941981e0ee66845,1.0,4205655663,2497209898,581044507,2018-08-04,delivered,185.0,13.96,198.96,credit_card,3.0,4.0,-8.0,0.0
1242916588,0300095becf10f9b2993706759522741,1.0,3057259433,244234332,1555790669,2018-07-01,delivered,89.0,9.93,98.93,credit_card,1.0,9.0,-8.0,0.0
1464484684,2fe72d522af94b1264d79a8e6e41f933,1.0,3136268798,782339384,2629314654,2018-07-18,delivered,110.0,8.03,118.03,credit_card,1.0,5.0,-3.0,0.0
914299672,d64d6b004a4ffd419003fc0a128c1c50,1.0,555184413,3268583915,2507420777,2018-07-25,delivered,209.9,24.27,234.17,credit_card,8.0,4.0,-18.0,0.0
2534347802,74d91d0ed661cdf6683637341c196645,1.0,2622440842,1437084503,3640709145,2018-07-16,delivered,19.9,22.86,42.76,credit_card,3.0,18.0,-2.0,0.0
2714615799,9a3492f3f18d2b5cf77e8ce369f84d80,1.0,4274343842,763667658,1203697143,2018-07-25,delivered,12.88,18.23,31.11,credit_card,3.0,6.0,-14.0,0.0
3970679200,de6167039d6c71c0bea5a5d3b9437082,1.0,3545840608,649869534,3357702733,2018-07-04,delivered,79.9,19.75,99.65,credit_card,1.0,8.0,-28.0,0.0
1036614431,6e341e7f154e744143c5fc3e937bfda4,1.0,1201951084,2950511099,3633342575,2018-08-16,delivered,16.99,22.06,39.05,credit_card,2.0,8.0,-11.0,0.0
193412877,99d49f52685bd8c00ec0c341cc75d68f,1.0,350112798,1271803506,1203697143,2018-07-31,delivered,14.9,7.39,22.29,boleto,1.0,5.0,-7.0,0.0
698353895,9d8698c08be0d1824923f62270dd0d3f,1.0,2034318849,3422626364,730094745,2018-07-26,delivered,32.0,13.52,45.52,boleto,1.0,11.0,-2.0,0.0
2697728464,4da937ffa1e058f52a9eeb89187d65b5,1.0,3875586809,1635192279,2304947736,2018-07-21,delivered,29.0,18.3,47.3,credit_card,2.0,5.0,-12.0,0.0
1140536661,d2e1e475eb8219af9fae283307d88860,1.0,3508973957,2819693099,1340118940,2018-07-21,delivered,26.9,12.85,39.75,credit_card,1.0,4.0,-13.0,0.0
403027522,784389cee609eccd4f055e1eb8544285,1.0,3263846198,1245653087,819761952,2018-07-18,delivered,43.0,18.4,61.4,credit_card,5.0,8.0,-12.0,0.0
494766565,44bb5734f29017e33add235fbdf83b90,1.0,427004697,3995821966,4071751220,2018-08-07,delivered,49.49,23.15,72.64,credit_card,1.0,9.0,-1.0,0.0
1161071314,38957bce5d0653b7a5b419556e7b9ba3,1.0,1411536196,2228526506,84469676,2018-08-05,delivered,149.9,18.18,168.08,debit_card,1.0,9.0,-8.0,0.0
3955501585,b826c69bf943ea295e515a1078f76086,1.0,859233803,1221457373,935749508,2018-07-23,delivered,56.99,19.59,76.58,credit_card,2.0,17.0,1.0,1.0
2020741862,2a30390f1b957c7120f80795b9f97316,1.0,346237040,110865104,3424220039,2018-08-26,delivered,99.0,31.56,130.56,credit_card,2.0,4.0,-14.0,0.0
863558288,36cd1ce42b6013f372ceb0a80b2a1b7c,1.0,2764969737,3868652919,1755005248,2018-08-20,delivered,295.0,34.55,329.55,credit_card,5.0,8.0,-6.0,0.0
590090617,4b673ab5e166be0e06ffbac98732264b,1.0,346250003,709106470,447945570,2018-08-13,delivered,37.9,46.93,84.83,boleto,1.0,15.0,-14.0,0.0
3926289588,e0392865844b1934818565a516cf8bdb,1.0,3714867647,2397286120,753329531,2018-07-18,delivered,149.9,53.4,203.3,credit_card,3.0,5.0,-17.0,0.0
960752197,c7a01909a06bdf140604711177208036,1.0,3485768997,2942794295,2200182065,2018-08-08,delivered,119.0,27.13,146.13,debit_card,1.0,12.0,-8.0,0.0
223175829,07f2e5679e13d0e45de9da85bb833558,1.0,229749067,4235147759,3909645171,2018-07-11,delivered,23.9,7.43,0.0,unknown,0.0,1.0,-7.0,0.0
3641702768,bee896dee409e283b040fd0b5cd2ae16,1.0,2772913453,3677263161,2997337676,2018-07-05,delivered,449.9,25.08,474.98,credit_card,3.0,7.0,-24.0,0.0
3058695639,26a232627994b0bdd4a4975bedde0e63,1.0,1935946549,2180841841,4055463965,2018-07-16,delivered,35.9,16.44,52.34,credit_card,1.0,7.0,-15.0,0.0
2340204125,df66e94131ba6d4c45c7b0f75680d29b,1.0,883441449,3698918344,2304947736,2018-07-17,delivered,55.0,15.49,70.49,boleto,1.0,7.0,-8.0,0.0
3884421223,3928ee08774d7c7850f58871b25ce3ec,1.0,2225692066,3103050624,1693123630,2018-08-22,delivered,137.9,23.77,161.67,credit_card,3.0,4.0,-18.0,0.0
1108018129,c9c727aec325e060789405c422a90c1d,1.0,659654010,1833301599,581044507,2018-08-14,delivered,110.65,37.69,148.34,credit_card,5.0,11.0,-26.0,0.0
2847085091,bd2e72e4a107f535d737c2c2a52a018d,1.0,3558743821,3305834064,1340118940,2018-08-22,delivered,34.39,12.9,47.29,boleto,1.0,8.0,-14.0,0.0
2737448495,dcda6f9e7ef0110e7cfc192c003c8ae4,1.0,2330848263,1597415275,1503930686,2018-08-07,delivered,95.9,23.47,0.0,unknown,0.0,8.0,-6.0,0.0
672904744,c98f20eb107a235a15b60b2b5de731da,1.0,2920617675,1721830259,3003602011,2018-08-05,delivered,74.9,13.18,88.08,credit_card,8.0,12.0,1.0,1.0
117092059,cc0482c9c30742e1f8ce96e0e1cebe07,1.0,955125156,2315298639,2304947736,2018-07-20,delivered,29.0,7.46,36.46,credit_card,3.0,5.0,-5.0,0.0
2223469503,a5875ee134166b373cc08cbea838760c,1.0,2401526189,1999040102,925912501,2018-08-24,delivered,48.9,9.09,57.99,credit_card,3.0,6.0,0.0,0.0
381456982,6b6634917b74d4db4d32cf09754c061d,1.0,870627885,3569719807,3147574442,2018-07-18,delivered,149.0,44.84,193.84,credit_card,3.0,5.0,-16.0,0.0
857945073,280a1ee261c5b9821daccb1fcdd0f776,1.0,677837254,2339231809,4280233034,2018-08-08,delivered,115.0,18.91,133.91,boleto,1.0,8.0,-4.0,0.0
22564621,a06dda7f954798c0ad5a0b24e73b1ddb,1.0,3660860408,486554141,47085388,2018-08-25,delivered,45.0,15.42,60.42,credit_card,1.0,4.0,-13.0,0.0
3605608984,9959dfdd19dcc0fbcabc33723c619d74,1.0,3192523006,989238954,2722740119,2018-07-16,delivered,209.0,20.65,229.65,credit_card,8.0,11.0,-12.0,0.0
3999225965,4197f94f8bddd171804b1360fa78d368,1.0,594257640,531248712,819761952,2018-07-19,delivered,21.5,26.45,47.95,credit_card,1.0,6.0,-15.0,0.0
4166222568,9021cf1919f615a121410790dcce848f,1.0,484913890,1126532653,1913687861,2018-07-04,canceled,219.0,14.87,233.87,boleto,1.0,,,
408630579,5f8e8bff26bd07b73a3ecf086de33d4a,1.0,1688108937,3892060667,3608968253,2018-08-12,delivered,99.99,42.71,136.3523219379284,voucher,1.0,14.0,-15.0,0.0
331383181,5f8e8bff26bd07b73a3ecf086de33d4a,2.0,1688108937,1208022538,3366215599,2018-08-12,delivered,134.9,42.71,183.95767806207164,voucher,1.0,14.0,-15.0,0.0
1127632987,737513abba391330e69fe0383703d447,1.0,3754326652,813911352,3844276870,2018-07-24,delivered,24.0,18.27,42.27,credit_card,3.0,6.0,-15.0,0.0
993060847,9eda5cd4fa8caf92f0886bcc15b98577,1.0,1955138379,1271628224,900310379,2018-08-08,delivered,96.8,14.98,111.78,credit_card,3.0,5.0,-3.0,0.0
1424448214,7f579e203c931f3e8410103359c6d523,1.0,4032828694,230608398,1919968767,2018-08-02,delivered,110.32,8.03,118.35,credit_card,5.0,11.0,4.0,1.0
345381730,5cbc29442f8eaafa46489e988fafa403,1.0,3918049722,315293809,1025327516,2018-08-11,delivered,25.0,8.34,33.34,boleto,1.0,4.0,0.0,0.0
3020734216,a93cc6a86a64ca1f201b78f981adbc25,1.0,2840792041,1864460880,2627125470,2018-07-16,delivered,129.99,19.01,149.0,credit_card,7.0,7.0,-7.0,0.0
2622684145,5792e0b1c8c8a2bf53af468c9a422c88,1.0,1856542268,3701598697,2845521358,2018-07-26,delivered,69.5,13.15,82.65,credit_card,2.0,4.0,-10.0,0.0
3841766389,82b0f8f974cc6e92e6bae6cd7714b712,1.0,2162568652,1720060514,9861004,2018-07-27,delivered,49.9,20.99,70.89,boleto,1.0,9.0,-4.0,0.0
788701994,cc03f6907e3230fc27f728ed4e977534,1.0,1667041694,3219345171,23345775,2018-07-24,delivered,198.9,20.3,219.2,credit_card,4.0,13.0,-16.0,0.0
2533653870,c6bf92017bd40729c135b58b643f64c2,1.0,2140929645,1271803506,1203697143,2018-08-08,delivered,14.9,7.39,22.29,credit_card,1.0,6.0,-1.0,0.0
413526956,9c6fa2375d04ebce9627208eff6aa01b,1.0,3053579423,4120587557,737969628,2018-07-25,delivered,122.9,15.17,138.07,credit_card,3.0,5.0,-9.0,0.0
2151476215,5aa89bb7eb1a8dca4d70fcd37878c8a4,1.0,3996525529,914900306,2304947736,2018-07-25,delivered,59.0,20.15,73.70241935483871,credit_card,1.0,6.0,-20.0,0.0
2068309070,5aa89bb7eb1a8dca4d70fcd37878c8a4,2.0,3996525529,1795904393,4038371640,2018-07-25,delivered,127.0,26.2,158.64758064516127,credit_card,1.0,6.0,-20.0,0.0
2254462849,192e8093aeeb86d202c1035db3a5bd48,1.0,2681680394,1520426880,13521348,2018-07-20,delivered,1450.0,120.79,1570.79,credit_card,2.0,11.0,-30.0,0.0
1451531618,8dde389ebcf87898f96614bf718a3424,1.0,3292273739,1830135391,1152138511,2018-08-14,delivered,98.0,53.04,151.04,credit_card,10.0,14.0,-8.0,0.0
839237504,5bb67bb01ea5cb177b047ffe340c5c3e,1.0,110694160,2267963450,1379301944,2018-07-11,delivered,26.19,18.28,44.47,debit_card,1.0,15.0,-4.0,0.0
1716671942,1ee14212cb207ed5474b41f501133c11,1.0,2997384727,1580847863,3133716256,2018-08-22,delivered,149.9,30.85,180.75,boleto,1.0,7.0,-14.0,0.0
4133266641,6d5f62b312ef08610aa99b1a365ec10b,1.0,2856330789,3199095713,1579044475,2018-07-05,delivered,49.9,22.28,72.18,credit_card,5.0,5.0,-24.0,0.0
24251693,0524a4740833e4c479484d6fd2735725,1.0,4006796354,4065875374,342097555,2018-07-30,delivered,139.9,18.11,158.01,credit_card,2.0,3.0,-6.0,0.0
3375545326,9e79eaf24f3a351f51692b227136741e,1.0,635420393,803693,112649996,2018-07-27,delivered,29.99,22.93,52.92,credit_card,5.0,10.0,-8.0,0.0
249507692,cb6e441ff2ef574ce08d3709426f88ec,1.0,134565763,807402939,2886549658,2018-08-08,delivered,22.0,12.81,34.81,credit_card,1.0,9.0,3.0,1.0
2946062013,31abfb3d839221bf8dc8165fbd494c2f,1.0,271517406,1920796201,2173695781,2018-07-04,delivered,99.99,23.69,123.68,credit_card,2.0,4.0,-15.0,0.0
3523081638,af9b2bc020f9e2e4baf46e08f5700e51,1.0,1262453864,100082178,1480205621,2018-08-01,delivered,169.9,19.29,189.19,credit_card,8.0,8.0,-5.0,0.0
2174988040,c57a1614ff14e7e6009f15b0d36d67da,1.0,3750068400,2466355469,523493826,2018-08-05,delivered,66.99,9.16,76.15,credit_card,2.0,4.0,-13.0,0.0
2905613478,6e57e23ecac1ae881286657694444267,1.0,2576499814,1567030015,2812297156,2018-08-09,delivered,330.0,20.41,333.91,debit_card,1.0,7.0,-20.0,0.0
3085307231,a6ae47718cbf5663cae29d4ed03ba272,1.0,1304960326,2502027796,447945570,2018-08-05,delivered,78.9,9.3,88.2,boleto,1.0,5.0,-3.0,0.0
1702445482,1f079793c7cf0447834c7f3fff027802,1.0,1521757158,40027416,1868809992,2018-08-01,delivered,35.0,9.0,44.0,voucher,1.0,6.0,-1.0,0.0
3592966371,ca186afb25218627f21f78bcb9a5ea08,1.0,4146594302,2622978926,900310379,2018-08-21,delivered,104.6,15.8,120.4,credit_card,1.0,6.0,-7.0,0.0
3028939713,b198d16d5ba1cbacf02b4d54728314fa,1.0,2628122713,2209428814,2565070737,2018-07-28,delivered,159.75,23.05,182.8,boleto,1.0,17.0,-6.0,0.0
803727976,b198d16d5ba1cbacf02b4d54728314fa,2.0,2628122713,2209428814,2565070737,2018-07-28,delivered,159.75,23.05,182.8,boleto,1.0,17.0,-6.0,0.0
1386638868,70bd1eb0a425533fa100afb2a4f26a98,1.0,3896202945,1590843136,3770405468,2018-07-28,delivered,59.9,23.22,83.12,credit_card,3.0,11.0,-14.0,0.0
2003277687,816d7f5c23756d3a5757a2b8364424c7,1.0,2819433088,4033278719,1025327516,2018-08-10,delivered,37.0,15.36,52.36,credit_card,4.0,9.0,-3.0,0.0
2216277160,305bdb8167732cc44914e064834f8e1c,1.0,1592680498,3047041113,2312430349,2018-07-06,delivered,99.9,19.89,119.79,voucher,1.0,6.0,-18.0,0.0
317848901,26aee8d6346575cec08b4981acf7cfc3,1.0,2507896356,459946286,3258001668,2018-08-20,delivered,42.0,9.42,51.42,credit_card,1.0,3.0,-1.0,0.0
4018803913,26aee8d6346575cec08b4981acf7cfc3,2.0,2507896356,459946286,3258001668,2018-08-20,delivered,42.0,9.42,51.42,credit_card,1.0,3.0,-1.0,0.0
1566529840,ac8cb2fea06770a98357d5e17a82b627,1.0,3164176504,855398928,3741694444,2018-08-21,delivered,99.0,8.85,107.85,credit_card,5.0,2.0,-18.0,0.0
1584882732,79a07404beb09afb0d444bbe9dca4bae,1.0,857048761,2344592737,1968527714,2018-08-21,delivered,160.0,12.14,172.14,credit_card,1.0,2.0,-4.0,0.0
1878295388,932c319ee28911384cce008c02f0b448,1.0,2400327191,3310934951,3348204618,2018-08-11,delivered,29.99,50.93,80.92,credit_card,1.0,15.0,-17.0,0.0
1262599817,ad2cd0c1191ac47da3a52b1bf112b391,1.0,1893108806,3529008499,3066591355,2018-07-04,delivered,23.98,7.91,31.89,credit_card,1.0,7.0,-6.0,0.0
3204056127,cf4ca07fc7743be3281b694f321007bb,1.0,1061225367,2738463497,3397218519,2018-07-18,delivered,115.0,67.4,182.4,credit_card,3.0,12.0,-7.0,0.0
1711779932,3e8beb10c7fe2966555446e8575a88b7,1.0,1763755997,2128215339,1628249471,2018-08-03,delivered,50.75,7.62,58.37,boleto,1.0,4.0,-5.0,0.0
2190687440,be5b278e38c06fb98c18c6ed0554b754,1.0,4184421604,630923929,2270995335,2018-08-02,delivered,22.35,7.42,29.77,boleto,1.0,6.0,0.0,0.0
776543515,6dc866fe5592428e07b710b6dd22a920,1.0,2902025879,2946320849,3293785115,2018-07-21,delivered,119.99,39.11,159.1,credit_card,3.0,9.0,-24.0,0.0
4175202108,086f617d66181efa193629791e0a9076,1.0,547638851,3971556098,1279646700,2018-08-10,delivered,92.9,18.75,111.65,credit_card,1.0,11.0,-10.0,0.0
2887668268,8ae61eab795bd8831fe171750551feb1,1.0,2803491222,4214701717,112649996,2018-07-31,delivered,24.99,15.28,40.27,debit_card,1.0,3.0,-17.0,0.0
1229973921,818ea45f3cef61b3f0f71a0491c1b636,1.0,2248810113,1923618652,1696683105,2018-08-17,delivered,42.93,7.56,50.49,credit_card,5.0,5.0,1.0,1.0
2038742004,24ac51b02d01abde547c474a994d2aa4,1.0,2897806908,1313679599,3078723279,2018-08-27,delivered,22.6,12.82,35.42,debit_card,1.0,2.0,-5.0,0.0
1730499576,0755fe651d86dd2feb3c6fff952d81e8,1.0,3255026068,2135164472,316395269,2018-07-19,delivered,129.99,19.01,149.0,credit_card,3.0,13.0,-9.0,0.0
29232137,4a3e33350d1fd4eace1585032a97ee06,1.0,2534909801,2290890475,1813866832,2018-08-05,delivered,106.99,15.06,122.05,credit_card,8.0,15.0,-14.0,0.0
2908360202,0c0c2969d3adf4fffa3753dcc37f135d,1.0,2267001939,1522637426,585086534,2018-08-15,delivered,26.99,18.29,45.28,credit_card,3.0,6.0,-8.0,0.0
253216729,82728f6b511aa8dc053ba674db6f8b24,1.0,4030237222,2819724593,1008270582,2018-08-01,delivered,72.0,23.3,95.3,credit_card,3.0,6.0,-9.0,0.0
2351028030,6657640ffd626be03509bc9226994b36,1.0,472079251,1149082688,3446539219,2018-08-18,delivered,49.9,18.45,68.35,voucher,1.0,9.0,-10.0,0.0
999272441,bc439ca267cd182244951ffe206f4feb,1.0,1427317238,3026597973,1696683105,2018-07-24,delivered,46.95,15.43,62.38,credit_card,1.0,3.0,-24.0,0.0
4263119959,d32ec519c65a1661bb50020bda09194f,1.0,1301279650,1782083014,1868809992,2018-07-18,delivered,67.0,9.22,76.22,credit_card,1.0,2.0,-11.0,0.0
1996636405,d32ec519c65a1661bb50020bda09194f,2.0,1301279650,1782083014,1868809992,2018-07-18,delivered,67.0,9.22,76.22,credit_card,1.0,2.0,-11.0,0.0
2097577145,977e3e5b3884ce2843710ee5f5a3d12a,1.0,682800871,1285408170,811506041,2018-08-04,delivered,47.9,8.5,56.4,credit_card,1.0,2.0,-6.0,0.0
4115647474,977e3e5b3884ce2843710ee5f5a3d12a,2.0,682800871,1285408170,811506041,2018-08-04,delivered,47.9,8.5,56.4,credit_card,1.0,2.0,-6.0,0.0
162019354,3f50f62b343cd447c0fd8af4196bdc33,1.0,4281527945,1566704002,2085372711,2018-08-15,delivered,55.0,8.55,63.55,credit_card,1.0,2.0,-4.0,0.0
116576573,b38b3526b8b8fdc807e8a0a42ab78573,1.0,2608041239,2116048782,4055463965,2018-08-17,delivered,22.32,7.74,30.19,credit_card,2.0,8.0,-6.0,0.0
624499248,25fb291455f02d9da22d17fa3a1afd23,1.0,507291365,488045842,394552021,2018-08-11,delivered,379.99,164.93,544.92,credit_card,10.0,9.0,-9.0,0.0
258084182,e1a9f566dc38eac4f78556976596a43f,1.0,2413767431,483016573,4185397625,2018-07-01,delivered,34.0,13.82,47.82,credit_card,4.0,5.0,-18.0,0.0
1015981673,21094f6fd8017c8b7339040142abea71,1.0,1888983168,3351465840,2580370799,2018-07-24,delivered,63.99,16.64,80.63,credit_card,8.0,10.0,-21.0,0.0
1951472737,5a3a0bfe72c4d627e4f13d9aa81d78ad,1.0,3120679170,2851764674,3768269081,2018-07-09,delivered,795.0,110.03,905.03,boleto,1.0,18.0,-10.0,0.0
3898617123,9ddb3509f5be4a428dd17530849d4d25,1.0,1349065177,1619330562,123833255,2018-08-13,delivered,50.0,11.37,61.37,boleto,1.0,2.0,-6.0,0.0
1782277569,c2213109a2cc0e75d55585b7aaac6d97,1.0,1358155547,2748911091,2629314654,2018-08-07,delivered,26.99,7.45,34.44,credit_card,1.0,2.0,-3.0,0.0
2667123062,03720fdc92032ee4abd471d172006ab0,1.0,1474461642,1074791017,4242829885,2018-08-05,delivered,99.0,44.49,143.49,credit_card,1.0,15.0,4.0,1.0
2031201728,daa1c13dd8df972cbc97ca351c67f32b,1.0,3624847940,1277571969,1763790356,2018-07-31,delivered,170.0,25.54,195.54,credit_card,6.0,24.0,-19.0,0.0
1692450603,daa1c13dd8df972cbc97ca351c67f32b,2.0,3624847940,1277571969,1763790356,2018-07-31,delivered,170.0,25.54,195.54,credit_card,6.0,24.0,-19.0,0.0
2412125279,53302305754d77daab8c64a29db8d8c4,1.0,2831976376,2740899211,229483877,2018-07-13,delivered,69.9,19.4,89.3,credit_card,3.0,13.0,-12.0,0.0
837003114,051fcda88d997d3ff86012da2a556342,1.0,3021068877,302400981,2304947736,2018-08-24,delivered,49.0,7.6,51.7,credit_card,4.0,5.0,0.0,0.0
3306882971,c8213e60d923c834447d410caab1898d,1.0,2798302997,3096337183,1480205621,2018-07-16,delivered,949.99,43.56,993.55,credit_card,10.0,10.0,-21.0,0.0
3014197452,55bde651a2c412e983a9ace2f3e05c5d,1.0,2641311121,467740546,1233191258,2018-08-12,delivered,48.5,7.6,56.1,credit_card,1.0,2.0,-2.0,0.0
2495109866,1ba5b9882a75bc185bc0c7fbb909b697,1.0,1431925610,2140936843,520545560,2018-07-26,delivered,19.9,18.24,38.14,debit_card,1.0,11.0,-8.0,0.0
1603985451,7073be83c3247747c26a69d5a689edbf,1.0,1629481981,2798892916,4242829885,2018-07-16,delivered,45.0,17.45,62.45,credit_card,2.0,6.0,-9.0,0.0
2520119947,2ac76d681b26fb9a0bacc88b2e532430,1.0,2332334020,3840457023,292598503,2018-07-18,delivered,59.97,30.22,90.19,credit_card,1.0,6.0,-9.0,0.0
1344473285,2ac76d681b26fb9a0bacc88b2e532430,2.0,2332334020,3840457023,292598503,2018-07-18,delivered,59.97,30.22,90.19,credit_card,1.0,6.0,-9.0,0.0
1106001220,2ac76d681b26fb9a0bacc88b2e532430,3.0,2332334020,3840457023,292598503,2018-07-18,delivered,59.97,30.22,90.19,credit_card,1.0,6.0,-9.0,0.0
2108653718,c73bbcd64afe483b00a38c3d28c1c66a,1.0,2342702647,2309224160,2312430349,2018-08-23,delivered,99.9,19.89,119.79,credit_card,2.0,7.0,-6.0,0.0
3071881179,7ca00d9cf45a4e8501cdc625899d7633,1.0,1430772786,596427865,1008270582,2018-08-01,delivered,126.8,18.02,144.82,credit_card,1.0,6.0,-5.0,0.0
3147957854,b8dd3c581f151ae1f4a0b011b0715eca,1.0,3545201435,2113594583,1436988880,2018-07-27,delivered,148.0,27.99,175.99,credit_card,5.0,8.0,-13.0,0.0
1602843515,3a84d8311ec3bc442b8e2413a6b770c6,1.0,2385889359,2608146566,91113541,2018-08-12,delivered,99.9,31.57,131.47,credit_card,6.0,3.0,-13.0,0.0
2091759819,29500b5b74f1cd86014af29b2e319e9b,1.0,1179444352,3004605591,357383673,2018-07-19,delivered,159.9,13.78,173.68,credit_card,1.0,7.0,-15.0,0.0
4193500060,63114fe7881be901a26ef97cbd3b47a8,1.0,2897653577,3612268459,2681412629,2018-07-09,delivered,58.99,7.67,66.66,debit_card,1.0,2.0,-6.0,0.0
3861207335,7e41633529000f80967da24083bb6c1c,1.0,375955901,2353784209,2612393066,2018-07-26,delivered,69.9,23.29,12.15,credit_card,1.0,7.0,-15.0,0.0
1250600368,06d8cb692ed19b092adaaf5337d01a39,1.0,956174988,1039440034,1734769477,2018-08-03,delivered,199.9,27.7,227.6,credit_card,2.0,7.0,-6.0,0.0
890807492,84960d31af78367051a7134bf7b64f29,1.0,4060675057,2466355469,523493826,2018-07-12,delivered,66.99,23.19,90.18,credit_card,4.0,26.0,6.0,1.0
825781622,643efaf4eddc8f0b4f71b1674c882fa4,1.0,73478193,1261382436,1734769477,2018-07-02,delivered,149.9,23.85,173.75,credit_card,10.0,6.0,-16.0,0.0
2245926268,643efaf4eddc8f0b4f71b1674c882fa4,2.0,73478193,1261382436,1734769477,2018-07-02,delivered,149.9,23.85,173.75,credit_card,10.0,6.0,-16.0,0.0
3581436882,aea67f89b3841f780d8eed0beabd3398,1.0,2932570084,32457232,1203697143,2018-07-05,delivered,44.9,7.57,52.47,credit_card,1.0,4.0,-9.0,0.0
2654988483,607911c4ac62f9038b4ec434673e486e,1.0,2366309229,3814835128,876033421,2018-08-06,delivered,899.0,59.04,958.04,credit_card,4.0,7.0,-9.0,0.0
4196712867,607911c4ac62f9038b4ec434673e486e,2.0,2366309229,3814835128,876033421,2018-08-06,delivered,899.0,59.04,958.04,credit_card,4.0,7.0,-9.0,0.0
961725221,4969634a191db1f7ef36954434938327,1.0,2526188065,2777600080,2047495738,2018-08-01,delivered,34.9,7.66,42.56,credit_card,1.0,6.0,2.0,1.0
1865414985,b8f4980c2ec178504101b730e4e49918,1.0,2289978451,2172992090,3861952746,2018-07-07,delivered,99.9,15.77,115.67,credit_card,3.0,5.0,-25.0,0.0
1429473317,748db62700c925a0db2c4b00ee25849c,1.0,1467934382,823572531,3051201525,2018-08-25,delivered,89.0,23.42,0.0,unknown,0.0,5.0,-6.0,0.0
3131928330,691688405bcee3ff9023639514498962,1.0,3778095547,4259541492,2395580491,2018-08-08,delivered,320.0,36.53,0.0,unknown,0.0,12.0,-17.0,0.0
1846756643,78dcdc9169e9c5bbd378416cecc317be,1.0,3260185569,2121081812,3996093901,2018-08-12,delivered,226.0,20.49,246.49,credit_card,5.0,17.0,-21.0,0.0
2520159015,6b9e63bef69dd3bfae0ca6dcea8deed6,1.0,8222268,1414790156,1803873909,2018-07-17,delivered,109.9,14.35,124.25,boleto,1.0,3.0,-10.0,0.0
2306275181,cec27ecc8324e22e5721ce87471d4b31,1.0,350436987,2477940446,1073829281,2018-08-16,delivered,19.99,22.07,42.06,boleto,1.0,8.0,-13.0,0.0
1434709628,7f6767778dfebc9eb3bb27b43584789a,1.0,1687226431,4139361350,3402353270,2018-08-16,delivered,91.9,19.83,111.73,credit_card,1.0,5.0,-7.0,0.0
566646612,9a6fd2478f561404120cecc289ea20a0,1.0,2634562987,731032410,23345775,2018-07-10,delivered,169.9,16.29,186.19,credit_card,3.0,10.0,-14.0,0.0
3150037218,1d85312d372335db21f7f178c2325c6c,1.0,1402683186,1770163232,139859989,2018-07-23,delivered,133.0,25.8,158.8,credit_card,6.0,3.0,-12.0,0.0
190336071,4c217e3cc24f803307dea7d619377def,1.0,2239960646,2466355469,523493826,2018-08-13,delivered,66.99,19.38,86.37,boleto,1.0,12.0,-30.0,0.0
710282368,7d0c53f67b84e94a751d09f03fe58e99,1.0,233143152,1962424747,3503366785,2018-08-02,delivered,29.99,18.31,48.3,credit_card,4.0,6.0,-21.0,0.0
3979092287,7d0c53f67b84e94a751d09f03fe58e99,2.0,233143152,1962424747,3503366785,2018-08-02,delivered,29.99,18.31,48.3,credit_card,4.0,6.0,-21.0,0.0
768129584,31dccf9e7042d47f0c7e77a6952d9ec6,1.0,3163181265,953810007,3485175421,2018-07-15,delivered,52.9,14.68,67.58,boleto,1.0,5.0,-10.0,0.0
1624962462,d2c902f172e80f22126d53d9ff7871b2,1.0,2396828500,3561404005,2304947736,2018-07-03,delivered,55.0,7.65,62.65,debit_card,1.0,2.0,-11.0,0.0
2016549335,b41ff7b4b8380f9addca6c2db2b32594,1.0,1525275173,772072752,3346316410,2018-08-15,delivered,109.0,15.83,124.83,credit_card,3.0,5.0,-4.0,0.0
2728786957,8f723b9103b44257ac35a1e9b9e49fbf,1.0,3281319386,3124936374,212815993,2018-08-13,delivered,107.99,15.86,123.85,debit_card,1.0,8.0,-14.0,0.0
1092456100,3d47aacc4c27ad170b1004695eb0c359,1.0,2631834849,1785441143,1361108180,2018-07-30,delivered,64.99,22.39,87.38,credit_card,1.0,9.0,-28.0,0.0
562932446,c3c9936a34e4665a38df40a466a463ec,1.0,865688048,653417559,4086780073,2018-07-13,delivered,109.0,22.58,131.58,credit_card,5.0,6.0,-11.0,0.0
1316395079,129832042bc2898155b5ebf3b2058585,1.0,2288878474,4208494697,1813314038,2018-08-15,delivered,17.9,12.79,30.69,boleto,1.0,7.0,-7.0,0.0
3216033790,129832042bc2898155b5ebf3b2058585,2.0,2288878474,1607161369,1813314038,2018-08-15,delivered,17.9,12.79,30.69,boleto,1.0,7.0,-7.0,0.0
2544417301,6b654c2dc2e7c610cb22c325fb723057,1.0,2690973568,368714414,3267771422,2018-07-04,delivered,34.9,11.97,46.87,credit_card,4.0,10.0,-3.0,0.0
2686658399,b067f7c5967819ff5e1cff8bd3814a6d,1.0,3434349077,2787140595,968957513,2018-08-07,delivered,139.0,15.28,154.28,boleto,1.0,7.0,-7.0,0.0
3348174611,b239ca7cd485940b31882363b52e6674,1.0,2568855248,3819680819,818805068,2018-07-29,delivered,4059.0,104.51,4163.51,debit_card,1.0,2.0,-7.0,0.0
3267547139,4afa896b00f5e0ed1bb02ca2e8329392,1.0,2565635265,3963091143,2667521113,2018-07-26,delivered,82.99,35.88,118.87,credit_card,8.0,6.0,-8.0,0.0
2744227322,40db493fa22b26e65d2677bcc2c67344,1.0,1019974597,2609951366,4109428959,2018-08-03,delivered,11.87,15.23,27.1,credit_card,2.0,20.0,-5.0,0.0
1642703095,7c36932e3667e570c35752d13bbca443,1.0,1045766530,3635406143,3805363950,2018-07-30,delivered,350.0,29.11,379.11,boleto,1.0,8.0,-20.0,0.0
2987776757,4b81239fe83a49acf69014a6819d45f7,1.0,2814268655,2687803550,3115096273,2018-08-15,delivered,28.8,16.39,45.19,credit_card,2.0,13.0,-5.0,0.0
3601294571,20febe29f23cdee32db9532860db7341,1.0,1455155187,2886016900,3962302186,2018-07-27,delivered,158.0,16.21,174.21,boleto,1.0,11.0,-7.0,0.0
4000907878,4b3fd3a64d55a7c04cdb0ed9af1e3016,1.0,1622297054,2671861306,4220048581,2018-07-27,delivered,228.0,32.99,260.99,boleto,1.0,6.0,-28.0,0.0
30214311,e2be0c01adce5e35793cdc2970d774fc,1.0,3426515229,514008486,4139759252,2018-07-19,delivered,159.9,27.42,0.0,unknown,0.0,15.0,-10.0,0.0
3978356280,e2be0c01adce5e35793cdc2970d774fc,2.0,3426515229,514008486,4139759252,2018-07-19,delivered,159.9,27.42,0.0,unknown,0.0,15.0,-10.0,0.0
1239152808,ad44a0bda2bbb5a18a19f298832cd566,1.0,4174782182,448761334,2876593141,2018-08-09,delivered,59.9,7.68,67.58,boleto,1.0,5.0,-1.0,0.0
2539427456,6164d50a564536f9c8081d0358573bad,1.0,3383366283,2746034656,261066546,2018-08-12,delivered,116.9,9.33,126.23,credit_card,8.0,1.0,-7.0,0.0
127553969,1f02df2b80d060dfde8445dcb32f347e,1.0,988877286,3646429256,3809495135,2018-08-20,delivered,169.0,33.66,202.66,credit_card,2.0,6.0,-18.0,0.0
2631474148,c3eb293fd154223498b6551a728203e8,1.0,483971494,3890609809,3992947253,2018-07-19,delivered,299.9,28.4,328.3,credit_card,6.0,5.0,-13.0,0.0
1827240816,16b0354e89f049afdd965c97e243dac6,1.0,1319477519,2351584178,2636346249,2018-08-03,delivered,27.99,15.3,43.29,credit_card,1.0,6.0,-7.0,0.0
3637682797,6c30510910f5b4d215704b3b2b091161,1.0,637255449,3344490163,3819213127,2018-07-31,delivered,99.9,19.0,118.9,credit_card,3.0,2.0,-5.0,0.0
1287238873,03d842e44ef7cae41da34acb402983fa,1.0,4074544887,3508800064,353620887,2018-07-20,delivered,59.9,43.22,103.12,credit_card,2.0,7.0,-13.0,0.0
4080837706,7a268da1c6173cf3d0847a89afdaf84e,1.0,533206338,2772036939,2627125470,2018-07-23,delivered,129.99,19.82,149.81,credit_card,7.0,21.0,4.0,1.0
3339679521,a1044dbf7beb1971c71d7b0f94836313,1.0,617408915,2435237931,3737198912,2018-08-01,delivered,142.0,37.9,179.9,credit_card,7.0,8.0,-18.0,0.0
1064851422,5370a96022220f889db213211b32740d,1.0,983575960,1118237897,753329531,2018-08-23,delivered,179.9,15.71,195.61,boleto,1.0,6.0,-21.0,0.0
3698485006,67c8cb7add4e205c9021501079bc5f66,1.0,1972345494,443862755,3237484748,2018-08-16,delivered,159.9,8.38,168.28,credit_card,3.0,11.0,-1.0,0.0
838033746,5a1a4a4a31e003b67af6ef6dcb9750db,1.0,1317150412,2992823587,1914769873,2018-08-03,delivered,129.49,27.21,156.7,boleto,1.0,11.0,-23.0,0.0
1454829520,14dbe374dedd03ff06285484791c8d4e,1.0,7965309,3470517503,1615213775,2018-07-31,delivered,56.1,13.97,0.0,unknown,0.0,5.0,-4.0,0.0
2600323262,324213c21d2577b17bca52fb418cce03,1.0,153729128,517498823,4117658320,2018-08-08,delivered,97.5,19.87,117.37,credit_card,2.0,9.0,-5.0,0.0
311488780,a5edec799559e5ad6a1afa8ad782a771,1.0,3383177531,506316496,2368201577,2018-07-16,delivered,99.0,18.79,117.79,credit_card,3.0,7.0,-15.0,0.0
2389540624,45545b0586d46e77f4758cb7a15320b9,1.0,4149425450,1635192279,2304947736,2018-07-30,delivered,29.0,7.46,36.46,credit_card,3.0,1.0,-5.0,0.0
436122943,d8d9232af59462bbb0961d11222ea210,1.0,659395951,805943899,2304947736,2018-08-16,delivered,69.0,15.58,84.58,credit_card,8.0,5.0,-21.0,0.0
1104571352,002f16b7bc4530031b7d90f791b12d8a,1.0,1814914037,2967536977,1755005248,2018-07-02,delivered,249.9,34.23,284.13,debit_card,1.0,4.0,-19.0,0.0
727557984,d8d281c1a1398a1e835fdc4adfb81e2a,1.0,2389699552,535978694,3403210005,2018-07-23,delivered,664.0,38.41,702.41,credit_card,7.0,3.0,-11.0,0.0
3840788387,7be005575f2d7598f774514a9e575f27,1.0,775225654,3037318661,1696683105,2018-07-30,delivered,22.44,7.42,29.86,credit_card,2.0,1.0,-3.0,0.0
1266400358,8a6687e2edd62edc2b9c1de51234bd98,1.0,3186126844,1879620740,2598814270,2018-07-02,delivered,158.9,38.02,196.92,credit_card,2.0,8.0,-20.0,0.0
3242191487,1ac975a2e0caad3a89c4c5bbdc8f996a,1.0,1686680206,1840743718,1141793129,2018-08-06,delivered,85.0,19.79,104.79,credit_card,10.0,7.0,-18.0,0.0
4098755829,ceecda7c9b24cbff643a6c5119a9ec6d,1.0,2854685378,1552667480,890939886,2018-07-31,delivered,20.9,7.41,28.31,boleto,1.0,6.0,0.0,0.0
396356103,762fa054ae976d76eea5688eaa2a92e6,1.0,1845799524,1882063189,1868809992,2018-08-26,delivered,79.9,15.86,95.76,credit_card,3.0,4.0,-6.0,0.0
117501906,56fdda0cb0aee560cd00b1a571dcb10f,1.0,1616585881,3924580625,4194263931,2018-07-13,delivered,72.99,18.61,91.6,credit_card,2.0,11.0,-16.0,0.0
3555359657,56fdda0cb0aee560cd00b1a571dcb10f,2.0,1616585881,3924580625,4194263931,2018-07-13,delivered,72.99,18.61,91.6,credit_card,2.0,11.0,-16.0,0.0
1704454460,5ca6beedce6f32eef65de17a1f81d50d,1.0,81066414,3169693149,1912895863,2018-08-17,delivered,118.44,15.14,133.58,credit_card,4.0,6.0,-6.0,0.0
317299842,2be34c2ba4b5bbab97cc1ab70c699168,1.0,1256333953,4168853037,3734640654,2018-08-20,delivered,69.9,19.68,0.0,unknown,0.0,7.0,-7.0,0.0
3590177124,c5de0e05fad9231797b6cf731d56f2bc,1.0,2618189967,2787435028,2837110182,2018-07-18,delivered,179.99,17.45,197.44,boleto,1.0,6.0,-14.0,0.0
3618872707,5413211efa4372ef637627d1e59d2f82,1.0,3960180977,2011096556,1480205621,2018-07-23,delivered,148.8,8.3,157.1,credit_card,3.0,3.0,-6.0,0.0
405225899,bbab0f55c714a04cc7a5c065c65f1089,1.0,4216121805,2030657504,2274414976,2018-08-12,delivered,30.0,8.37,38.37,credit_card,1.0,3.0,-2.0,0.0
1997618020,5c4e9b69cfdcd45f69531467695237e4,1.0,3981579633,330398142,96764808,2018-07-23,delivered,17.9,19.04,36.94,credit_card,3.0,9.0,-12.0,0.0
995460393,55ab3650a53071b34253bdcada9e584b,1.0,2843859702,174133529,1238242724,2018-08-03,delivered,27.9,12.86,40.76,credit_card,1.0,5.0,-6.0,0.0
1915996282,5f649cfbd3c5dabddf7f9ada09b90edd,1.0,3469051839,4132759430,1410726319,2018-08-16,delivered,49.9,22.28,72.18,debit_card,1.0,12.0,-3.0,0.0
2544131159,b777b7d618ee48ec7cf64aeb188e9da5,1.0,3428436547,4294399807,2308685613,2018-08-09,delivered,86.0,8.76,94.76,credit_card,1.0,1.0,-5.0,0.0
2616277201,36a6432a0a4312955a3e57af99e83b80,1.0,1789134554,2528936431,3851041961,2018-08-22,delivered,44.9,15.41,60.31,credit_card,2.0,6.0,-6.0,0.0
2356233806,8153b217909426be6b194646850bde63,1.0,1784486392,1101148698,2208217379,2018-07-19,delivered,59.99,8.58,68.57,boleto,1.0,6.0,-1.0,0.0
1123383180,2cb80b6bb30641c14665e1bb8a910872,1.0,2391622971,2021634872,3670166590,2018-08-13,delivered,11.49,19.04,30.53,boleto,1.0,9.0,-14.0,0.0
968016186,00f57f2ccce2a2e3f393fe8f5e616e0d,1.0,916563933,289558685,1868809992,2018-07-08,delivered,225.0,60.81,285.81,credit_card,8.0,7.0,-14.0,0.0
996916138,57cbc8e34a5ceffb92f8b3193e4ffdb8,1.0,4218509972,1492929906,3131976384,2018-08-02,delivered,89.9,23.43,113.33,boleto,1.0,6.0,-8.0,0.0
1880526583,d75e6a846d4aa0cfed378238a9147689,1.0,2314700545,98554262,462891282,2018-08-18,delivered,25.0,18.28,43.28,boleto,1.0,9.0,-13.0,0.0
4017587277,db103a5891ce37dbf3a84d9273f55dbe,1.0,2231916323,316689020,3734320862,2018-07-18,delivered,149.97,19.35,169.32,credit_card,3.0,7.0,-8.0,0.0
1704239093,c9e55382f594e06306eb0f4c3b3d0418,1.0,2668607487,718071674,1734769477,2018-08-13,delivered,29.9,18.31,48.21,credit_card,2.0,7.0,-9.0,0.0
3665191833,612200d1732f963c7706d8da2517c04d,1.0,2772640450,1300220470,2580370799,2018-07-28,delivered,229.9,19.71,249.61,credit_card,14.0,17.0,-16.0,0.0
2788487169,28ccc6df03d720b1c01c91ce78025016,1.0,2337138942,512650152,3402013889,2018-08-17,delivered,37.0,15.36,52.36,credit_card,3.0,11.0,-6.0,0.0
212685857,28ccc6df03d720b1c01c91ce78025016,2.0,2337138942,512650152,3402013889,2018-08-17,delivered,37.0,15.36,52.36,credit_card,3.0,11.0,-6.0,0.0
2125734165,15c4d15a595aaff02d4de63093a4b57c,1.0,943105674,2147053989,3809290688,2018-08-06,delivered,210.0,15.78,225.78,credit_card,3.0,7.0,0.0,0.0
1733314508,901a84df9454849d20d02683117105ac,1.0,1084592131,591038402,2845521358,2018-07-17,delivered,69.5,18.59,0.0,unknown,0.0,7.0,-21.0,0.0
1855202207,cae550bd1bf7bfba357a10319a0fb4be,1.0,2850081883,3058269654,523493826,2018-07-11,delivered,64.99,13.94,78.93,credit_card,3.0,24.0,4.0,1.0
2584240555,4cc22fa6b7267027aac4151271636112,1.0,2937916124,3457733529,1806500110,2018-08-14,delivered,78.9,22.83,101.73,credit_card,4.0,9.0,-19.0,0.0
1207517578,cdc1ac6a94d34f438c153db4b7b5a691,1.0,3884640409,2654719980,3526794372,2018-08-06,delivered,98.69,19.88,118.57,boleto,1.0,8.0,-6.0,0.0
1062111078,cdc1ac6a94d34f438c153db4b7b5a691,2.0,3884640409,2654719980,3526794372,2018-08-06,delivered,98.69,19.88,118.57,boleto,1.0,8.0,-6.0,0.0
1889366488,8835bc08d0bba62b3f65c7903126fa49,1.0,1594985169,2635348104,3670166590,2018-08-06,delivered,59.99,18.52,78.51,credit_card,1.0,9.0,0.0,0.0
3754529935,bfbac0cb986a021b149fd1ecd301a95e,1.0,1248952908,1715952204,2023461531,2018-08-05,delivered,99.0,8.85,107.85,credit_card,1.0,2.0,-2.0,0.0
2647925033,4c8c092a897404409eb4858b2c35f100,1.0,4004928485,3753214852,3968462480,2018-08-07,delivered,140.0,17.25,157.25,credit_card,5.0,7.0,4.0,1.0
70823618,c39ffdd77f5ddda482650795f30f7aac,1.0,518162042,805108454,2810786206,2018-08-02,delivered,34.9,15.34,50.24,credit_card,1.0,4.0,-7.0,0.0
1678436051,ddc75e18227aa517946c2239d18d1300,1.0,2401733040,3482317805,1755005248,2018-07-27,delivered,199.0,35.47,234.47,credit_card,8.0,5.0,-13.0,0.0
3109514165,98a6c523ea54e65d9320d388708b49d3,1.0,3229933460,1150975454,3723740414,2018-08-07,delivered,59.9,18.52,78.42,boleto,1.0,8.0,-7.0,0.0
2535028538,397f4ed009841e83e71435ab9376cc8c,1.0,1104593200,2316154593,2060950116,2018-07-19,delivered,299.0,45.96,344.96,credit_card,6.0,6.0,-26.0,0.0
1557985884,cf3da3c7f3915ee38eb71471c6aac434,1.0,1742643205,4294399807,2308685613,2018-08-10,delivered,82.49,8.74,91.23,boleto,1.0,3.0,-3.0,0.0
1484933652,78d7bf360bb60d0dd4bd37663c126524,1.0,4168193917,979043806,604144110,2018-08-26,delivered,169.9,18.99,188.89,credit_card,5.0,4.0,-11.0,0.0
3020055720,915a2730449787ced8fbbc1794ca7d0b,1.0,3874180438,2545824121,84469676,2018-07-25,delivered,149.9,31.92,181.82,credit_card,2.0,13.0,-14.0,0.0
2212376889,b2217a354063d984ee320fa29b6baf1a,1.0,4196747108,2500670137,2788104624,2018-08-03,delivered,127.5,53.64,181.14,credit_card,1.0,6.0,-11.0,0.0
951518715,55bd3d21d10786b863b8537b32bc3899,1.0,1658003826,1188721284,1379301944,2018-08-01,delivered,16.29,18.23,34.52,credit_card,2.0,6.0,-13.0,0.0
2925590195,0e9ed1bc6589695f10e03b8eca833201,1.0,851706171,3360511537,1547468088,2018-08-20,delivered,118.13,17.02,135.15,credit_card,3.0,3.0,-28.0,0.0
3478037068,69b4682d3ab5ef1f14a8e9e74638f87e,1.0,2869507130,904930257,2622583364,2018-08-07,delivered,212.0,14.14,226.14,boleto,1.0,6.0,-4.0,0.0
1063938411,1494db03a5c6e6ed463866c7e1171104,1.0,1428903143,2093963441,1107359178,2018-07-17,delivered,99.9,23.5,123.4,boleto,1.0,12.0,-10.0,0.0
2917554499,1cf0fc2c07de89a211f8dcf9ff5af15b,1.0,3082218136,4065616189,3741694444,2018-08-07,delivered,395.0,20.94,415.94,credit_card,3.0,10.0,3.0,1.0
3778955111,a99b56767df11d454006074f4ba801e1,1.0,3886665344,3149468529,250985049,2018-08-06,delivered,54.9,13.72,68.62,credit_card,1.0,15.0,-1.0,0.0
3556791829,749ccd54a6e860862770d11abcbbe0bc,1.0,3288377053,1053813247,2090364660,2018-08-14,delivered,12.99,12.79,25.78,credit_card,1.0,7.0,-6.0,0.0
1520104571,d8d4e1a57a139526d78c7713a4eed523,1.0,1790706170,2480603570,3774023096,2018-08-02,delivered,39.9,18.38,58.28,boleto,1.0,10.0,-9.0,0.0
708211104,a236e52ad4592e2e25502b20473e84fc,1.0,1139017625,3759249835,213195857,2018-08-11,delivered,44.9,18.11,63.01,credit_card,1.0,5.0,-12.0,0.0
1459336055,7be3a5089c1dc43a6943bfb89a249b8c,1.0,3021910594,2822820877,3594951384,2018-07-24,delivered,890.0,81.03,971.03,credit_card,10.0,5.0,-31.0,0.0
934001000,753c946b8e6608e274c63dacb53fb67f,1.0,318336947,1073377758,2584434041,2018-07-06,delivered,238.0,42.65,280.65,boleto,1.0,9.0,-18.0,0.0
824763962,9c0ca649b4269a45a953747ae381d37c,1.0,2883611711,1241208376,2023461531,2018-08-10,delivered,79.99,18.66,98.65,credit_card,1.0,6.0,-11.0,0.0
1654397139,70e430723d15eaf320da7d163e736ed3,1.0,2620457153,2726482550,4185397625,2018-08-16,delivered,32.0,15.32,47.32,credit_card,3.0,5.0,-21.0,0.0
1587862540,d265e2114f019b12adfff1e68a241a8e,1.0,2204408896,1610700448,2089148942,2018-08-27,delivered,34.0,7.5,41.5,credit_card,1.0,2.0,-2.0,0.0
813911463,58fcb8ce8784213ace394e1427f50fb7,1.0,1423423128,252847722,4127299331,2018-07-11,delivered,19.98,11.16,31.14,credit_card,1.0,1.0,-7.0,0.0
491204831,58fcb8ce8784213ace394e1427f50fb7,2.0,1423423128,252847722,4127299331,2018-07-11,delivered,19.98,11.16,31.14,credit_card,1.0,1.0,-7.0,0.0
98732784,98886a41872c9df13b990863b330f710,1.0,2683953720,1776620515,2475905934,2018-08-06,delivered,69.99,11.51,81.5,credit_card,1.0,10.0,1.0,1.0
2388050523,78d54cc2c9c87e4bc2a38d1443d81cbd,1.0,2388301117,2499560133,3102855526,2018-07-26,delivered,33.9,22.17,56.07,credit_card,2.0,7.0,-33.0,0.0
529439497,afc22368eeb04afb4727cdec59103f90,1.0,994203275,1672925611,854629258,2018-07-23,delivered,74.99,30.33,105.32,credit_card,6.0,11.0,-6.0,0.0
2099718076,34871174fe1f4c68f7efac5e5b3fbbde,1.0,4096611680,3204116848,1107359178,2018-08-19,delivered,85.9,11.62,97.52,boleto,1.0,10.0,3.0,1.0
3458172533,173f3e01cc3fc12d3831a3d80a024a90,1.0,1979980591,2541242643,3728838497,2018-07-22,delivered,109.0,18.86,127.86,credit_card,6.0,9.0,-16.0,0.0
1678680731,8c96e32cbba91af2ff0d72a45445d204,1.0,1542051858,3198061581,487055631,2018-08-19,delivered,179.0,18.38,197.38,boleto,1.0,9.0,-3.0,0.0
3876671048,d6c1ed12e8eeaa15e9d5c83c79598f85,1.0,3543915755,2810379678,2023461531,2018-08-10,delivered,34.99,7.51,42.5,credit_card,1.0,4.0,-1.0,0.0
1790303353,2fc59b5605bf0cfc03638cb2cca26b16,1.0,3824822019,880669269,605810449,2018-08-21,delivered,39.99,9.59,0.0,unknown,0.0,3.0,-5.0,0.0
2952763360,c84cb424afdb4c6b771f39743b3716e0,1.0,3581364008,2422653134,3546486894,2018-07-26,delivered,9.0,18.23,27.23,boleto,1.0,11.0,-7.0,0.0
3335380414,c84cb424afdb4c6b771f39743b3716e0,2.0,3581364008,2422653134,3546486894,2018-07-26,delivered,9.0,18.23,27.23,boleto,1.0,11.0,-7.0,0.0
3608044193,d30c22b84ba5239f2ae0fc078be7611c,1.0,2820387830,1672925611,854629258,2018-07-23,delivered,74.99,39.68,114.67,credit_card,2.0,29.0,8.0,1.0
913803568,335867dcacb4762eddb7773881b73808,1.0,1142425407,592096461,2304947736,2018-07-06,delivered,78.0,15.65,93.65,boleto,1.0,9.0,-16.0,0.0
1894672634,91c4c61f5db7e025e8435b2e13e50f6f,1.0,1594123025,4105276896,1716536501,2018-08-12,delivered,48.9,19.53,68.43,credit_card,3.0,4.0,-7.0,0.0
3895478854,9de375e01aa3f39d32001e75abd82b99,1.0,3119454846,1446022026,1027933367,2018-07-02,delivered,59.0,8.57,0.0,unknown,0.0,2.0,-12.0,0.0
1630874172,84a68a1498a47dba0c79396d53e46b9e,1.0,1256212402,465919497,3124966291,2018-07-27,delivered,39.99,7.54,47.53,credit_card,1.0,3.0,-2.0,0.0
2869884423,7c5cfb19cd59e93d54d251302ac8268c,1.0,3208551218,3147125647,1040030263,2018-07-09,delivered,45.0,9.01,54.01,credit_card,1.0,6.0,-2.0,0.0
1125542137,2f9615837f509124f0c936dbd93855ac,1.0,2643204023,3918492844,596468350,2018-08-08,delivered,69.0,14.79,83.79,credit_card,3.0,5.0,-3.0,0.0
995060080,6f21ad30200f041d3f19995a8718cd11,1.0,761326604,2404446988,1696683105,2018-07-23,delivered,45.95,7.58,53.53,boleto,1.0,2.0,-6.0,0.0
795068584,872b389aca385c49caa8cd43469f684f,1.0,3472723980,3462684622,1555790669,2018-08-09,delivered,153.0,19.17,172.17,debit_card,1.0,4.0,-15.0,0.0
241597799,3505a2f5fdc9c1c19d2eea9bfdac56c4,1.0,2994760223,952751250,1637578522,2018-07-10,delivered,51.9,37.27,89.17,credit_card,1.0,13.0,-9.0,0.0
2251363288,73efca6402c1b6108195348448d76147,1.0,3380789967,1133492121,604144110,2018-08-04,delivered,129.99,18.71,148.7,voucher,1.0,5.0,-7.0,0.0
3001519765,d037016bf21257acf9413f8a2ee0fd09,1.0,3695473287,2830340744,4185397625,2018-08-16,delivered,69.0,14.87,83.87,credit_card,8.0,4.0,-3.0,0.0
189901766,ab9a2911bde46933de19f0eef001d3d9,1.0,3626555868,1263025828,2436133809,2018-07-25,delivered,99.9,17.83,117.73,credit_card,2.0,8.0,-5.0,0.0
4195340066,ab9a2911bde46933de19f0eef001d3d9,2.0,3626555868,1981921648,2436133809,2018-07-25,delivered,99.9,17.83,117.73,credit_card,2.0,8.0,-5.0,0.0
1698248850,cc94aa62777cf27c082eaa521ba00747,1.0,674030332,1225418480,3670166590,2018-08-27,delivered,24.99,8.34,33.33,credit_card,1.0,1.0,-6.0,0.0
453977315,e11dbf8f73df2ef44ac68c5dd90b3892,1.0,940712393,1545174242,3251562665,2018-08-14,delivered,94.9,9.41,104.31,credit_card,2.0,3.0,0.0,0.0
4160607320,02bfd16c1a67263989b258fa92e20d3b,1.0,4098400843,2854868616,3659481684,2018-08-16,delivered,39.89,51.0,90.89,credit_card,3.0,13.0,-14.0,0.0
2014211249,ae0df271cb3c9838b323a5764478703c,1.0,2409153876,1683439956,3064931309,2018-07-15,delivered,100.99,23.51,124.5,credit_card,6.0,10.0,-7.0,0.0
3202250022,57665b3fb0f04270d6b333c9d1f80a61,1.0,2350338054,1213871201,3626123686,2018-07-30,delivered,25.9,15.28,41.18,boleto,1.0,7.0,-11.0,0.0
978289716,7a70b827ebc6ab85bd4e28739619bb2d,1.0,554536406,1490015067,2744735886,2018-08-08,delivered,99.9,56.1,121.23947545267876,credit_card,10.0,9.0,-11.0,0.0
3522896815,7a70b827ebc6ab85bd4e28739619bb2d,2.0,554536406,1971106832,2324869708,2018-08-08,delivered,335.9,2.24,407.6510490946425,credit_card,10.0,9.0,-11.0,0.0
1576302993,7a70b827ebc6ab85bd4e28739619bb2d,3.0,554536406,1490015067,2744735886,2018-08-08,delivered,99.9,56.1,121.23947545267876,credit_card,10.0,9.0,-11.0,0.0
3755022943,780dfcd5aaf2662f3f6ce2201164394b,1.0,3286632015,2960618307,3208024231,2018-08-22,delivered,18.99,28.3,41.52195953029985,boleto,1.0,6.0,-20.0,0.0
1275499715,780dfcd5aaf2662f3f6ce2201164394b,2.0,3286632015,1671755496,3208024231,2018-08-22,delivered,29.99,28.29,65.57364751520235,boleto,1.0,6.0,-20.0,0.0
3537763645,780dfcd5aaf2662f3f6ce2201164394b,3.0,3286632015,3489284351,237804341,2018-08-22,delivered,33.9,28.29,74.12292933529042,boleto,1.0,6.0,-20.0,0.0
2681235219,780dfcd5aaf2662f3f6ce2201164394b,4.0,3286632015,760729689,3649049630,2018-08-22,delivered,12.5,28.29,27.331463619207383,boleto,1.0,6.0,-20.0,0.0
2975646673,99f6d132908e686db5ad8db097e76aa3,1.0,2216312250,1062151879,3700740456,2018-08-04,delivered,98.99,11.71,110.7,credit_card,2.0,2.0,-2.0,0.0
3739282366,e210480a7951a7968ea2a32e38c6dd70,1.0,3911821798,3478202829,918571473,2018-07-13,delivered,155.97,23.02,178.99,credit_card,2.0,31.0,-2.0,0.0
1003096094,5ef28a6d6a0cfcef8e5eb4c151c18e82,1.0,319290903,2466355469,523493826,2018-07-05,delivered,66.99,51.19,118.18,credit_card,2.0,20.0,-12.0,0.0
3539014632,d543b0fedeb939f3fda2a3c2fe167b02,1.0,371588111,4213865847,740847726,2018-08-27,delivered,62.0,9.18,71.18,credit_card,3.0,1.0,-1.0,0.0
3489206583,420d28103f84eb7c76bede8dddea608c,1.0,1453759996,2152019622,3778119994,2018-08-15,delivered,45.0,7.9,52.9,credit_card,1.0,1.0,-8.0,0.0
3795012014,0cedb7b34000334cf6a9e407fcaa5203,1.0,2355530888,104553482,2622583364,2018-07-11,delivered,222.0,19.65,241.65,credit_card,4.0,13.0,-6.0,0.0
2397947453,43b2cd469a6cee268b9be121cbaf17ba,1.0,392938190,1505202956,2745162286,2018-08-11,delivered,59.9,10.5,70.395,credit_card,1.0,9.0,-37.0,0.0
2723877713,43b2cd469a6cee268b9be121cbaf17ba,2.0,392938190,1505202956,2745162286,2018-08-11,delivered,59.9,10.5,70.395,credit_card,1.0,9.0,-37.0,0.0
3315998726,9ca192d3fd38d4aff0c137f84cf7e121,1.0,2772681186,1987712321,2220783281,2018-08-13,delivered,18.9,19.04,37.94,credit_card,3.0,5.0,-5.0,0.0
4133645195,4c9de71242c212430ae070b7d2f837e7,1.0,2752151727,3834533279,1930269635,2018-08-13,delivered,29.9,17.14,47.04,credit_card,3.0,11.0,-10.0,0.0
1438798073,92ea4e83a1cbd42cfc62e113b8a00797,1.0,2487857071,1121782999,2636346249,2018-07-17,delivered,24.99,18.28,43.27,credit_card,3.0,12.0,-7.0,0.0
1664300679,ca9012a0bc23f8c1b5be9b7e4af8fa5e,1.0,889386476,2825069493,1432305819,2018-07-01,delivered,29.99,17.14,47.13,credit_card,1.0,3.0,-23.0,0.0
1036020895,c0e11158f60abbb6f96d74228e67d44c,1.0,3302429505,757161092,1550185782,2018-07-20,delivered,249.99,28.05,278.04,credit_card,5.0,11.0,-9.0,0.0
2331218532,9948c44a7306b0739e5fdcee5966cc9d,1.0,2611442511,3076081288,2629314654,2018-07-23,delivered,15.99,7.39,23.38,credit_card,1.0,2.0,-5.0,0.0
1138030858,c0ecfbe7eb9d8435e0e3ecd0cdb899ce,1.0,2460972262,2352580119,603112042,2018-08-12,delivered,134.89,13.6,148.49,credit_card,8.0,5.0,-10.0,0.0
248021235,27a70a8fdf1c9edcfa01d463b45a5b03,1.0,553502164,33593370,3858754978,2018-08-04,delivered,59.99,18.59,78.58,credit_card,1.0,19.0,11.0,1.0
999251473,a1d38c97444889282dcb16502b3a8686,1.0,2139715885,208808120,3147574442,2018-08-07,delivered,65.15,81.13,76.25253663213624,debit_card,1.0,5.0,-10.0,0.0
736650597,a1d38c97444889282dcb16502b3a8686,2.0,2139715885,2665841440,1912895863,2018-08-07,delivered,414.62,0.63,485.2774633678638,debit_card,1.0,5.0,-10.0,0.0
838222881,03b89e8b0ef3ba18cc903dbaa7aff107,1.0,2018166702,2046202164,3612651122,2018-07-08,delivered,28.9,18.3,47.2,credit_card,4.0,3.0,-14.0,0.0
1791204452,df71ba0f02310921da0a5e4f708916a5,1.0,2839037893,744006729,3051201525,2018-07-28,delivered,56.0,20.56,73.05925925925926,credit_card,3.0,5.0,-4.0,0.0
2397420426,df71ba0f02310921da0a5e4f708916a5,2.0,2839037893,757800308,3051201525,2018-07-28,delivered,79.0,20.56,103.06574074074074,credit_card,3.0,5.0,-4.0,0.0
3000648622,df71ba0f02310921da0a5e4f708916a5,3.0,2839037893,3756820141,3051201525,2018-07-28,delivered,79.0,20.57,103.06574074074074,credit_card,3.0,5.0,-4.0,0.0
1835565314,df71ba0f02310921da0a5e4f708916a5,4.0,2839037893,4146214106,3051201525,2018-07-28,delivered,56.0,20.56,73.05925925925926,credit_card,3.0,5.0,-4.0,0.0
3274479881,00345f338696283410b7977d2e3efc89,1.0,1777661810,3709131089,3807170672,2018-08-20,delivered,48.9,18.44,67.34,credit_card,1.0,10.0,-12.0,0.0
1649892589,73ef343c9dbf2f6d45362c9bc150f4b7,1.0,930076341,324048473,3734963615,2018-08-12,shipped,2150.0,33.15,2183.15,credit_card,5.0,,,
3462080233,2e024656807ffab9d81af39abd9f18b8,1.0,1657376727,1392061939,123833255,2018-07-13,delivered,93.0,20.6,113.6,credit_card,2.0,10.0,-9.0,0.0
2993429247,3e6fcbe51e870332ced599c465eb6df0,1.0,3300790728,1657710441,1637578522,2018-08-05,delivered,126.0,9.63,135.63,boleto,1.0,3.0,-1.0,0.0
2734400964,6b3c0956c89312e2c54f8d1366ecea9a,1.0,2800690872,713538621,2304947736,2018-08-13,delivered,29.0,15.3,44.3,credit_card,2.0,7.0,-8.0,0.0
2236686756,6639b799469775ff2a696e1bc96b9f58,1.0,703272748,3478202829,918571473,2018-07-10,delivered,199.9,8.66,208.56,boleto,1.0,14.0,-1.0,0.0
2328127760,5005cef43694f92d85586692652e5216,1.0,3029382733,899860769,53223181,2018-08-11,delivered,29.99,18.31,48.3,debit_card,1.0,8.0,-17.0,0.0
3123067454,18d0a01d343f9a3789e7ae38fc92f907,1.0,3740167613,2082838398,66329149,2018-07-16,delivered,39.9,12.94,52.84,boleto,1.0,4.0,-10.0,0.0
3772104761,b813092d64bf6be705b1f343068429fb,1.0,253406755,3579321260,1102910211,2018-07-21,delivered,67.9,19.67,87.57,credit_card,1.0,5.0,-13.0,0.0
1704370416,84be8c486cc6c6bb5dd2a0a19effd9b5,1.0,70818643,1751397522,1379301944,2018-07-30,delivered,35.6,7.99,43.59,credit_card,1.0,3.0,-26.0,0.0
1008774773,232efaeba12fd576e70a88f09d6583b6,1.0,3161784276,1425614791,3485175421,2018-07-18,delivered,77.9,23.35,101.25,credit_card,10.0,12.0,-17.0,0.0
35629289,136d768d679a4fc7902e10fc81af17fc,1.0,2198627679,2914774233,1572386826,2018-08-08,delivered,170.0,21.14,191.14,credit_card,4.0,14.0,-22.0,0.0
2568643458,25461ae3c4bf9bf6e41a3a163f763c8f,1.0,2528685509,2391573896,1577801571,2018-08-12,delivered,56.54,7.66,64.2,credit_card,2.0,1.0,-2.0,0.0
675698851,21ee832eff624a82225c6e98cd2dcf7f,1.0,1788333052,468505026,1379301944,2018-08-15,delivered,35.7,7.99,43.69,credit_card,1.0,9.0,0.0,0.0
3277285216,990791b9237f52581d0a924b447c6fdf,1.0,2511253076,4140020018,2053848117,2018-08-08,delivered,129.99,41.89,171.88,credit_card,6.0,8.0,-10.0,0.0
443130969,341dc4ea81fabe7de6af564b72fcf3e2,1.0,2241538791,3650793473,4125702247,2018-07-04,delivered,124.85,37.78,162.63,credit_card,2.0,7.0,-28.0,0.0
2769980977,a5df4819e2227684e86dc2959b9ae9d6,1.0,4076743480,1318074731,1367109462,2018-08-01,delivered,179.0,79.33,258.33,credit_card,2.0,6.0,-12.0,0.0
1442631952,1fde32a510f950891c57d6e69c9071bd,1.0,575285609,3069306599,1518570030,2018-07-15,delivered,59.9,38.52,98.42,credit_card,3.0,8.0,-11.0,0.0
1849462151,d55d5f2d92f548bd9928f3edef443395,1.0,135666232,413468464,2270995335,2018-08-06,delivered,24.35,15.27,39.62,credit_card,1.0,10.0,-12.0,0.0
582958173,acdfcbe0149e3453b90ae4da5a27dfd3,1.0,2391285929,2933340321,130112362,2018-08-17,delivered,104.0,30.53,0.0,unknown,0.0,6.0,-18.0,0.0
1983453829,77fb4b8cc3c049b130b87530c7071abd,1.0,1014012164,547056545,1075788206,2018-08-01,delivered,812.99,20.0,832.99,credit_card,1.0,2.0,-10.0,0.0
940080549,ac17381858c4d8a612eb5a12659134af,1.0,3959292876,201864681,2212723222,2018-07-16,delivered,117.9,39.34,157.24,boleto,1.0,7.0,-14.0,0.0
1267944459,17e76907e42e85c99dd9e25d02f65314,1.0,3314033809,3452738577,2681412629,2018-07-27,delivered,49.99,18.45,68.44,boleto,1.0,10.0,-9.0,0.0
4293716745,c5fe9b024836c62ac0742eed03f72669,1.0,174322499,2896614241,3147574442,2018-08-20,delivered,147.0,44.83,191.83,credit_card,4.0,8.0,-3.0,0.0
4168442918,3d0ad2666f5de49d63ad8ed0af80d3bc,1.0,1937239330,2886371245,3570815075,2018-07-19,delivered,120.0,43.12,163.12,credit_card,2.0,20.0,-7.0,0.0
2546481210,959d645c348f4b237daaec697cef73c4,1.0,2155860093,2267569169,1692866640,2018-07-29,delivered,89.99,16.9,106.89,credit_card,1.0,3.0,-5.0,0.0
3775607245,959d645c348f4b237daaec697cef73c4,2.0,2155860093,2267569169,1692866640,2018-07-29,delivered,89.99,16.9,106.89,credit_card,1.0,3.0,-5.0,0.0
157767537,959d645c348f4b237daaec697cef73c4,3.0,2155860093,2267569169,1692866640,2018-07-29,delivered,89.99,16.9,106.89,credit_card,1.0,3.0,-5.0,0.0
699220895,aa0b425987bdeae4a29c616a2bc3a08a,1.0,3862308298,435983386,2190763425,2018-07-22,delivered,168.98,24.7,186.4699493573624,credit_card,2.0,10.0,-19.0,0.0
215923950,aa0b425987bdeae4a29c616a2bc3a08a,2.0,3862308298,2918427733,2190763425,2018-07-22,delivered,58.67,2.47,64.74252532131881,credit_card,2.0,10.0,-19.0,0.0
2631946899,aa0b425987bdeae4a29c616a2bc3a08a,3.0,3862308298,1062067168,2190763425,2018-07-22,delivered,58.67,2.47,64.74252532131881,credit_card,2.0,10.0,-19.0,0.0
2924815917,aa0b425987bdeae4a29c616a2bc3a08a,4.0,3862308298,1187616046,2190763425,2018-07-22,delivered,58.67,2.47,64.74252532131881,credit_card,2.0,10.0,-19.0,0.0
1586244881,aa0b425987bdeae4a29c616a2bc3a08a,5.0,3862308298,2536206154,2190763425,2018-07-22,delivered,58.67,2.46,64.74252532131881,credit_card,2.0,10.0,-19.0,0.0
2828737014,aa0b425987bdeae4a29c616a2bc3a08a,6.0,3862308298,913673222,2190763425,2018-07-22,delivered,168.98,24.7,186.4699493573624,credit_card,2.0,10.0,-19.0,0.0
1833352303,95c61e46c5be0715a4302d2aa335f6c8,1.0,658341472,1118237897,753329531,2018-08-16,delivered,179.9,25.61,205.51,boleto,1.0,11.0,-8.0,0.0
4256668904,7484cb86db28da2d4d7c3f41dc265201,1.0,417780312,2466355469,523493826,2018-08-18,delivered,66.99,27.75,94.74,credit_card,1.0,10.0,-6.0,0.0
1787284657,e0145369394f83a5210ad16511c6cf33,1.0,3028380153,1486201569,2526522891,2018-07-01,delivered,89.0,41.6,130.6,credit_card,3.0,6.0,-26.0,0.0
3748805805,a75677de97d29dd137bd7779428d9aa2,1.0,4040472809,2054720391,731398307,2018-07-01,delivered,198.0,52.11,250.11,credit_card,8.0,11.0,-20.0,0.0
4186962076,4096943338f6798c95bce03684e2a354,1.0,2719746008,382228588,2997337676,2018-07-31,delivered,527.9,25.63,553.53,credit_card,8.0,21.0,-16.0,0.0
2001051811,3a1a92434eae60a4f44ad7ebef65c3e7,1.0,1301279650,3239363638,1868809992,2018-07-18,delivered,228.0,26.58,254.58,credit_card,1.0,2.0,-11.0,0.0
1854726339,d2ce2764e877473355ddb49af8eb3bc5,1.0,890387156,1686604745,604861625,2018-08-28,delivered,103.0,17.93,120.93,credit_card,5.0,2.0,-1.0,0.0
684352407,74945023a969c39c770a3d73e669c5c5,1.0,4290389351,592096461,2304947736,2018-07-08,delivered,78.0,37.46,115.46,credit_card,5.0,15.0,-10.0,0.0
3202388672,413648037e02e5c759e67071c61b2fcf,1.0,350525019,264231931,1612681572,2018-08-04,delivered,105.0,18.54,123.54,credit_card,2.0,9.0,-2.0,0.0
1127085175,7be4cf9e577bd6353f88c21ffdf87931,1.0,2100285188,2140487144,608014367,2018-08-21,delivered,155.7,54.85,210.55,credit_card,1.0,8.0,-7.0,0.0
419040880,1fc6f36a09a4afd9024b0cf47d52924e,1.0,2441400490,1004536520,2795179784,2018-07-25,delivered,36.5,26.56,63.06,credit_card,1.0,6.0,-17.0,0.0
2432821780,45ce374cd293f6539ec1711a93f94aa7,1.0,3682283862,2254317077,412617711,2018-08-15,delivered,99.9,22.0,121.9,boleto,1.0,7.0,-21.0,0.0
1334485516,120e494a0a23aee36f4d7a635e469172,1.0,940832931,210651701,112649996,2018-08-17,delivered,29.99,22.14,52.13,credit_card,5.0,10.0,-10.0,0.0
3613149918,c0567ba9f6736e00d05c404aac7c9430,1.0,1164131548,122525587,2636346249,2018-07-03,delivered,24.99,7.44,32.43,credit_card,3.0,7.0,-6.0,0.0
370664554,50782cd44ddec8134f7d93043ebfd333,1.0,4291302082,2569291964,3208753650,2018-08-17,delivered,39.0,12.93,0.0,unknown,0.0,5.0,-14.0,0.0
3851936310,230429e6f253f9cd6561aad72ce7ee2f,1.0,923295254,669198414,2880307388,2018-07-18,delivered,119.85,11.86,131.71,credit_card,10.0,13.0,-3.0,0.0
2603175491,408c159bf7f5bb5ee0ee64ca6be81ab3,1.0,2569002269,462628583,394552021,2018-08-12,delivered,129.99,20.1,150.09,credit_card,10.0,7.0,-9.0,0.0
3418745822,c873d67cdcc79e51c21b47d8c69ada68,1.0,3391446008,3038694483,581044507,2018-07-02,delivered,119.0,18.93,137.93,boleto,1.0,9.0,-19.0,0.0
2620838894,88fb1f364095174f013123c8a3781c31,1.0,2008747489,1030940614,2627125470,2018-08-08,delivered,619.99,19.44,639.43,credit_card,5.0,12.0,4.0,1.0
4222616915,246b14cc444e8a7df0afd80495dfa052,1.0,314470018,330044326,1379301944,2018-07-04,delivered,10.1,7.87,17.97,credit_card,1.0,2.0,-13.0,0.0
4034117486,1f039c377ad805f38658f64f2102c992,1.0,303437761,309918210,1054741655,2018-08-09,delivered,275.31,37.03,312.34,voucher,1.0,6.0,-26.0,0.0
1066582855,a7fafbfc43a11e5ba3d934121a63bb43,1.0,3238799193,3514769493,2131055484,2018-07-22,delivered,18.9,7.39,26.29,boleto,1.0,2.0,-7.0,0.0
1527420335,d08c879188638eda44ea5da9dca68d09,1.0,1123532628,1634010841,3807170672,2018-07-02,delivered,34.9,16.43,51.33,credit_card,5.0,8.0,-19.0,0.0
1617724774,3ff122d5ce35754dba91bc1c99ad6a65,1.0,2656959407,3204063799,2880307388,2018-08-05,delivered,39.95,18.38,58.33,credit_card,10.0,14.0,-11.0,0.0
1030590792,3ff122d5ce35754dba91bc1c99ad6a65,2.0,2656959407,3204063799,2880307388,2018-08-05,delivered,39.95,18.38,58.33,credit_card,10.0,14.0,-11.0,0.0
2584779810,a686a1abab230b267d666e2b728f659c,1.0,1125299363,3286506355,737969628,2018-07-29,delivered,114.9,23.6,138.5,boleto,1.0,5.0,-11.0,0.0
3243425825,7c89d1b99dac4362bf2513afd0b14edd,1.0,4005347411,2746034656,3853443854,2018-08-23,delivered,117.0,15.92,132.92,boleto,1.0,4.0,-9.0,0.0
387621321,7f6f89d90e1cd5ffeede04c86b1d095c,1.0,1164390016,2635197100,3734320862,2018-08-11,delivered,49.7,43.15,92.85,credit_card,4.0,12.0,-5.0,0.0
2860656106,b4785764380c08de311002f4a12e034b,1.0,3132826242,724299661,22166516,2018-07-24,delivered,39.5,16.47,55.97,credit_card,1.0,9.0,-15.0,0.0
2955728203,14e58712c72f8606b985860c5711fdf7,1.0,3305529135,3807068534,3626123686,2018-07-26,delivered,83.0,16.77,99.77,credit_card,1.0,6.0,-9.0,0.0
3855570597,4e157a36ea9cf89bde6fff57a780b525,1.0,3894609699,1507172851,1544198991,2018-08-24,delivered,39.0,18.44,57.44,voucher,1.0,6.0,-11.0,0.0
1769002004,5261639befee46871e5005e71a7694a7,1.0,884731680,3470517503,1615213775,2018-07-28,delivered,56.1,13.97,70.07,credit_card,7.0,5.0,-11.0,0.0
3850225093,70f3d00cfbc9cc2a465887a6edeb1149,1.0,3868338145,2848934939,3095317660,2018-07-14,delivered,1280.0,63.44,1343.44,credit_card,10.0,9.0,-17.0,0.0
1871150329,c4cc1f9e57162d961e267cf2f07d2fe1,1.0,2636357017,29731688,3664770205,2018-08-22,delivered,117.9,18.93,136.83,credit_card,1.0,3.0,-11.0,0.0
3327872360,d207a9accbfb1677062f22f106463c33,1.0,3501114278,2036129729,261066546,2018-07-14,delivered,118.8,18.93,137.73,credit_card,1.0,11.0,-7.0,0.0
663730172,231f5faa326e8643dc979ef4dcc9cd31,1.0,3575939213,592096461,2304947736,2018-08-05,delivered,78.0,15.65,93.65,credit_card,1.0,10.0,-6.0,0.0
4070635247,a7dc01ae91acf2567d1367a25ce303e5,1.0,3711303882,3737412534,2278069784,2018-07-29,delivered,38.0,15.37,53.37,credit_card,1.0,6.0,-5.0,0.0
854288274,371d3a892917017b32ada644ba1f301d,1.0,467239537,3866586047,2091701985,2018-08-05,delivered,55.9,23.54,79.44,credit_card,3.0,9.0,-30.0,0.0
4021988192,64669840d01cf19228dbb0bcecfc638e,1.0,296781281,2406861396,879502040,2018-08-03,delivered,55.0,13.97,68.97,credit_card,1.0,7.0,1.0,1.0
1803482885,80967070f5cc6d8bbe062cda5b15d84d,1.0,1311737451,1739285419,3035982500,2018-08-06,delivered,59.9,7.68,67.58,credit_card,1.0,2.0,-6.0,0.0
4146691023,4c3c0b124df3a9bbd44a538ec578147b,1.0,1204700526,3986391110,4055463965,2018-08-19,delivered,28.9,13.54,42.44,credit_card,4.0,9.0,-12.0,0.0
3746265687,b4623f97ac826702ad476db053f76c84,1.0,114839596,2595450681,3670166590,2018-08-07,delivered,23.99,8.33,32.32,credit_card,3.0,5.0,-3.0,0.0
912973309,26887eda6470e8f186f3155b2b3116c8,1.0,3747691056,585409642,3485175421,2018-08-17,delivered,57.9,13.07,70.97,credit_card,2.0,5.0,-7.0,0.0
337404440,ce4efb4625d3d33a367d95cbc27cdef2,1.0,1698516163,768140718,84469676,2018-08-12,delivered,199.9,35.16,235.06,credit_card,4.0,12.0,-16.0,0.0
2888447706,d6e4899000744aee28d41363a581e3c2,1.0,1246080132,1828530444,3103320871,2018-08-06,delivered,98.0,14.85,112.85,credit_card,1.0,1.0,-12.0,0.0
403606871,3c6c4d8395cd1b0c68ffa02fa1446367,1.0,3671974769,2466355469,523493826,2018-07-17,delivered,66.99,19.38,86.37,debit_card,1.0,29.0,5.0,1.0
3788101736,d6d8407991795dae4a5aeed8e2173285,1.0,171147003,1984384427,1008270582,2018-08-20,delivered,115.99,27.11,0.0,unknown,0.0,6.0,-15.0,0.0
1160203795,aefdcf39aab5b3cadf59cdf0eafcbcb2,1.0,1875222971,529495488,3485175421,2018-07-19,delivered,79.9,17.69,97.59,credit_card,8.0,5.0,-9.0,0.0
2472112979,7877dbdb45b5fe2dcaa08551f96048a3,1.0,2377298064,1245653087,819761952,2018-07-25,delivered,43.0,8.04,51.04,credit_card,1.0,2.0,-7.0,0.0
1470060695,7877dbdb45b5fe2dcaa08551f96048a3,2.0,2377298064,1245653087,819761952,2018-07-25,delivered,43.0,8.04,51.04,credit_card,1.0,2.0,-7.0,0.0
4099406742,dbb786efd821d7f903d79cb502ba3083,1.0,976560234,183630510,2568734496,2018-08-02,delivered,159.0,17.38,176.38,credit_card,3.0,10.0,5.0,1.0
1203219121,d9f134a34fb4b3cfd95550b4785e8d05,1.0,1753821941,593812312,4120033478,2018-07-20,delivered,119.9,20.03,139.93,credit_card,1.0,7.0,-16.0,0.0
405684291,aa1849549928a6c6d3f8b27f1bcf3a22,1.0,2571797750,3393768191,819761952,2018-08-10,delivered,19.49,18.24,37.73,boleto,1.0,12.0,-2.0,0.0
1414229847,6ee453b121f65674cd0525457f985513,1.0,2547957470,1964155017,3554345266,2018-08-14,delivered,189.0,38.23,0.0,unknown,0.0,12.0,-21.0,0.0
1476967584,1f04bac535b51d50ba5a22cddc3a52ff,1.0,1371648609,349040894,3485175421,2018-07-15,delivered,149.0,51.76,200.76,credit_card,5.0,11.0,-12.0,0.0
1109531911,0d92f9c47e96d946ca421dd3ea531b2a,1.0,2183924693,2235810262,196831707,2018-07-30,delivered,209.99,35.23,245.22,credit_card,4.0,8.0,-6.0,0.0
3422834142,9951937ab72b12a841cb4f931ac8bfbc,1.0,272481163,3402175260,1088547109,2018-08-05,delivered,79.9,22.49,102.39,credit_card,1.0,9.0,-9.0,0.0
4123894893,0ca4b3b797fddd6288abcd726e5669e3,1.0,2073271306,2295367010,3919369145,2018-08-21,delivered,36.99,23.06,60.05,credit_card,4.0,7.0,-5.0,0.0
2691373168,995cb1fde464cb3683cf2902d8827a13,1.0,1352364920,225535805,497313293,2018-07-15,delivered,168.48,19.28,187.76,credit_card,1.0,10.0,-8.0,0.0
2172179840,995cb1fde464cb3683cf2902d8827a13,2.0,1352364920,225535805,497313293,2018-07-15,delivered,168.48,19.28,187.76,credit_card,1.0,10.0,-8.0,0.0
2899103066,995cb1fde464cb3683cf2902d8827a13,3.0,1352364920,225535805,497313293,2018-07-15,delivered,168.48,19.28,187.76,credit_card,1.0,10.0,-8.0,0.0
2431233271,40b2dd4813a685a119ff6fd2d213ca88,1.0,2520967866,1143905244,737969628,2018-07-23,delivered,39.9,18.38,58.28,boleto,1.0,6.0,-11.0,0.0
1797524765,7b5128e25d9aecefbe3ed7b42f1daeb4,1.0,1961320988,1473290624,3643812432,2018-08-07,delivered,29.7,22.14,51.84,credit_card,2.0,14.0,-9.0,0.0
2943515539,dd7fbf8b53b7ffa059c926a77c42f04f,1.0,1412998449,2593245549,4036656285,2018-08-28,delivered,116.5,10.13,126.63,credit_card,2.0,2.0,-17.0,0.0
2900314599,d27c2efd9421cde0945261467fb1a025,1.0,625655544,3588915785,817416274,2018-07-24,delivered,89.0,19.81,108.81,boleto,1.0,9.0,-7.0,0.0
1774010934,6bb7ab367d79166d73368ecfbef88dd8,1.0,4269991772,2305879381,989880648,2018-07-10,delivered,28.9,7.94,36.84,credit_card,1.0,3.0,-5.0,0.0
543702423,01bdc09119b132e176e5c8f2cf68b0ac,1.0,348786033,3525934089,3778119994,2018-08-16,delivered,359.0,25.66,384.66,credit_card,10.0,11.0,-16.0,0.0
722236529,22b1de291afc457a072d35bf6749b18a,1.0,1503694165,897577795,737969628,2018-07-27,delivered,114.9,23.6,138.5,credit_card,8.0,10.0,-8.0,0.0
510638416,db10e5b34779ebe39e1bc929469eb841,1.0,2415504179,1921604866,934960704,2018-08-08,delivered,20.49,7.4,27.89,credit_card,1.0,12.0,7.0,1.0
1328366480,2a52ef20af312ee4756b4e622ddc7101,1.0,510082995,3003297880,1503930686,2018-08-26,delivered,108.9,11.78,120.68,credit_card,6.0,2.0,-8.0,0.0
110461092,8560601765c3f16199ac6feb1a8d6e64,1.0,456888488,3452738577,2681412629,2018-07-20,delivered,49.99,7.61,57.6,credit_card,5.0,4.0,-7.0,0.0
1392858500,a8cc5640bb6e6bf0280850917666c4d5,1.0,1392823175,996194263,1125369443,2018-08-17,delivered,90.0,22.62,0.0,unknown,0.0,9.0,-36.0,0.0
717620110,a8cc5640bb6e6bf0280850917666c4d5,2.0,1392823175,763667658,1203697143,2018-08-17,delivered,12.88,1.36,0.0,unknown,0.0,9.0,-36.0,0.0
3544989218,186a0845cd1b679057c8b0ea86931e2f,1.0,3210648385,2964102761,3743845763,2018-07-19,delivered,692.0,13.0,705.0,credit_card,1.0,4.0,-8.0,0.0
2687238412,d576291e922fc07924f5811f867ed79b,1.0,3398837245,433911543,797873474,2018-08-11,delivered,89.0,16.81,105.81,boleto,1.0,12.0,-13.0,0.0
3689017251,54798b68c9437a3dac92d6b957c9d1ab,1.0,1647746603,3973183363,2304947736,2018-07-29,delivered,49.0,8.5,57.5,credit_card,1.0,2.0,-6.0,0.0
4264950566,751bac184f225318704b7bbf878bcc52,1.0,1899539378,3328820674,694667428,2018-08-11,delivered,439.9,14.1,454.0,credit_card,3.0,2.0,-2.0,0.0
2431899001,09de1c09553be98d80e730e53641c515,1.0,3309597777,869965182,2566875709,2018-08-20,delivered,289.0,21.21,310.21,credit_card,10.0,5.0,-10.0,0.0
1904568065,3e5851bac5137487999e438e2986af8e,1.0,2560245310,1862372854,989903952,2018-08-09,delivered,61.9,27.38,89.28,credit_card,3.0,13.0,-12.0,0.0
3740599240,19b37f1efa2ddaf265496e78e245c19a,1.0,1057033034,1968121794,730094745,2018-08-07,delivered,41.0,8.45,49.45,credit_card,2.0,11.0,3.0,1.0
76655920,b9386feadadb8bc45d250345f27ac180,1.0,4114356505,3374349609,4160630161,2018-07-04,delivered,98.6,7.95,106.55,credit_card,2.0,7.0,-5.0,0.0
3295022220,afe333c1956628d870ce89ad385f4e9b,1.0,533739235,4064287180,292598503,2018-08-16,delivered,39.97,51.0,90.97,credit_card,4.0,13.0,-2.0,0.0
3099720437,c96496058fe55b7e844cd5e3a2562f85,1.0,369606839,2486955282,3734640654,2018-08-21,delivered,25.9,16.13,40.57970123022847,credit_card,3.0,3.0,-13.0,0.0
3063203412,c96496058fe55b7e844cd5e3a2562f85,2.0,369606839,1994047132,1409850509,2018-08-21,delivered,31.0,16.12,48.57029876977154,credit_card,3.0,3.0,-13.0,0.0
3460767330,4c480567d1db63cffddc552638c35d8f,1.0,450977580,529495488,3485175421,2018-08-04,delivered,79.9,10.29,95.97182337449122,credit_card,6.0,5.0,-12.0,0.0
3381132398,4c480567d1db63cffddc552638c35d8f,2.0,450977580,2496930524,1415924549,2018-08-04,delivered,79.57,29.4,95.57544412901458,credit_card,6.0,5.0,-12.0,0.0
1298645128,4c480567d1db63cffddc552638c35d8f,3.0,450977580,3270984557,3485175421,2018-08-04,delivered,48.0,14.71,57.65516297841776,credit_card,6.0,5.0,-12.0,0.0
2513065295,4c480567d1db63cffddc552638c35d8f,4.0,450977580,1954901884,3485175421,2018-08-04,delivered,84.9,4.41,101.97756951807642,credit_card,6.0,5.0,-12.0,0.0
844264858,2783cfcf916c2cef168f19a7a2e45e45,1.0,3119248993,3470517503,1615213775,2018-07-25,delivered,56.1,19.58,75.68,credit_card,5.0,5.0,-14.0,0.0
1319871251,cdae097ae448ea48b9b45e2b3569e9b6,1.0,808887245,2873045225,3035982500,2018-07-04,delivered,899.9,24.07,923.97,credit_card,3.0,15.0,-5.0,0.0
3374073733,748934084b439ea1404df1dd5a8b238d,1.0,67596389,894962572,1868809992,2018-07-07,delivered,75.0,15.83,90.83,boleto,1.0,6.0,-10.0,0.0
168497750,0911316604300fefa8aef39f81380c66,1.0,738290836,1570888716,53223181,2018-07-05,delivered,27.9,7.94,35.84,voucher,1.0,5.0,-8.0,0.0
4038057165,50dca53ca33b739bef09e7933e8b380e,1.0,1738210618,4250986238,1579174796,2018-07-14,delivered,19.9,12.8,32.7,credit_card,3.0,7.0,-9.0,0.0
2579991651,50dca53ca33b739bef09e7933e8b380e,2.0,1738210618,4178974313,1579174796,2018-07-14,delivered,19.9,12.8,32.7,credit_card,3.0,7.0,-9.0,0.0
1434906374,2c287808b2feef34a4a25e5337bb08e1,1.0,3039109806,885706209,3103215707,2018-07-17,delivered,669.99,26.62,696.61,credit_card,6.0,8.0,-22.0,0.0
1344847250,5928d420527d13a50a884bc80c6ea676,1.0,295720634,2709615231,1634107465,2018-07-03,delivered,48.0,18.44,66.44,boleto,1.0,6.0,-21.0,0.0
1764212634,4bc05b9413beec5d8360baac48258100,1.0,3784461863,3823764141,407461500,2018-07-11,delivered,219.0,38.44,100.0,voucher,1.0,12.0,-14.0,0.0
2124059061,1e988c7630b31701946a24a362ae9dd7,1.0,3096470981,1018367849,1125369443,2018-07-19,delivered,105.0,25.09,130.09,debit_card,1.0,14.0,-6.0,0.0
4208078367,cf753c9874f18f99ba2ae6ae04632905,1.0,2495570164,1551194312,3903401908,2018-07-31,delivered,19.9,8.3,28.2,credit_card,1.0,6.0,-7.0,0.0
2414557393,66bb893cb22818f4c91fdfcf9e2a81bf,1.0,3267318166,4081015769,2304947736,2018-08-07,delivered,44.0,17.24,61.24,credit_card,3.0,7.0,-15.0,0.0
3594429898,79f9a48657445e95909801ea6a7e44a3,1.0,3650018614,3487625985,2775148626,2018-08-22,delivered,28.0,11.22,39.22,boleto,1.0,3.0,-5.0,0.0
516479462,49e720bd050835a646e0d5e8a89a42ea,1.0,2956167909,4294399807,2308685613,2018-08-15,delivered,81.0,8.73,89.73,credit_card,1.0,2.0,-3.0,0.0
3324086812,8623ddd82259f932337ad9f727cd25b5,1.0,1084881159,1563988739,3962302186,2018-08-22,delivered,46.0,15.42,61.42,credit_card,1.0,5.0,-14.0,0.0
3193910220,0e259b373316a562c9e71cd725ce1120,1.0,145552378,775310660,1559670695,2018-08-17,delivered,54.9,22.31,77.21,credit_card,6.0,8.0,-10.0,0.0
4015268314,6a83e5c040d9fc9d14c1035925ecee1f,1.0,680160277,2515123238,2404205646,2018-07-02,delivered,89.9,19.82,109.72,credit_card,1.0,24.0,2.0,1.0
3466676090,bb9a5a9d8a6ff80eabda95e3b78f0a45,1.0,205282050,1629445897,4229910683,2018-07-09,delivered,120.0,15.15,135.15,credit_card,1.0,3.0,-11.0,0.0
2336327845,2fd30a0079e9100628c92bb583ff56ec,1.0,2025586238,1471681305,3632836230,2018-08-06,delivered,33.9,13.72,0.0,unknown,0.0,8.0,-2.0,0.0
1560650201,1dc839387052269a40a3e539aa949980,1.0,3657111707,1720060514,9861004,2018-07-05,delivered,49.9,20.99,70.89,boleto,1.0,7.0,-12.0,0.0
2788520029,2728d62e6ca51781ee895aca18a89f31,1.0,3520133772,2116048782,4055463965,2018-08-01,delivered,22.32,15.26,37.58,boleto,1.0,15.0,-3.0,0.0
1265003371,dbbe1b2ff4094c09c4a05b045b71e81b,1.0,1663323956,1393903013,91113541,2018-08-01,delivered,43.9,27.08,70.98,credit_card,7.0,7.0,-34.0,0.0
2354981822,6ed7913722200b05e7d5df38f1ee777e,1.0,6663973,2177925682,4120033478,2018-08-09,delivered,249.9,20.94,270.84,credit_card,2.0,6.0,-12.0,0.0
1749676112,056793ca2483a5d5943cb5bd90f5b314,1.0,3792546791,1568802376,4168739865,2018-08-27,delivered,21.99,17.47,39.46,boleto,1.0,2.0,-1.0,0.0
4170043352,48761cfd8309604ddb00a812ae7d9473,1.0,2057942453,971997946,2053848117,2018-08-16,delivered,89.99,33.11,123.1,debit_card,1.0,6.0,-7.0,0.0
4157818754,c61424020aa28e6b14fbc18c80ad8a3d,1.0,1066636743,3822421164,2304947736,2018-07-06,delivered,95.0,15.77,110.77,credit_card,1.0,5.0,-15.0,0.0
3929641565,a5d15a04b449d50c1c003aa310e67649,1.0,2243530169,1293391083,797873474,2018-08-11,delivered,25.99,32.2,58.19,credit_card,3.0,18.0,-30.0,0.0
1269762719,8bfc859f734def7a579d24fe9b618da3,1.0,3695943137,2905597270,740847726,2018-08-15,delivered,23.0,22.09,45.09,boleto,1.0,13.0,-2.0,0.0
1243468528,c21fcb36121a9b1c65eed7b20f0862bd,1.0,3474317182,2037845464,2312352607,2018-07-23,delivered,279.0,94.51,439.79076219512194,credit_card,10.0,9.0,-27.0,0.0
1712450508,c21fcb36121a9b1c65eed7b20f0862bd,2.0,3474317182,3146467799,369470563,2018-07-23,delivered,49.0,94.52,77.23923780487804,credit_card,10.0,9.0,-27.0,0.0
889556597,458e6791b5c8c62d0a48aae7f660b637,1.0,266140304,174750780,523493826,2018-08-21,delivered,122.99,39.13,162.12,credit_card,2.0,7.0,-9.0,0.0
3182590025,a2538594406c450266b29fb9a0338424,1.0,2134706112,4103312862,1279646700,2018-08-21,delivered,99.0,8.85,107.85,credit_card,1.0,2.0,0.0,0.0
2919601100,8b249044e8ce6377509b32dc840bfe76,1.0,1202484685,1018367849,1125369443,2018-08-02,delivered,105.0,23.89,128.89,credit_card,1.0,18.0,-11.0,0.0
172366359,48f1b7e26f84f55846f1d003e3e6170c,1.0,3550200177,1450525728,123833255,2018-08-07,delivered,29.99,12.87,42.86,boleto,1.0,6.0,-14.0,0.0
501717089,748501d017db167d2dfb7720aa4dd21b,1.0,4187118152,1993146367,1223474417,2018-08-01,delivered,59.9,19.61,79.51,credit_card,8.0,12.0,-7.0,0.0
1477599074,748501d017db167d2dfb7720aa4dd21b,2.0,4187118152,1993146367,1223474417,2018-08-01,delivered,59.9,19.61,79.51,credit_card,8.0,12.0,-7.0,0.0
2506746942,748501d017db167d2dfb7720aa4dd21b,3.0,4187118152,1993146367,1223474417,2018-08-01,delivered,59.9,19.61,79.51,credit_card,8.0,12.0,-7.0,0.0
79155687,187a17302afec3ad360e610e19e455cc,1.0,2087188385,558865591,2636346249,2018-07-17,delivered,24.99,7.44,32.43,credit_card,3.0,3.0,-6.0,0.0
3071458087,ce18cf057088cf275c41fc9510ed53ad,1.0,2813588738,1802206990,1925879045,2018-08-03,delivered,46.9,16.52,63.42,credit_card,1.0,5.0,-7.0,0.0
1697230018,c7517b3306b2a226bce545f9716dd360,1.0,3029406189,3982777371,2348996115,2018-07-17,delivered,25.0,18.28,43.28,credit_card,2.0,7.0,-14.0,0.0
2256987750,53a9c421cf0e7129393a754a4d15b935,1.0,1389791292,3781916482,925912501,2018-08-19,delivered,19.9,15.24,35.14,credit_card,3.0,9.0,-8.0,0.0
3753941734,bcc7f6ccd348b4d5bf8f4f7f63d4b7ef,1.0,2867609497,448648200,2804246847,2018-08-18,delivered,49.9,16.54,66.44,credit_card,6.0,5.0,-13.0,0.0
2906314668,679783b320e587d8e1c9e0dcb2421539,1.0,2173548147,3607217548,519564207,2018-08-01,delivered,134.99,68.09,203.08,credit_card,2.0,18.0,-16.0,0.0
1083372792,560c623fdd94c3bbcdb7e9f7b130cdf5,1.0,3847673241,2919169913,3942029387,2018-08-21,delivered,119.0,11.85,130.85,credit_card,2.0,2.0,-4.0,0.0
2096517291,c5fd5386640ddd76adc482b72d24a02b,1.0,742498600,3898251050,96764808,2018-08-06,delivered,14.9,7.39,16.5,voucher,1.0,2.0,-5.0,0.0
2378452636,3789bf493d97b36ed2f5a866cc668abb,1.0,1337617531,2128215339,1628249471,2018-08-05,delivered,51.89,7.62,59.51,credit_card,1.0,4.0,-4.0,0.0
3235807417,c1559efbfbb38d83f6280b505bd3e0df,1.0,2019122258,643758985,2982880934,2018-07-11,delivered,27.9,8.36,36.26,credit_card,3.0,2.0,-10.0,0.0
2683065279,dfd71e944918d4442a05232a620087cc,1.0,280663882,865919159,520545560,2018-08-13,delivered,49.9,18.45,68.35,credit_card,2.0,7.0,-8.0,0.0
2746521521,4ea7a0509e9dc440b977de71fe9128cb,1.0,2823972426,411272556,343395573,2018-08-18,delivered,49.99,13.01,63.0,credit_card,1.0,6.0,-5.0,0.0
425543534,159da9914b51de617fe80162939965c5,1.0,573032429,899860769,53223181,2018-07-04,delivered,27.9,12.86,40.76,debit_card,1.0,8.0,-11.0,0.0
3598497776,c6bab3474f095311c68ed0f0285749f6,1.0,3999133042,3036869481,1156181214,2018-08-17,delivered,100.9,19.9,120.8,credit_card,2.0,6.0,-12.0,0.0
995678043,04158f13c5f4533ee32baa89521cf9ba,1.0,351249808,3003297880,1503930686,2018-08-15,delivered,108.9,23.04,131.94,credit_card,3.0,13.0,-9.0,0.0
1475453980,9109f2cca26d92ac4e064bb93da37c74,1.0,263525318,107137145,1504971264,2018-07-22,delivered,183.38,27.58,210.96,boleto,1.0,9.0,-21.0,0.0
3206725574,19253d0cbd6ac2d70e7d7171308b2426,1.0,1979701734,319127325,4071751220,2018-07-12,delivered,129.0,51.62,180.62,debit_card,1.0,12.0,-13.0,0.0
2285088012,19f0b0e6659d4be20f4325ad739ffac6,1.0,1794004015,1212277530,2823580135,2018-07-31,delivered,264.9,33.87,298.77,boleto,1.0,16.0,-6.0,0.0
860284112,06afc1144eb9f51ef2aa90ec9223c7f4,1.0,937352083,253648892,2261194409,2018-08-15,delivered,129.9,23.71,153.61,credit_card,10.0,9.0,-27.0,0.0
844129134,06afc1144eb9f51ef2aa90ec9223c7f4,2.0,937352083,253648892,2261194409,2018-08-15,delivered,129.9,23.71,153.61,credit_card,10.0,9.0,-27.0,0.0
2613262297,e267e6d5b54bdbcd941f9c8bc4eadb82,1.0,981304056,1929653816,357383673,2018-07-12,delivered,179.0,88.76,267.76,debit_card,1.0,22.0,-7.0,0.0
738666665,4154d7944db36e9140645486ce34027f,1.0,3707822785,4133253614,1925879045,2018-07-25,delivered,18.9,13.34,0.0,unknown,0.0,4.0,-11.0,0.0
3380801552,aea5a3457f531f97bc2b4a7cccbc1275,1.0,3793166783,3124714502,2627125470,2018-08-17,delivered,109.99,15.94,125.93,credit_card,2.0,9.0,-10.0,0.0
729145204,ae09ebb82b7283effd23c7a5017498a1,1.0,3140457513,2192868365,1191111959,2018-07-31,delivered,149.9,23.85,173.75,credit_card,8.0,13.0,-8.0,0.0
1624086637,0da2f53b590353e40a328c2d8c3dd010,1.0,1702828747,1143617888,1696683105,2018-08-16,delivered,27.93,15.3,43.23,credit_card,1.0,6.0,-21.0,0.0
2055793207,090353bbd0b20f65c374b389aa15dcf4,1.0,1875199952,2709425629,3446539219,2018-07-24,delivered,97.5,23.48,120.98,boleto,1.0,9.0,-12.0,0.0
457527521,a5a9f45d795fafe0077043697f62fd4f,1.0,1879700080,500939882,2368201577,2018-07-04,delivered,189.9,52.05,241.95,credit_card,6.0,7.0,-21.0,0.0
2198402341,30d5a8ce8a4195b742a8342c739efe91,1.0,1186213041,2953090608,1728046229,2018-07-28,delivered,26.85,18.29,45.14,voucher,1.0,5.0,-11.0,0.0
2540757785,b7d39e237d3fb31726e02fe2b8fe03f5,1.0,206867677,3569719807,3147574442,2018-08-08,delivered,149.0,44.84,193.84,credit_card,10.0,6.0,-6.0,0.0
607701690,50dfd1d8502e5ef282d85dd49cee6db5,1.0,3604246347,2939756584,1692866640,2018-07-20,delivered,79.9,15.86,95.76,debit_card,1.0,14.0,3.0,1.0
2180593762,db19ee032409eb975bc529b906bb8298,1.0,1810363342,3714113067,890939886,2018-07-14,delivered,43.89,18.41,62.3,credit_card,1.0,16.0,-2.0,0.0
3385369789,44be4d9e90301dc9a8eb965d2004f321,1.0,3751742475,164174645,2283216182,2018-07-31,delivered,299.0,15.43,314.43,credit_card,10.0,8.0,-12.0,0.0
2669015275,7b9783133bb4a92b0c131b1b4f7657ea,1.0,4142882796,213385596,368619248,2018-08-09,delivered,1240.0,72.67,1312.67,boleto,1.0,6.0,-9.0,0.0
3478489040,cb2dcd0d679928c3c5d29e5479982901,1.0,1642851068,875570413,1921184264,2018-07-30,delivered,120.0,23.99,143.99,credit_card,10.0,21.0,-7.0,0.0
775244568,357d14cbf3b59ba6e6ddb0b402b3d171,1.0,1767165377,766065481,3761277192,2018-08-15,delivered,44.9,16.5,61.4,credit_card,1.0,8.0,-3.0,0.0
2133467891,432dda62103eec3ce47848ef832768a0,1.0,1616579570,24515188,2636346249,2018-08-17,delivered,29.99,15.31,45.3,boleto,1.0,11.0,-7.0,0.0
1248408534,3fd0d04de88c8b59a53bc56703895c20,1.0,3683901767,1595236483,1241765477,2018-08-16,delivered,199.08,9.55,208.63,credit_card,10.0,4.0,-1.0,0.0
1831834608,5b686ee96f05cb6987dda1919ebf2bdf,1.0,298238816,156267473,1868809992,2018-08-15,delivered,35.0,10.13,45.13,credit_card,9.0,5.0,-2.0,0.0
1684087149,5b686ee96f05cb6987dda1919ebf2bdf,2.0,298238816,2729648443,1868809992,2018-08-15,delivered,35.0,10.13,45.13,credit_card,9.0,5.0,-2.0,0.0
3655105887,98177e77e8e13fdf6cf26a7e98d86f02,1.0,2912403214,3439775381,357383673,2018-08-14,delivered,69.9,26.79,96.69,credit_card,2.0,13.0,-9.0,0.0
2587944176,475222e589bbaeac43093fcf2c855301,1.0,3409496508,1424035925,3826842713,2018-07-30,delivered,100.0,17.63,117.63,boleto,1.0,16.0,-9.0,0.0
3610045176,1a3a7d56968e2833fcbb6d4f6885c1cf,1.0,900070195,2338770647,3094387524,2018-08-14,delivered,69.9,21.13,91.03,credit_card,9.0,3.0,-14.0,0.0
509046323,74322a01b770c2ea38b56ed4c96071df,1.0,2275739911,2927706047,1102910211,2018-07-19,delivered,157.9,24.26,182.16,credit_card,2.0,7.0,-18.0,0.0
153571360,180fb4e6556687774c55bc255a5f7d8a,1.0,3785312084,2324117193,1003179062,2018-08-01,delivered,44.9,18.46,63.36,voucher,1.0,5.0,-14.0,0.0
895257854,ac89e7344d2cb5597d862e338301ef8d,1.0,1575479919,233164323,3488828128,2018-07-16,delivered,41.47,23.44,64.91,credit_card,1.0,9.0,-14.0,0.0
22070541,2e9ac33fbda5666e258ed040a2def5d6,1.0,2653365524,732815879,4086780073,2018-07-17,delivered,39.9,12.94,52.84,credit_card,1.0,7.0,-9.0,0.0
1087574356,07629443859f99dfac4443b102f31ead,1.0,2612241603,2859909699,2278470003,2018-08-20,delivered,759.9,32.27,792.17,credit_card,2.0,6.0,-15.0,0.0
2099495326,a1b442b97cb70e7207abe3f32a01e3d0,1.0,2796781467,466341647,1147146951,2018-08-01,delivered,26.68,8.35,35.03,credit_card,1.0,2.0,-3.0,0.0
609096149,4bd17c85bd06ed500f1619f6692ea8af,1.0,3474728069,1372559417,1579174796,2018-07-20,delivered,38.0,13.85,51.85,credit_card,5.0,11.0,-3.0,0.0
1418593998,669680ec0096baf96bb966401209e3f3,1.0,2529547488,3569719807,3147574442,2018-07-26,delivered,149.0,44.84,193.84,credit_card,3.0,6.0,-15.0,0.0
3624966497,4db13e29abf6d3e8e492111088e60d9b,1.0,2186296035,1880950498,2023461531,2018-07-25,delivered,24.99,7.44,32.43,boleto,1.0,2.0,-5.0,0.0
728895210,c2320c404179d2b8805c42b8b8de9668,1.0,3070898902,3974980734,3626123686,2018-07-04,delivered,25.9,12.81,30.523945535148837,credit_card,5.0,6.0,-21.0,0.0
4270612479,c2320c404179d2b8805c42b8b8de9668,2.0,3070898902,2437131551,2297992664,2018-07-04,delivered,289.9,43.57,341.6560544648512,credit_card,5.0,6.0,-21.0,0.0
2393453500,62310e6941dd333f0a8bfde5ec77d8c6,1.0,1836549308,2418032228,1970316074,2018-07-07,delivered,59.9,18.52,78.42,credit_card,3.0,10.0,-14.0,0.0
1472287303,62310e6941dd333f0a8bfde5ec77d8c6,2.0,1836549308,2418032228,1970316074,2018-07-07,delivered,59.9,18.52,78.42,credit_card,3.0,10.0,-14.0,0.0
2365321301,27572d0c11af71f78423d11722b2503b,1.0,111304386,3025566640,603112042,2018-07-10,delivered,179.89,13.92,193.81,credit_card,4.0,5.0,-10.0,0.0
3045910677,2c1ac2ae4cb9b2b35618143ca66d8f74,1.0,2124750200,3263319202,3473894114,2018-08-12,delivered,34.9,19.43,54.33,credit_card,2.0,4.0,-11.0,0.0
1198190021,9fa2ad63a061c20fb72179b9d79bafd3,1.0,1781010462,2464313182,2622933298,2018-08-25,delivered,18.9,7.39,26.29,credit_card,1.0,4.0,-1.0,0.0
3201667379,8053ea64c064df7d22ccf2099906d406,1.0,3202791663,4283388325,1107359178,2018-08-07,delivered,99.9,9.45,109.35,boleto,1.0,7.0,-2.0,0.0
3460602140,066a60f7b0700a942ba22b627ebff13b,1.0,3758830733,3038694483,4109304321,2018-07-17,delivered,119.0,18.93,0.0,unknown,0.0,13.0,-8.0,0.0
921854411,e1bee8e7f813a2a119a1296c6fafdad7,1.0,1435831879,3686794138,3466035030,2018-07-24,delivered,132.91,27.88,160.79,credit_card,1.0,6.0,-29.0,0.0
2819189365,88cc318193d85451e28059b4b52b7477,1.0,1679182345,2466355469,523493826,2018-08-13,delivered,66.99,27.75,94.74,boleto,1.0,6.0,-22.0,0.0
2155726951,b0ddd4ac01604bb4ae094a307a06ccc9,1.0,1837880491,178455243,4229910683,2018-07-04,delivered,189.0,14.9,203.9,credit_card,3.0,6.0,-13.0,0.0
2982394215,4f1a1c6f6fbca0d084e77e3f74b37cf6,1.0,4075973419,2254554039,4194263931,2018-07-31,delivered,128.99,25.26,158.91271486479553,boleto,1.0,17.0,-26.0,0.0
2675126283,4f1a1c6f6fbca0d084e77e3f74b37cf6,2.0,4075973419,3924580625,4194263931,2018-07-31,delivered,65.9,19.95,81.18728513520448,boleto,1.0,17.0,-26.0,0.0
1716368891,09249f4625a56408772a45322aadd544,1.0,1577195486,1640180423,4120033478,2018-08-07,delivered,119.9,18.94,138.84,credit_card,8.0,9.0,-7.0,0.0
2397669120,d9ed186abc625ccae42014887b7af04d,1.0,737010526,2116048782,4055463965,2018-07-31,delivered,22.32,18.26,40.58,credit_card,1.0,16.0,-4.0,0.0
977082110,168823ad1b77477540db78ab357f18b5,1.0,2840079783,1286051399,3109319898,2018-07-17,canceled,489.0,21.52,510.52,credit_card,8.0,,,
3354179138,54e21f5480d90336080ff89ec1ba503e,1.0,1980440309,27624692,2068067571,2018-08-03,delivered,49.0,18.14,67.14,boleto,1.0,6.0,-5.0,0.0
69506836,15ea2ff54aafb487d482a527b120464b,1.0,484533526,3262903410,1694950908,2018-07-12,delivered,169.9,20.1,0.0,unknown,0.0,12.0,-13.0,0.0
2788792974,a99d889887e1de4ac286fc3847455a97,1.0,3725353928,1125432981,1288993488,2018-07-04,delivered,99.99,16.89,116.88,credit_card,1.0,2.0,-21.0,0.0
3806677453,7c3797b7f047e4358a5b2f9b9cf2e927,1.0,1524523168,3297989197,1970316074,2018-07-25,delivered,68.5,8.64,77.14,credit_card,1.0,2.0,-13.0,0.0
2096655035,0e8f35f2fcf52b21069856048a64a929,1.0,3892237755,3216674726,3446539219,2018-07-03,delivered,97.5,23.48,120.98,credit_card,4.0,6.0,-22.0,0.0
125027850,654c5ae02ab59fb154d128fc5d5418e4,1.0,1326528974,2395716183,687121961,2018-07-10,delivered,86.99,9.36,96.35,boleto,1.0,3.0,-5.0,0.0
1542334844,88bf34949a5bb708a123dd12e80ed24d,1.0,1282675924,2036904734,989903952,2018-07-03,delivered,19.9,18.24,38.14,credit_card,3.0,2.0,-21.0,0.0
338060009,62f6e27aa9ff86022436c5bdfabc33e6,1.0,1694277504,3439775381,357383673,2018-07-20,delivered,69.9,26.79,96.69,boleto,1.0,9.0,-18.0,0.0
4092384117,09ced678dfa43843d2f38c410def94aa,1.0,2677440638,4070335493,442956100,2018-08-05,delivered,79.9,18.66,98.56,credit_card,4.0,3.0,-13.0,0.0
3218320922,d3e50ea4c86a1cfb30aa36e3e388d021,1.0,1304066106,1318074731,1367109462,2018-07-04,delivered,179.0,86.46,265.46,credit_card,8.0,8.0,-34.0,0.0
3129089161,229d0231b531443ecfe2a09572108c7b,1.0,4081475509,3677795901,4254278802,2018-08-01,delivered,99.0,15.79,114.79,credit_card,3.0,5.0,-8.0,0.0
2418326053,dbb7c264b7caf9353bda0d1eafc4322c,1.0,2660958536,2279519637,2580370799,2018-07-12,delivered,799.9,44.92,844.82,credit_card,10.0,21.0,-14.0,0.0
1709196186,2e6e6de992c5567f41aa94497d505e77,1.0,1804036501,2928164159,9861004,2018-08-06,delivered,49.91,20.99,70.9,credit_card,2.0,7.0,-4.0,0.0
3441498320,2e6e6de992c5567f41aa94497d505e77,2.0,1804036501,2928164159,9861004,2018-08-06,delivered,49.91,20.99,70.9,credit_card,2.0,7.0,-4.0,0.0
700970344,d8e084f74fa06f591e326975ca18a905,1.0,3779041456,3674741738,2580370799,2018-07-22,delivered,184.9,16.39,201.29,boleto,1.0,8.0,-23.0,0.0
1976566620,8abad7f94ac09beb87ae2286a4964e7e,1.0,2041501232,1678908780,4127299331,2018-08-07,delivered,320.45,20.01,0.0,unknown,0.0,2.0,-6.0,0.0
2011125555,18e82a9a005e7ca6f3811d4a46e1567d,1.0,3138221699,3074567367,2554243760,2018-07-07,delivered,107.9,15.86,123.76,credit_card,2.0,13.0,-5.0,0.0
1977268992,3ad6c429e788f917fc200d21941bcb36,1.0,3602860345,1031247244,2636346249,2018-07-21,delivered,21.99,7.41,29.4,credit_card,1.0,5.0,-6.0,0.0
2022676932,957ba0861ba82e4446aa2f105b7f794b,1.0,479299049,604374538,2629314654,2018-08-16,delivered,16.0,12.79,28.79,credit_card,1.0,7.0,-7.0,0.0
4213875715,29b179123b9eda65690278842d2c364b,1.0,1498828327,2041549578,935749508,2018-08-11,delivered,48.99,19.53,68.52,credit_card,3.0,6.0,-12.0,0.0
1067533263,4119f9ae0b1ceaaa966616d6a3ba616b,1.0,1953753910,718071674,1734769477,2018-07-30,delivered,29.9,7.47,0.0,unknown,0.0,2.0,-1.0,0.0
110459846,730e2dc2bec23dbf9b0594dc01b26ec3,1.0,2538607488,3988382757,1626002265,2018-08-12,delivered,50.0,19.63,0.0,unknown,0.0,9.0,2.0,1.0
2178277279,73925631ba33c322f310fa0a01283e76,1.0,852220787,3374592214,3251562665,2018-08-09,delivered,69.9,9.24,79.14,credit_card,6.0,5.0,-1.0,0.0
11611216,9e8039eae702d759bca1fe0fcd1209b0,1.0,3341795608,1450579055,989903952,2018-08-08,delivered,57.99,23.56,81.55,credit_card,5.0,7.0,-7.0,0.0
642955481,9e8039eae702d759bca1fe0fcd1209b0,2.0,3341795608,695910609,989903952,2018-08-08,delivered,57.99,23.56,81.55,credit_card,5.0,7.0,-7.0,0.0
1987961502,37a5c08042eaea80dc32392059927a0b,1.0,1605748138,4172520477,196831707,2018-07-04,delivered,348.0,17.74,365.74,credit_card,6.0,7.0,-11.0,0.0
524361009,8dcdf2ba21745811aaad2fd3ebfc0360,1.0,2739407367,3407384685,3768979254,2018-07-04,delivered,76.0,24.88,100.88,debit_card,1.0,26.0,-17.0,0.0
655797901,cf76d482b013f8af6dc046a3001c1c4f,1.0,2430437664,3864901978,876033421,2018-07-04,delivered,580.0,47.86,627.86,credit_card,6.0,8.0,-25.0,0.0
1083113710,90d730c8aa5c3196dbffefecf4f5202d,1.0,127984441,2967536977,1755005248,2018-07-19,delivered,269.9,39.26,309.16,credit_card,5.0,7.0,-14.0,0.0
941350255,bc9a4a9c385277a723b04b122fe58e0c,1.0,3239942672,256393913,3147574442,2018-07-14,delivered,149.0,51.33,200.33,boleto,1.0,8.0,-28.0,0.0
39224416,d3310038bbf991ce02501a51022f5283,1.0,2506301562,3446786204,2241091444,2018-07-30,delivered,159.9,31.99,191.89,credit_card,4.0,28.0,5.0,1.0
3121329854,013a98b3a668bcef05b98898177f6923,1.0,1641817343,910941035,596468350,2018-08-11,delivered,63.0,23.35,82.35592105263157,credit_card,3.0,5.0,-31.0,0.0
1062348497,013a98b3a668bcef05b98898177f6923,2.0,1641817343,823572531,3051201525,2018-08-11,delivered,89.0,23.35,116.34407894736842,credit_card,3.0,5.0,-31.0,0.0
3686713497,0d24d62857c1f2d00801a3512dce5d1f,1.0,1052704586,1245653087,819761952,2018-07-19,delivered,43.0,18.4,61.4,boleto,1.0,7.0,-15.0,0.0
1636663369,0d24d62857c1f2d00801a3512dce5d1f,2.0,1052704586,1245653087,819761952,2018-07-19,delivered,43.0,18.4,61.4,boleto,1.0,7.0,-15.0,0.0
1349917084,d70442bc5e3cb7438da497cc6a210f80,1.0,3734675475,65985752,179864683,2018-08-29,delivered,6.9,7.39,14.29,credit_card,1.0,1.0,-5.0,0.0
428397698,83351d37493926bef518c18c8ece3a9f,1.0,207690126,1425614791,3485175421,2018-07-22,delivered,77.9,14.86,92.76,credit_card,3.0,10.0,-5.0,0.0
1856160101,c14191a30c0d8aae8951561cd85a7485,1.0,4134526515,2857571781,1379301944,2018-08-19,delivered,39.16,12.0,51.16,credit_card,1.0,3.0,-7.0,0.0
832119474,1147614ede9ce51acd3fc449b86114e3,1.0,2358622916,1041603983,520545560,2018-07-23,delivered,49.9,13.01,62.91,credit_card,3.0,4.0,-12.0,0.0
2911939040,2812dbf450ac5dd26b952cfc6db60529,1.0,4025642190,969169982,1661230352,2018-08-27,delivered,95.4,11.69,107.09,credit_card,1.0,1.0,-7.0,0.0
3136750732,e21bb5b2af087339bd3614d77a0053a1,1.0,1280550054,1720060514,9861004,2018-07-20,delivered,49.9,41.33,91.23,credit_card,3.0,5.0,-13.0,0.0
1721733532,7af07887f8840085ae4b65cb52f4af29,1.0,1242744891,3286506355,737969628,2018-07-08,delivered,114.9,23.6,138.5,credit_card,1.0,15.0,-4.0,0.0
874507091,0b8a99d7c60d2f4d09e094e974261cb2,1.0,2412911869,650566202,1763790356,2018-07-16,delivered,219.0,20.44,239.44,boleto,1.0,8.0,-15.0,0.0
772357857,ab4b37a7cd1397e63f4b25586d5bfe9f,1.0,1884817627,99347478,926823165,2018-08-06,delivered,42.9,15.4,58.30000000000001,boleto,1.0,8.0,-1.0,0.0
1545455484,ab4b37a7cd1397e63f4b25586d5bfe9f,2.0,1884817627,99347478,926823165,2018-08-06,delivered,42.9,15.4,58.30000000000001,boleto,1.0,8.0,-1.0,0.0
1342933818,ab4b37a7cd1397e63f4b25586d5bfe9f,3.0,1884817627,99347478,926823165,2018-08-06,delivered,42.9,15.4,58.30000000000001,boleto,1.0,8.0,-1.0,0.0
2154232225,0b5588f04551d90ee148462bb65dfddf,1.0,2051924282,126915598,3115096273,2018-07-18,delivered,118.99,27.13,146.12,debit_card,1.0,16.0,-6.0,0.0
775151558,008819c6d5f6da6fa5cd9d50ca927cf4,1.0,681953402,3561404005,2304947736,2018-08-04,delivered,55.0,7.65,62.65,credit_card,2.0,2.0,-2.0,0.0
2581830119,b10b1c5fd2464a235e121d6ff79280d1,1.0,3848862918,4179211137,1840216515,2018-08-21,delivered,59.9,19.61,79.51,credit_card,1.0,6.0,-14.0,0.0
12619311,c8519a6f2d214cfedb5803e64f8dab15,1.0,3181170507,2806061581,3626123686,2018-08-08,delivered,199.0,45.38,244.38,boleto,1.0,7.0,-13.0,0.0
1143981521,a2a0ebaf8a4f82631541cb03b5363bf8,1.0,992945082,1442997040,2220783281,2018-08-14,delivered,33.9,19.15,0.0,unknown,0.0,6.0,-7.0,0.0
1373399607,27b3b422cdb2f9f358214ae1b74c1365,1.0,2726096976,824681627,3060444961,2018-07-23,delivered,80.0,72.91,152.91,credit_card,4.0,7.0,-21.0,0.0
4020506378,c5012f56f488e3d08eb8140afb31342c,1.0,4057084313,2279606371,305748041,2018-08-19,delivered,32.9,7.45,40.35,credit_card,1.0,2.0,-9.0,0.0
4137049656,b89d9a223208fad0bb7f6e161b4d43c9,1.0,26001543,3240660319,1480205621,2018-08-13,delivered,259.0,16.91,275.91,credit_card,8.0,4.0,-13.0,0.0
1212157998,dab23a46abb860b6b4816df41eacd610,1.0,2856947742,1125615149,596468350,2018-08-08,delivered,69.0,14.79,83.79,credit_card,2.0,3.0,-6.0,0.0
1562950428,6b06756efe3332c1b68920df3c2d5864,1.0,2000943804,1824386438,1272614857,2018-07-26,delivered,85.0,23.75,108.75,credit_card,4.0,5.0,-24.0,0.0
252877625,45ea696753b4d93fb0cffe87c816a064,1.0,243673097,1201296941,3539593625,2018-08-12,delivered,38.0,121.95,159.95,credit_card,3.0,7.0,-29.0,0.0
3976818939,4e9cb71601575577f2208d3aedf933cc,1.0,3499987898,1324522096,3658160762,2018-07-10,delivered,69.0,18.63,87.63,credit_card,1.0,16.0,-22.0,0.0
87703541,8f858c47e49820f3f6c7a8bf4d68d490,1.0,3297360341,4208494697,1813314038,2018-07-16,delivered,17.9,18.23,36.13,credit_card,1.0,6.0,-14.0,0.0
1747307769,8a16ff3cd34e92ae56b0bdcb66dc56e3,1.0,3405500573,35633342,1699480228,2018-07-18,delivered,39.99,8.44,48.43,credit_card,1.0,2.0,-7.0,0.0
179183712,943f6c7b262e40ec0526ff87156fb401,1.0,2028978466,269505001,2395580491,2018-08-04,delivered,195.0,68.51,263.51,credit_card,3.0,15.0,-7.0,0.0
729579631,8b45f2717caaaa9636af55943f235b33,1.0,3422414354,3941303803,261066546,2018-08-09,delivered,78.5,23.27,101.77,boleto,1.0,15.0,-4.0,0.0
4231815324,64b30be5c86952908e3b2ab4de5c7770,1.0,1906614239,1269174976,3485175421,2018-07-18,delivered,52.9,23.17,76.07,credit_card,1.0,5.0,-10.0,0.0
627148961,a4f3a3f57f483a605280e1e66a6bb18b,1.0,2314025619,3516432901,3746284701,2018-07-10,delivered,349.99,28.75,378.74,credit_card,6.0,8.0,-9.0,0.0
24412478,a4696d525de3823f56b75195dce92da5,1.0,3853126056,2661257267,1728046229,2018-08-05,delivered,49.5,9.1,58.6,credit_card,2.0,3.0,-5.0,0.0
3268005910,9f9337d4e1debd68a43a89ee594a732c,1.0,2260539562,511571128,819761952,2018-08-23,delivered,14.49,18.23,32.72,credit_card,1.0,6.0,-12.0,0.0
261080348,c05a5defefe139269bfc13a22fbe8543,1.0,3404668876,3038694483,4109304321,2018-07-05,delivered,119.0,14.17,133.17,credit_card,6.0,5.0,-16.0,0.0
2334414427,8a9424899aac432d80d8e580932b5ee9,1.0,3061594384,4017062660,2304947736,2018-07-11,delivered,55.0,37.3,92.3,voucher,1.0,12.0,-13.0,0.0
1929781229,9d0815da498bdbe17d13752e2d3c991f,1.0,512083265,887656753,3761277192,2018-08-22,delivered,46.9,18.43,65.33,credit_card,2.0,6.0,-6.0,0.0
4284021263,5ddee063fdf0f2a5c828b499fb857e85,1.0,3033434019,2567466118,1027933367,2018-08-16,delivered,50.0,7.61,65.1,credit_card,6.0,1.0,-7.0,0.0
2592056826,9b8aaa74d468897a211fb359950937e5,1.0,3864877193,1425614791,3485175421,2018-07-26,delivered,77.9,22.7,94.7146845274948,credit_card,2.0,7.0,-14.0,0.0
27654456,9b8aaa74d468897a211fb359950937e5,2.0,3864877193,1668855605,3147574442,2018-07-26,delivered,99.77,15.65,121.3053154725052,credit_card,2.0,7.0,-14.0,0.0
3224895626,1776f9cc0f976e7aa0e8372a5325c41a,1.0,1374734853,1818579682,596468350,2018-08-28,delivered,69.0,13.14,82.14,credit_card,8.0,1.0,-8.0,0.0
1088566428,788d6da30a84d084503d9e25fa8cee57,1.0,2581172154,1882063189,1868809992,2018-08-23,delivered,79.9,15.86,95.76,boleto,1.0,6.0,-5.0,0.0
2444569066,b5b17e32ff5821a918338446a51c6ce7,1.0,1234159238,472140706,2634923070,2018-08-16,delivered,39.9,12.94,52.84,credit_card,1.0,6.0,-7.0,0.0
6062153,325cfd48a71240cb16c9f50468478c92,1.0,1836972356,143143637,3106288757,2018-07-02,delivered,129.9,9.07,138.97,credit_card,2.0,10.0,-4.0,0.0
543518927,3e59aa9edece49294543e724d5a16f5f,1.0,2518752006,3003297880,1503930686,2018-08-14,delivered,108.9,23.56,132.46,credit_card,4.0,7.0,-7.0,0.0
897817017,19f52cca1f9f963eb3275ad1a2033c0d,1.0,3973505089,3385971451,2636346249,2018-08-06,delivered,27.99,7.46,35.45,credit_card,1.0,3.0,0.0,0.0
3940537007,cea7721ef82b51a0f124b20170c1e167,1.0,2835505167,3027561015,766667350,2018-07-27,delivered,98.0,18.79,116.79,credit_card,8.0,7.0,-17.0,0.0
1050845200,b987bb067d534c991de69cf0c67e9188,1.0,1048916900,1185026664,1771451786,2018-07-18,delivered,95.0,14.98,109.98,boleto,1.0,10.0,-4.0,0.0
3629873599,b7c03d21bfaf98c81b21dd94e82d0391,1.0,900258608,2497988473,1456524041,2018-07-30,delivered,139.0,17.16,156.16,credit_card,3.0,7.0,-2.0,0.0
3814144077,bdf6784b56b3ef6aee2c4a042e095f62,1.0,1793966738,1795904393,4038371640,2018-07-18,delivered,127.0,23.69,150.69,credit_card,9.0,5.0,-13.0,0.0
6148115,bdf6784b56b3ef6aee2c4a042e095f62,2.0,1793966738,1795904393,4038371640,2018-07-18,delivered,127.0,23.69,150.69,credit_card,9.0,5.0,-13.0,0.0
4252411165,94da085d2799047c766f7df765931c49,1.0,122861800,779024054,2870196462,2018-08-10,delivered,19.9,15.24,35.14,boleto,1.0,6.0,-13.0,0.0
4143062953,bcdad86f44c780bf1aaf24b66dd97753,1.0,1190760788,4183533867,818072497,2018-08-05,canceled,123.51,18.97,142.48,credit_card,8.0,,,
1226197333,a5f8c36187658cd37c05515c06cdd941,1.0,1142709122,1696919580,2636346249,2018-08-02,delivered,29.99,7.47,37.46,credit_card,2.0,7.0,3.0,1.0
3208590816,2f5112688e80d5d79344cac900d6bd0b,1.0,1379583730,3719977063,1025352284,2018-07-19,delivered,29.99,18.31,48.3,credit_card,4.0,8.0,-26.0,0.0
121472235,01c156f67900e1f33d1234ce92cb18d9,1.0,4118797566,1458105883,4109428959,2018-08-03,delivered,13.47,18.23,31.7,credit_card,3.0,13.0,-26.0,0.0
3633231562,9c64b3536fb98572dd79bdaaab529f2f,1.0,3133674745,3913334083,935749508,2018-08-09,delivered,29.99,19.82,41.03777364663891,credit_card,3.0,12.0,-1.0,0.0
3531334876,9c64b3536fb98572dd79bdaaab529f2f,2.0,3133674745,3569719807,3147574442,2018-08-09,delivered,149.0,19.8,203.8889054134444,credit_card,3.0,12.0,-1.0,0.0
2876060912,9c64b3536fb98572dd79bdaaab529f2f,3.0,3133674745,178933641,935749508,2018-08-09,delivered,29.99,19.82,41.03777364663891,credit_card,3.0,12.0,-1.0,0.0
1621012567,9c64b3536fb98572dd79bdaaab529f2f,4.0,3133674745,416134407,935749508,2018-08-09,delivered,29.99,19.82,41.03777364663891,credit_card,3.0,12.0,-1.0,0.0
4193317501,9c64b3536fb98572dd79bdaaab529f2f,5.0,3133674745,2728007598,935749508,2018-08-09,delivered,29.99,19.82,41.03777364663891,credit_card,3.0,12.0,-1.0,0.0
2738578884,8af6d93e9fcfcf7b686b0cf6d0d84239,1.0,2605548697,4058964725,2681412629,2018-07-21,delivered,44.99,12.44,52.18044219835755,voucher,1.0,2.0,-9.0,0.0
2352620212,8af6d93e9fcfcf7b686b0cf6d0d84239,2.0,2605548697,3452738577,2681412629,2018-07-21,delivered,49.99,2.74,57.97955780164245,voucher,1.0,2.0,-9.0,0.0
2633211948,1fed99a98b731643b3b81a56f08b4bfa,1.0,13828842,2397286120,753329531,2018-07-08,delivered,149.9,53.4,203.3,boleto,1.0,16.0,-9.0,0.0
3312352591,9bb1e0c9520585d21de5e8246f1663da,1.0,2118705321,3272876107,2131055484,2018-07-27,delivered,39.99,12.94,52.93,credit_card,1.0,6.0,-11.0,0.0
4156232938,4155cce59e4c6284e17f9143818b2906,1.0,4290483727,2066696394,212815993,2018-08-15,delivered,105.99,18.84,124.83,credit_card,1.0,12.0,-6.0,0.0
1306492011,3276afbd4fd6d9c1909717750fd3135e,1.0,2739582510,2742648467,768290608,2018-07-02,delivered,69.9,23.29,93.19,credit_card,4.0,6.0,-29.0,0.0
2585278988,935c598f148a1706f87758194986b467,1.0,886006493,2466355469,523493826,2018-08-09,delivered,66.99,27.75,94.74,credit_card,2.0,11.0,-10.0,0.0
2346322854,dd85a2e16f897db080450d64a4a67628,1.0,371368117,2160789852,528827331,2018-08-01,delivered,101.0,16.9,117.9,credit_card,1.0,7.0,-19.0,0.0
2361153428,8b6746478f6b44e7b76097d1c2f4dbe6,1.0,2311125260,335872551,1868809992,2018-07-30,delivered,20.89,11.17,32.06,credit_card,2.0,2.0,-6.0,0.0
1253778585,8b6746478f6b44e7b76097d1c2f4dbe6,2.0,2311125260,335872551,1868809992,2018-07-30,delivered,20.89,11.17,32.06,credit_card,2.0,2.0,-6.0,0.0
1063827599,8b6746478f6b44e7b76097d1c2f4dbe6,3.0,2311125260,335872551,1868809992,2018-07-30,delivered,20.89,11.17,32.06,credit_card,2.0,2.0,-6.0,0.0
2437226760,8b6746478f6b44e7b76097d1c2f4dbe6,4.0,2311125260,335872551,1868809992,2018-07-30,delivered,20.89,11.17,32.06,credit_card,2.0,2.0,-6.0,0.0
1970109309,c34abe4602727e23f7a3c265646d35ea,1.0,651370855,3701178467,2131055484,2018-07-30,delivered,28.99,7.46,36.45,credit_card,1.0,2.0,-2.0,0.0
3214893123,db17cc060cb420c7dbea80f797f010ae,1.0,2072142087,2581316038,357383673,2018-07-01,delivered,69.9,18.79,88.69,boleto,1.0,9.0,-14.0,0.0
275030035,8661d034c37aca81ad2a118217c354bb,1.0,460436562,700036493,1868809992,2018-07-30,delivered,125.0,11.9,136.9,credit_card,10.0,2.0,-12.0,0.0
3586049442,d3b7594cc1a07125979df784dbec5c5e,1.0,284501203,1036025273,2636346249,2018-07-30,delivered,39.9,7.54,47.44,credit_card,1.0,16.0,12.0,1.0
1275947246,2be8f3f9bfd6f4349d7c95dfaa619b21,1.0,3081978379,1414012464,447945570,2018-07-22,delivered,39.9,11.3,51.2,voucher,1.0,3.0,-8.0,0.0
1262866670,6bdd13c1e2758ecdfa89cf84fef532bd,1.0,634556251,79038889,605810449,2018-07-30,delivered,47.99,23.14,71.13,credit_card,3.0,9.0,2.0,1.0
855354846,d1c8a4c31e8c7baecf7db50c988e5527,1.0,3247963159,1551261746,2997337676,2018-07-23,delivered,529.9,54.43,0.0,unknown,0.0,25.0,0.0,0.0
3179627115,9d8ad56c218b4b9bd6ece578c91c2321,1.0,827740231,3456752822,884199128,2018-07-20,delivered,22.0,7.41,29.41,credit_card,1.0,5.0,-7.0,0.0
3235660679,4fc44d78867142c627497b60a7e0228a,1.0,1276927762,1376055431,497313293,2018-07-04,delivered,51.67,13.57,65.24,credit_card,2.0,4.0,-14.0,0.0
1576473794,c63f87e803b2bb102390ae4a77ece207,1.0,766469676,1079848377,2304947736,2018-07-13,delivered,55.0,22.32,77.32,credit_card,6.0,12.0,-12.0,0.0
3573265614,559e95307dd31619f52fde406925e840,1.0,3620267939,132054454,1117484406,2018-07-30,delivered,136.76,15.27,152.03,credit_card,3.0,4.0,-10.0,0.0
1559742718,2d691a21ecbf955fc28064fbf5073db7,1.0,2535879850,4170684393,1480205621,2018-07-08,delivered,199.99,8.98,208.97,boleto,1.0,3.0,-7.0,0.0
1863825822,be13978ecac5e754184c77063ea75e2f,1.0,3166399647,2804170143,1579174796,2018-08-20,delivered,28.99,12.86,0.0,unknown,0.0,9.0,0.0,0.0
729716365,be13978ecac5e754184c77063ea75e2f,2.0,3166399647,2804170143,1579174796,2018-08-20,delivered,28.99,12.86,0.0,unknown,0.0,9.0,0.0,0.0
4095963264,ddc3af0538e1279d548f8e4f6cbcc9de,1.0,2197588368,3913334083,935749508,2018-08-10,delivered,29.99,19.03,49.023333333333326,boleto,1.0,10.0,-2.0,0.0
3913046275,ddc3af0538e1279d548f8e4f6cbcc9de,2.0,2197588368,178933641,935749508,2018-08-10,delivered,29.99,19.03,49.023333333333326,boleto,1.0,10.0,-2.0,0.0
2561517437,ddc3af0538e1279d548f8e4f6cbcc9de,3.0,2197588368,416134407,935749508,2018-08-10,delivered,29.99,19.04,49.023333333333326,boleto,1.0,10.0,-2.0,0.0
3972323617,b8739e2347eff7c8473c5b9568fbb221,1.0,154474307,2703664508,9861004,2018-07-02,delivered,49.9,20.99,70.89,boleto,1.0,9.0,-9.0,0.0
4134699459,7c3028f340bf35d728e7c42b911f30b9,1.0,3401238226,887825307,2173695781,2018-08-17,delivered,139.0,67.5,206.5,credit_card,2.0,11.0,-2.0,0.0
1620080174,4076407d388d4127cf7edc12c2782ed8,1.0,3882551518,3068421856,1579174796,2018-08-03,delivered,38.99,19.46,58.45,credit_card,5.0,7.0,-3.0,0.0
2877237429,d269e3209c8a86e588a93e573cb97002,1.0,2801351032,4212653017,726665638,2018-07-21,delivered,219.98,84.61,304.59,boleto,1.0,19.0,-14.0,0.0
3257321725,7c9b63669cf62dd8d1ed4d40d5bf953a,1.0,751901666,1702659202,219747355,2018-07-01,delivered,182.72,13.94,196.66,credit_card,8.0,10.0,-13.0,0.0
1337865253,2cbfb1f20f907bcb72718d2aee607df0,1.0,6452847,1656064638,3769312780,2018-07-23,delivered,69.0,22.41,91.41,boleto,1.0,14.0,-10.0,0.0
493413289,10f69c462a2c700cf1b141b9874af717,1.0,1914044662,3223604384,35460556,2018-07-18,delivered,12.99,7.39,20.38,credit_card,1.0,5.0,-8.0,0.0
3150893319,88d55d6258872b31bf45ce51a6675c2b,1.0,414909455,2119492426,1480205621,2018-07-03,delivered,149.8,19.15,168.95,credit_card,8.0,6.0,-16.0,0.0
2731568675,80b5b891e5c825112137c3ee080e5db6,1.0,3725299905,1159501270,1868809992,2018-07-25,delivered,150.0,16.35,166.35,credit_card,8.0,10.0,-3.0,0.0
3174942945,22014e568766c4f4d4faf4f8ee12c606,1.0,254644122,911707062,3037741975,2018-07-04,delivered,25.0,20.45,45.45,boleto,1.0,9.0,-17.0,0.0
465776773,c36fb6428310de9e2e53d78caee5baf1,1.0,269000103,1848598166,3626123686,2018-08-15,delivered,39.0,18.37,57.37,credit_card,1.0,6.0,-7.0,0.0
3336633186,405b7a0bffb459dbc7646665024a2665,1.0,3739460211,3987684668,123833255,2018-08-03,delivered,180.0,43.54,223.54,credit_card,4.0,12.0,-21.0,0.0
1439207362,c1744d99c590086c1965ea4e382e850f,1.0,826779849,1993691319,20530047,2018-08-11,delivered,168.75,40.37,209.12,boleto,1.0,10.0,-2.0,0.0
4004688918,24299ef78eb1c1ba5e7288e3b1a90c85,1.0,936610484,2765592877,935749508,2018-08-11,delivered,56.99,19.59,76.58,credit_card,4.0,6.0,-7.0,0.0
545648376,24299ef78eb1c1ba5e7288e3b1a90c85,2.0,936610484,2765592877,935749508,2018-08-11,delivered,56.99,19.59,76.58,credit_card,4.0,6.0,-7.0,0.0
4175570382,656a18a8006d264fcc120edf67a4e98c,1.0,2621135782,4114507059,1994919736,2018-08-22,delivered,95.0,7.93,102.93,boleto,1.0,5.0,-9.0,0.0
1831160655,5ab34a3449b54e0fff6d7ba20781a655,1.0,2352816502,424064778,3682530210,2018-08-03,delivered,89.9,23.43,113.33,credit_card,1.0,10.0,-1.0,0.0
822311843,56474ed1d027aa1916357d337c62ec41,1.0,3552475492,3959743047,687121961,2018-07-26,delivered,79.99,19.75,99.74,credit_card,1.0,7.0,-18.0,0.0
3039821116,61527d1d8e32b98b5c185fd4f23a7876,1.0,1443997289,1573001490,84469676,2018-07-03,delivered,169.9,19.49,189.39,credit_card,5.0,2.0,-20.0,0.0
1158787832,6f791d3c2f75ec3ec0e97decd281b0f3,1.0,1938527398,4152142596,1480205621,2018-07-21,delivered,549.0,21.94,570.94,credit_card,8.0,7.0,-11.0,0.0
67041098,b0e27a07c49f580ee1a2c6418cd7a5cf,1.0,3801114512,3136082034,169704434,2018-07-01,delivered,59.0,23.35,82.35,credit_card,2.0,12.0,-13.0,0.0
1452909052,85c6b7c4a9bd682b29898b2ebbcf2e4d,1.0,344383756,467419541,1585314166,2018-07-16,delivered,49.9,23.07,72.97,credit_card,1.0,15.0,-6.0,0.0
3690850314,2d7fab68acf33daf2ba5fc66a9435377,1.0,2426031243,1192182541,3659481684,2018-08-10,delivered,62.89,22.37,85.26,boleto,1.0,18.0,-3.0,0.0
3851889286,1e0f40bbfe787796d0c56e3795dc94d8,1.0,4124708771,1997121583,2304947736,2018-08-06,invoiced,58.0,7.67,65.67,credit_card,3.0,,,
3286605516,adb8036d8a5a923d533101a9a7397523,1.0,2053564672,1864800105,447945570,2018-08-15,delivered,27.0,7.45,34.45,boleto,1.0,12.0,7.0,1.0
2689961237,38af22d4eecd88f7cbeab4a7a8fde9ca,1.0,2498410696,1588582539,1379301944,2018-07-17,delivered,35.2,27.33,62.53,credit_card,1.0,7.0,-9.0,0.0
1638839768,8d6a24500da2c0b69d6e7fa5c28e9c09,1.0,2642507156,125794419,2999834745,2018-08-18,delivered,152.0,23.86,175.86,credit_card,1.0,5.0,-14.0,0.0
2625731789,2591f6277be80b0c25627c745ec900c4,1.0,1517963279,3258959526,1579174796,2018-08-04,delivered,56.99,23.2,80.19,credit_card,1.0,29.0,20.0,1.0
4195948706,2f98fa03385c6020590b479aa12b8073,1.0,3283355161,2620084656,2622583364,2018-08-19,delivered,169.0,19.28,188.28,debit_card,1.0,8.0,-9.0,0.0
1669504970,1467273f73290140b548eeefa70dca8b,1.0,544328394,4250711439,1040030263,2018-07-19,delivered,140.0,19.08,159.08,boleto,1.0,10.0,-17.0,0.0
855432703,dfe927ca4859176d7377a7543078d4b1,1.0,696032742,2123459817,3857787359,2018-08-06,delivered,9.9,22.93,32.83,credit_card,2.0,10.0,-6.0,0.0
3709803116,7b763f13bd97f02732ac755160e29497,1.0,817056959,3520052168,2304947736,2018-07-19,delivered,56.0,37.3,93.3,credit_card,2.0,10.0,-15.0,0.0
3277150980,c7fda56679ce4368d59d2d9511b3c19d,1.0,1874655453,2413564282,1550185782,2018-08-06,delivered,159.99,23.4,183.39,credit_card,3.0,10.0,-13.0,0.0
1896371808,5d4b951a36d28b50e981ff69e62e2414,1.0,4109149957,1570888716,53223181,2018-08-02,delivered,27.9,12.86,40.76,credit_card,1.0,5.0,-7.0,0.0
3880141978,6d96df9c3708428cc5c9b8f2aca02055,1.0,1212288617,2484072618,2679036362,2018-08-08,delivered,100.0,7.96,107.96,credit_card,4.0,2.0,-3.0,0.0
646495536,6d96df9c3708428cc5c9b8f2aca02055,2.0,1212288617,2484072618,2679036362,2018-08-08,delivered,100.0,7.96,107.96,credit_card,4.0,2.0,-3.0,0.0
1494389257,41948e7b013201d8f4f7da938bfa7fd6,1.0,2482067033,3470517503,1615213775,2018-07-30,delivered,56.1,19.58,75.68,credit_card,2.0,7.0,-8.0,0.0
2328429402,945b63b1a39c18a01b5c023ac4abddbc,1.0,3886925450,2709482976,926823165,2018-07-17,delivered,21.9,12.81,34.71,credit_card,1.0,6.0,-8.0,0.0
3602630661,945b63b1a39c18a01b5c023ac4abddbc,2.0,3886925450,2709482976,926823165,2018-07-17,delivered,21.9,12.81,34.71,credit_card,1.0,6.0,-8.0,0.0
2292005100,945b63b1a39c18a01b5c023ac4abddbc,3.0,3886925450,2709482976,926823165,2018-07-17,delivered,21.9,12.81,34.71,credit_card,1.0,6.0,-8.0,0.0
2873097014,8ceb7c40345d31112e63e0f4624e39b0,1.0,2989962306,2174962782,3497601394,2018-07-23,delivered,62.9,11.46,74.36000000000001,credit_card,4.0,2.0,-7.0,0.0
1150227413,8ceb7c40345d31112e63e0f4624e39b0,2.0,2989962306,2174962782,3497601394,2018-07-23,delivered,62.9,11.46,74.36000000000001,credit_card,4.0,2.0,-7.0,0.0
1384193528,8ceb7c40345d31112e63e0f4624e39b0,3.0,2989962306,2174962782,3497601394,2018-07-23,delivered,62.9,11.46,74.36000000000001,credit_card,4.0,2.0,-7.0,0.0
2124471792,b93a19a84516997a69f59da9b871d109,1.0,956185586,1570442479,596468350,2018-07-05,delivered,89.0,14.93,103.93,credit_card,4.0,4.0,-14.0,0.0
2584980445,db13164f731aed80a46ac81466df051d,1.0,279792211,1851706482,2047495738,2018-08-09,delivered,39.9,7.7,47.6,credit_card,4.0,1.0,-4.0,0.0
2293417943,7091b998662c89051acb6bcb57cb43a2,1.0,494143967,2554885076,581044507,2018-07-07,delivered,249.0,38.65,287.65,credit_card,8.0,20.0,-13.0,0.0
514542417,ceea38b31a5a6c55d09d5c190aade249,1.0,1938915608,433911543,797873474,2018-08-11,delivered,89.0,9.37,98.37,credit_card,4.0,3.0,-10.0,0.0
557523408,d77a9259e9093fb83b20b95fd4bbcb5e,1.0,3275335194,3822421164,2304947736,2018-07-11,delivered,95.0,7.93,102.93,credit_card,5.0,1.0,-6.0,0.0
1013473983,72e57d0b326731ddd25d0d44212a42cb,1.0,4037957126,3686022639,3243706070,2018-08-17,delivered,43.99,22.9,63.57151423850715,credit_card,10.0,11.0,-17.0,0.0
3834781913,72e57d0b326731ddd25d0d44212a42cb,2.0,4037957126,4156779475,1576479322,2018-08-17,delivered,58.9,22.9,85.11848576149286,credit_card,10.0,11.0,-17.0,0.0
547603009,e03178527556af2aeb2b29af558de49d,1.0,239203497,2413621728,2250123381,2018-08-10,delivered,75.0,18.63,93.63,credit_card,1.0,12.0,-26.0,0.0
1024423807,6f38fec8657ada8f58c577f4a4d772f9,1.0,2199112884,1272065075,3626123686,2018-08-05,delivered,36.5,23.06,59.56,credit_card,3.0,9.0,-7.0,0.0
2440609723,b934d5a120aad44cdd919ef7252f9b0f,1.0,1033908435,1694132180,2622583364,2018-08-05,delivered,159.9,19.22,179.12,credit_card,8.0,7.0,-17.0,0.0
900201335,22deced3dedb44ec0bb55c504cc4f062,1.0,3087561980,1392059902,1325574317,2018-07-20,delivered,980.0,33.81,1013.81,credit_card,5.0,13.0,-14.0,0.0
235221590,837b75362f8a7c08c85182dfd16cb72d,1.0,691048143,3554012549,3633342575,2018-08-06,delivered,15.55,8.29,23.84,boleto,1.0,8.0,6.0,1.0
1808659643,d32e51406daab72e2dceefb08b096e13,1.0,1295834444,653417559,4086780073,2018-07-03,delivered,109.0,51.05,160.05,credit_card,8.0,10.0,-24.0,0.0
741308688,28fca12474d528012be6d7def6e7bc20,1.0,3683412243,1241208376,2023461531,2018-07-16,delivered,69.99,15.59,85.58,credit_card,7.0,1.0,-12.0,0.0
2079859906,c506776ed3d58a361a80072d7f97aaa5,1.0,1785916520,1920796201,2173695781,2018-08-12,delivered,99.99,44.5,144.49,credit_card,1.0,8.0,-20.0,0.0
1088778389,1c5e3d274e2a344cf83867e03db6968a,1.0,3080405429,1537850220,3147574442,2018-07-09,delivered,49.0,14.79,63.79,credit_card,5.0,2.0,-12.0,0.0
3560547015,bee12e8653a04e76786e8891cfb6330a,1.0,2409587239,3197110837,1919968767,2018-08-29,delivered,91.55,7.9,99.45,credit_card,2.0,1.0,-12.0,0.0
283204560,bee12e8653a04e76786e8891cfb6330a,2.0,2409587239,3197110837,1919968767,2018-08-29,delivered,91.55,7.9,99.45,credit_card,2.0,1.0,-12.0,0.0
959203346,bee12e8653a04e76786e8891cfb6330a,3.0,2409587239,3197110837,1919968767,2018-08-29,delivered,91.55,7.9,99.45,credit_card,2.0,1.0,-12.0,0.0
1069515567,bee12e8653a04e76786e8891cfb6330a,4.0,2409587239,3197110837,1919968767,2018-08-29,delivered,91.55,7.9,99.45,credit_card,2.0,1.0,-12.0,0.0
3307836121,bee12e8653a04e76786e8891cfb6330a,5.0,2409587239,3197110837,1919968767,2018-08-29,delivered,91.55,7.9,99.45,credit_card,2.0,1.0,-12.0,0.0
1980984426,9a03b3e45e1da9f1e9855278e52b147a,1.0,871555693,3420221311,123833255,2018-07-20,delivered,32.0,8.97,40.97,credit_card,4.0,3.0,-6.0,0.0
1410630629,9a9d4d2b13aef65ec14f49dcf366f12f,1.0,1363038500,3582718077,3381238893,2018-07-23,delivered,6.37,12.79,19.16,boleto,1.0,7.0,-10.0,0.0
705574027,8fc3842e23d0010bd7f86eed9c0b3c78,1.0,858812997,1048894836,3051201525,2018-08-04,delivered,199.0,35.15,0.0,unknown,0.0,8.0,-9.0,0.0
988819612,d4ab24f781df0efaa8d664c145241296,1.0,2451412249,875570413,1921184264,2018-08-07,delivered,129.99,17.1,147.09,credit_card,2.0,10.0,-9.0,0.0
3722920973,0068fb0e223115e911d362627e8b8800,1.0,700475556,3658875146,250985049,2018-07-18,delivered,77.9,13.89,91.79,boleto,1.0,7.0,-21.0,0.0
565106207,c5ddf6be2ae50588b29222f7b1fd84aa,1.0,59916922,3975056712,2304947736,2018-08-16,delivered,49.0,18.44,67.44,credit_card,1.0,8.0,-16.0,0.0
3571522986,89243c8b1f29ba7a225bdad8061fb473,1.0,2563825362,700509263,1379301944,2018-08-04,delivered,40.7,18.39,59.09,credit_card,1.0,30.0,13.0,1.0
2392967653,d1a82e2009b5e83098aa37edae34c7c1,1.0,1717068688,3819586987,3612651122,2018-08-19,delivered,46.9,8.07,54.97,credit_card,2.0,2.0,-3.0,0.0
3255467838,07fa3b6d7ec7fa27de9d00bdc93d36cf,1.0,3450750997,3689882842,1125369443,2018-07-21,delivered,59.9,15.52,75.42,credit_card,1.0,9.0,-9.0,0.0
1452095131,d4de0ad9ddefd13e60191fbc49925dc5,1.0,2937003118,4169586860,890939886,2018-07-13,delivered,89.9,38.99,128.89,boleto,1.0,12.0,-29.0,0.0
2721428351,8ce09fabe89667119f813bcaa531e675,1.0,2695550997,1163118043,1464160362,2018-08-04,delivered,7.5,7.39,14.89,voucher,1.0,12.0,7.0,1.0
1561960818,4ac122e6ce71a07175e5bf2551f02c40,1.0,2296922209,3204116848,1107359178,2018-07-22,delivered,85.9,11.62,97.52,credit_card,1.0,3.0,-7.0,0.0
2236124670,a4652eb1954cd0c3121a95ba49122673,1.0,871061727,605773181,1322121786,2018-08-19,delivered,15.0,39.04,54.04,credit_card,1.0,10.0,-5.0,0.0
2304903746,00995d799817ecc3bd2abd8fbe59c430,1.0,3248159254,366329288,4120033478,2018-07-26,delivered,49.9,12.92,62.82,voucher,1.0,7.0,-6.0,0.0
1007551392,34f4ce3bb9241340ddc295c470512cf2,1.0,659155750,1714164607,2237272714,2018-07-12,delivered,185.0,82.61,267.61,credit_card,6.0,10.0,-22.0,0.0
1361705104,d9494fe15b74723b8b3b97835ab05246,1.0,2169961387,2036129729,261066546,2018-08-11,delivered,116.9,15.92,132.82,boleto,1.0,6.0,-10.0,0.0
3682895680,7a3d6ddc737bc4e0f556c9c47f15e7a6,1.0,1263059676,763182995,1003179062,2018-08-05,delivered,64.9,18.51,84.96049248747913,boleto,1.0,5.0,-5.0,0.0
4180529743,7a3d6ddc737bc4e0f556c9c47f15e7a6,2.0,1263059676,1017835132,1003179062,2018-08-05,delivered,54.9,18.52,71.86950751252087,boleto,1.0,5.0,-5.0,0.0
1043746873,2e4c4387b32b9c80b5006fc2db046dca,1.0,3359711130,2045575575,1715652828,2018-07-28,delivered,178.9,27.55,206.45,credit_card,10.0,10.0,-16.0,0.0
840022010,c2fb2be28249222077a2d3b586195433,1.0,856511059,2244257500,3738344605,2018-07-18,delivered,49.9,13.93,63.83,credit_card,1.0,8.0,-14.0,0.0
1667750234,71c467da99c1f688a401a10d9ba6814d,1.0,2448463465,2005746130,3485175421,2018-08-14,delivered,51.9,23.16,75.06,credit_card,3.0,8.0,-1.0,0.0
1099694015,ad5f36b2517f60b9ec2f04f80503566d,1.0,2559092376,592096461,2304947736,2018-07-04,delivered,78.0,18.65,96.65,credit_card,3.0,5.0,-15.0,0.0
3287290175,a87b2dc5f3c007dfa3f6ba803e332261,1.0,3599603809,962126725,3783637211,2018-07-23,delivered,39.99,18.38,58.37,credit_card,1.0,6.0,-10.0,0.0
3525580594,6c7162d7eb88ca4c936d4fd6ee5ed5ef,1.0,3549329027,1528212124,9861004,2018-08-15,delivered,49.9,20.99,70.89,credit_card,1.0,5.0,-4.0,0.0
505599612,98bc29e10634daaf3f5aff29eea45be6,1.0,3793362776,3463176742,2622583364,2018-07-28,delivered,138.0,22.9,160.9,credit_card,4.0,11.0,-14.0,0.0
2277345380,7ec1a2c6522b9fcb54c68a4f8ff6f331,1.0,2938358855,431380488,900310379,2018-07-19,delivered,77.5,15.61,93.11,credit_card,4.0,4.0,-14.0,0.0
3658346802,c161187ab4f2133d752f8a028b51f74e,1.0,3101794520,2067738168,1755005248,2018-08-06,delivered,70.0,8.45,88.30130723623117,credit_card,3.0,6.0,-4.0,0.0
53883947,c161187ab4f2133d752f8a028b51f74e,2.0,3101794520,1776620515,2475905934,2018-08-06,delivered,69.99,28.15,88.28869276376884,credit_card,3.0,6.0,-4.0,0.0
982622051,9ff5836df74adba6c5a5cabcfe59bb51,1.0,2748205745,3388342263,1579174796,2018-07-31,delivered,19.9,12.8,32.7,boleto,1.0,3.0,-4.0,0.0
682174397,487bc162200365d5717baea84761d214,1.0,384643717,2091800923,1472339194,2018-08-25,delivered,54.9,7.64,62.54,credit_card,1.0,5.0,-5.0,0.0
2504441818,49935c2c36ceb474c290a1987bbb941e,1.0,611912985,1776620515,2475905934,2018-07-12,delivered,99.99,15.01,115.0,credit_card,1.0,11.0,-9.0,0.0
700403000,85e84e0247a114a9d610cb0a24710ad3,1.0,4115992656,3774625355,808467957,2018-08-01,delivered,59.9,18.52,78.42,boleto,1.0,5.0,-14.0,0.0
3746884277,aee682982e18eb4714ce9f97b15af5e2,1.0,901399261,2746034656,261066546,2018-07-09,delivered,118.7,9.34,128.04,boleto,1.0,2.0,-6.0,0.0
1592329508,1b36920ded6f3aa566e53f04957af0e7,1.0,3063736142,4294399807,2308685613,2018-08-06,delivered,82.49,18.68,101.17,credit_card,1.0,4.0,-6.0,0.0
798665698,4198c92e06d92792e49f119f659e723e,1.0,1195002578,3595803465,2888090623,2018-07-23,delivered,1190.0,104.26,0.0,unknown,0.0,6.0,-10.0,0.0
3859013363,1726f2ec844770ea9f94c7a3f2651a8b,1.0,26078121,1327286799,3131976384,2018-07-31,delivered,64.9,14.75,79.65,boleto,1.0,6.0,-11.0,0.0
780379583,09a93e48d7e84fa082320df90b072c7b,1.0,745134081,1939083321,788869188,2018-08-03,delivered,105.0,23.5,128.5,boleto,1.0,11.0,-1.0,0.0
2361179336,e29908a97f47e204d0782ecc9ca903e6,1.0,1350845601,215579846,213195857,2018-07-27,delivered,63.9,11.47,75.37,credit_card,3.0,4.0,-1.0,0.0
2197760571,10b4216867b2f0551badfa193a48c213,1.0,3020078856,3876119372,2809386744,2018-08-10,delivered,69.99,22.42,92.41,credit_card,3.0,20.0,-20.0,0.0
1202969682,028df34320b87c04ef6de145db2e8444,1.0,677065003,3360511537,1547468088,2018-08-04,delivered,118.13,17.02,135.15,credit_card,1.0,6.0,-4.0,0.0
169898331,8c8ab4a6c61aaea6eccaed2958c36231,1.0,3010715103,3873886915,1277691880,2018-08-15,delivered,54.9,19.57,74.47,boleto,1.0,9.0,-5.0,0.0
3152601811,8dad738545d7c669904af09b97e10c1c,1.0,2999758901,2021299274,66329149,2018-08-20,delivered,159.9,21.76,181.66,credit_card,10.0,5.0,-4.0,0.0
413663576,91cc93a882b7f96a25e4a0c32dd6ad36,1.0,3981137762,1575542690,1612681572,2018-07-30,delivered,69.9,19.68,89.58,boleto,1.0,8.0,-2.0,0.0
1807546289,b9d26681b32d996d60d1d1d5a4f49683,1.0,1396344537,553412510,2100815658,2018-07-05,delivered,95.2,11.69,106.89,credit_card,5.0,4.0,-8.0,0.0
2986042960,186f1e57fee9e20849f58439056655a8,1.0,1522418646,1620569806,123833255,2018-08-02,delivered,10.0,7.39,17.39,voucher,1.0,3.0,-3.0,0.0
88885421,1f88908218a0ba8238b5260fe399ea69,1.0,3879068448,2280213461,605810449,2018-08-19,delivered,55.99,14.7,70.69,credit_card,7.0,8.0,-3.0,0.0
2356291841,5fdd5b25e739dbf9a0a25e518836420b,1.0,365195142,4123853007,935749508,2018-07-08,delivered,23.99,12.83,0.0,unknown,0.0,7.0,-9.0,0.0
2153261590,bf0d67707bc87fa3fe2cf74a1c2c693f,1.0,1483489505,3216599867,1919968767,2018-07-17,delivered,110.32,15.87,126.19,credit_card,4.0,9.0,-22.0,0.0
489982450,79e0593968bbc9f0599883ee0266dcde,1.0,3512385238,1741817077,884199128,2018-07-02,delivered,29.99,15.31,45.3,credit_card,1.0,8.0,-15.0,0.0
2055544510,46578f80407b94504c78f7702292e789,1.0,923788296,2497209898,581044507,2018-08-10,delivered,185.0,19.5,204.5,credit_card,3.0,10.0,-31.0,0.0
2972353251,c7a07ddd52bbe18b61da49a8d89853d3,1.0,2062221534,1314584814,3614407021,2018-07-13,delivered,1050.0,322.1,1372.1,credit_card,8.0,18.0,-15.0,0.0
3383102639,c8e84603674d71b14595773f1374773d,1.0,3124701624,2673733492,1073829281,2018-08-09,delivered,29.99,15.31,45.3,boleto,1.0,15.0,4.0,1.0
1062128187,274f33c3b4d5612a37e3a223a2d9bc5a,1.0,2363074421,2871465900,1868809992,2018-07-17,delivered,326.0,85.69,411.69,credit_card,2.0,6.0,-13.0,0.0
4076871765,1ce8d14cbfa55d85f3009438ecbd792b,1.0,3151514696,2895192354,261066546,2018-07-24,delivered,119.8,22.77,142.57,credit_card,8.0,7.0,-12.0,0.0
2108643879,9dff95e63c4bf04ca285c9e2252f75fb,1.0,3613741100,3172101958,2629826490,2018-07-25,delivered,252.9,106.23,359.13,credit_card,10.0,12.0,-21.0,0.0
4151298696,c3d82084f95e12ecd6cc271e0c225175,1.0,3877517176,1073341785,581044507,2018-07-29,delivered,110.0,18.87,128.87,credit_card,1.0,11.0,-17.0,0.0
3945421148,19a3924da2b67dee34bf1f76a7689459,1.0,1186962587,1415839245,91113541,2018-07-23,delivered,49.9,18.5,68.4,credit_card,1.0,4.0,-12.0,0.0
4223415130,be0c42b7b7e9edd961e7d70426720a0d,1.0,3687471663,2197789024,2304947736,2018-07-03,delivered,38.0,15.37,53.37,credit_card,4.0,5.0,-25.0,0.0
464301195,cfa5771f3bebddd9dac8172a9305b820,1.0,1725361646,161727944,2023461531,2018-08-10,delivered,49.0,13.0,62.0,credit_card,1.0,5.0,-5.0,0.0
2188943813,be9b4aa61bbe31e9d0191e3bfe51723d,1.0,4170523338,3446590019,962355774,2018-08-11,delivered,149.9,13.71,0.0,unknown,0.0,5.0,-13.0,0.0
3870963827,96d921e9bfe801df7426999a566a8aeb,1.0,460351938,708817591,2533375300,2018-07-16,delivered,18.9,13.47,32.37,credit_card,1.0,9.0,-6.0,0.0
509890414,1be202b145a6722b8e2b08f60b288994,1.0,3048629692,807632778,1017497319,2018-08-23,delivered,36.82,18.36,55.18,credit_card,4.0,5.0,-7.0,0.0
2057998945,d56f099b822d5857e1d02f660db4a915,1.0,3524040390,498782733,2090364660,2018-07-26,delivered,31.99,15.32,47.31,credit_card,4.0,5.0,-10.0,0.0
1739201164,ad6137b47c7f7c1c621f4de13c3d5bc9,1.0,1813131909,3922499241,853605052,2018-07-12,delivered,109.9,36.0,145.9,credit_card,2.0,7.0,-11.0,0.0
1134238916,b829a9df2bfb08f7e2a0e9854656fdfd,1.0,3572505183,3294414530,9861004,2018-07-12,delivered,49.9,20.99,70.89,credit_card,2.0,9.0,-5.0,0.0
954692773,b829a9df2bfb08f7e2a0e9854656fdfd,2.0,3572505183,3294414530,9861004,2018-07-12,delivered,49.9,20.99,70.89,credit_card,2.0,9.0,-5.0,0.0
3709214627,2291ee4be39fe350accf088e1b57a5d1,1.0,1347353924,231576890,3659481684,2018-07-19,delivered,25.89,22.9,0.0,unknown,0.0,12.0,-6.0,0.0
2324326683,debb76d62f02e0ea42769534a3d58286,1.0,3537291208,3195456401,819761952,2018-07-29,delivered,33.49,7.97,41.46,credit_card,1.0,7.0,-1.0,0.0
3232009099,551ac5ff66bff1f852bc0b36eb22e162,1.0,3507607633,2410813223,3485175421,2018-08-18,delivered,48.5,18.44,66.94,boleto,1.0,9.0,-3.0,0.0
3704772597,8fc77c04dfa38df89a157e9e81a75ac4,1.0,4171944209,818328878,2470957735,2018-08-19,delivered,43.9,18.41,62.31,boleto,1.0,7.0,-16.0,0.0
3560131086,3b2d986d88e983cc12154191391193ad,1.0,3675279190,3038694483,581044507,2018-07-03,delivered,119.0,18.93,137.93,credit_card,1.0,7.0,-21.0,0.0
3719441502,372e98d371f1e5e9d60496c1b57e64c0,1.0,3404937290,3936216330,730094745,2018-08-05,delivered,33.99,11.26,45.25,credit_card,3.0,4.0,-6.0,0.0
1985493212,4454ffbb919a4763ae6aead697473b73,1.0,2003682802,1567030015,2812297156,2018-08-10,delivered,330.0,20.41,350.41,credit_card,1.0,10.0,-10.0,0.0
685100848,85c8b9409449608b5f5c6c0a66c9146a,1.0,3284574323,4215338836,791135922,2018-08-04,delivered,379.9,59.43,439.33,credit_card,1.0,10.0,-7.0,0.0
262014232,da7e4fe598c5bcd3fb94f8f32456a6a3,1.0,3654387427,4168301584,1778061601,2018-08-23,delivered,199.9,35.16,235.06,credit_card,15.0,5.0,-9.0,0.0
4197060488,b35a771164a9defa3b4767f1b66918b1,1.0,2312142037,2537554360,3302929409,2018-07-23,delivered,21.52,8.9,30.42,boleto,1.0,11.0,3.0,1.0
1224714842,0bfc01cee9ffff85b714520ca97f4b21,1.0,3210341766,161421957,3769312780,2018-07-27,delivered,69.0,13.96,82.96,credit_card,1.0,5.0,-8.0,0.0
3108137830,300b0559d2d523ea8e5ba8f3f61ade92,1.0,2412570420,2830647828,3267334493,2018-07-23,delivered,79.99,8.72,88.71,credit_card,1.0,3.0,-6.0,0.0
3657953757,4618ea1ec695ec1707fcf8cc21a52b0d,1.0,1190633171,953810007,3485175421,2018-08-14,delivered,52.9,23.17,76.07,credit_card,1.0,14.0,-3.0,0.0
1339945691,cc38d740da287b3c64f4d1f3d4ee4f86,1.0,1878765968,2390112796,4185397625,2018-07-20,delivered,32.0,23.02,55.02,credit_card,2.0,11.0,-9.0,0.0
2199870030,ca32e37618d388555627885cae8a34d5,1.0,1496167322,204704733,1422228924,2018-08-19,delivered,23.9,13.75,37.65,credit_card,3.0,5.0,-6.0,0.0
3228245588,a965f9a56bd7e9a365d2cb5818934cad,1.0,632395373,3123019817,2043647929,2018-08-02,delivered,92.99,22.58,115.57,credit_card,5.0,12.0,-13.0,0.0
3355177276,4da4840a1f38aad712a0857596e24b44,1.0,1445206350,2318902672,1813314038,2018-07-22,delivered,79.9,18.66,98.56,credit_card,3.0,7.0,-15.0,0.0
1049500252,4da4840a1f38aad712a0857596e24b44,2.0,1445206350,2318902672,1813314038,2018-07-22,delivered,79.9,18.66,98.56,credit_card,3.0,7.0,-15.0,0.0
3132146315,943c8463c068840f3d3b804d7ac955db,1.0,2047073845,1236592996,1868809992,2018-08-24,delivered,320.0,45.38,365.38,credit_card,3.0,6.0,-6.0,0.0
1275574949,be9cb960ebc9760ede83876149977438,1.0,2385426342,3420221311,123833255,2018-08-21,delivered,32.0,8.97,0.0,unknown,0.0,3.0,-4.0,0.0
3731853862,ce7da3c96f70e4febad6c91b835784d8,1.0,441095915,3527595989,3034887517,2018-08-21,delivered,133.0,11.95,144.95,boleto,1.0,2.0,-5.0,0.0
890447282,65f8a599904103180833575eb6a08702,1.0,96973091,827815715,4074359584,2018-08-14,delivered,56.58,23.12,79.7,credit_card,3.0,7.0,-19.0,0.0
761278648,bd158f500dead88056547802d8fba362,1.0,399920746,168359209,1018258220,2018-08-19,delivered,1299.65,27.2,1326.85,credit_card,2.0,5.0,-21.0,0.0
2368362098,64ee68a4358c84c40eb6b5c911e4ee5c,1.0,2502577606,2913154736,1734769477,2018-08-20,delivered,329.9,18.58,348.48,debit_card,1.0,4.0,-4.0,0.0
53246469,710b84dc1017489e8e2cb948c9addae2,1.0,2747403049,1018367849,1125369443,2018-07-30,delivered,105.0,9.67,114.67,credit_card,3.0,3.0,-4.0,0.0
235591970,4561cf6b4b4f741552d9b994141419e4,1.0,709426550,1018367849,1125369443,2018-07-27,delivered,105.0,39.01,144.01,credit_card,3.0,12.0,-8.0,0.0
905470340,dd787ad9c97e5504d6ea0bd294906902,1.0,163139398,2853001233,492848926,2018-08-14,delivered,39.99,18.58,58.57,credit_card,1.0,22.0,7.0,1.0
3624072276,d83268beec893067aeef7a062622d721,1.0,28069173,3155743601,2154000458,2018-07-26,delivered,54.99,14.7,69.69,boleto,1.0,7.0,-11.0,0.0
630818534,5525ea8ee9e6150faa9b41dfc4024552,1.0,3993138689,1816939174,1550185782,2018-08-20,delivered,85.99,23.4,109.39,credit_card,3.0,8.0,-5.0,0.0
2446777410,70c21c50383160e57e3c3de7d4c43d7d,1.0,3520806356,3485076384,3485175421,2018-07-18,delivered,77.9,23.35,101.25,debit_card,1.0,6.0,-23.0,0.0
2359151446,561a3b9c8e282502bd86b6504b17544b,1.0,3996891752,791005275,1715652828,2018-07-23,delivered,18.15,15.88,26.73442293373045,credit_card,1.0,6.0,-10.0,0.0
2727873490,561a3b9c8e282502bd86b6504b17544b,2.0,3996891752,563396103,3115096273,2018-07-23,delivered,49.0,15.88,72.17557706626954,credit_card,1.0,6.0,-10.0,0.0
3910341843,3502e8bea8fdd4b3d742891e1a1b8d90,1.0,2000337250,1092253262,1734769477,2018-07-18,delivered,79.9,9.31,89.21,boleto,1.0,4.0,-4.0,0.0
2372180347,3502e8bea8fdd4b3d742891e1a1b8d90,2.0,2000337250,1092253262,1734769477,2018-07-18,delivered,79.9,9.31,89.21,boleto,1.0,4.0,-4.0,0.0
855423169,0d91eecd335defba92a82bc3f062225a,1.0,1335237580,1886409007,2082347993,2018-08-01,delivered,139.98,18.75,158.73,credit_card,2.0,20.0,0.0,0.0
164686234,56977f88a655bfbcd1e8f20a20959f5b,1.0,3505952888,2067738168,1755005248,2018-07-24,delivered,70.0,31.36,101.36,credit_card,10.0,7.0,-17.0,0.0
2717997443,6e2da070f43077174091a78e68313684,1.0,3857760200,1968597261,112649996,2018-07-30,delivered,24.99,12.84,37.83,credit_card,7.0,4.0,-5.0,0.0
3053271464,6e2da070f43077174091a78e68313684,2.0,3857760200,1968597261,112649996,2018-07-30,delivered,24.99,12.84,37.83,credit_card,7.0,4.0,-5.0,0.0
292078845,b74092206cd29b62907516d95e927fd6,1.0,993892360,3561404005,2304947736,2018-08-14,delivered,55.0,18.49,73.49,credit_card,7.0,11.0,-16.0,0.0
1295096281,79c25882bf9157a3e38e7edb7c3a7286,1.0,2477012188,823828347,1505458309,2018-07-04,delivered,319.0,20.03,339.03,credit_card,6.0,4.0,-21.0,0.0
2471521045,332406cc34a6bcc1ade93cae9e11ab06,1.0,2771313008,3877654870,2636346249,2018-07-07,delivered,24.99,7.44,32.43,boleto,1.0,5.0,-7.0,0.0
3512062737,21b966a378471db65c18fa4ca20d6800,1.0,3341975226,2746034656,261066546,2018-08-21,delivered,116.9,15.92,132.82,credit_card,2.0,5.0,-9.0,0.0
3140755711,4e55f642a3b11a6cfcec80a9aebbb513,1.0,3359509316,2484856860,2384848440,2018-08-05,delivered,119.9,15.14,135.04,credit_card,6.0,5.0,-4.0,0.0
3486767832,5d28e7e8ae4794ffa06b352990f78234,1.0,3977793963,2619096473,3446539219,2018-08-12,delivered,301.17,20.21,321.38,credit_card,10.0,8.0,-9.0,0.0
624736273,129f71206f00d7fa856e19aa56618068,1.0,2101213388,880070998,2622583364,2018-08-03,delivered,115.9,18.91,134.81,boleto,1.0,10.0,-13.0,0.0
1426572067,87999cc2deff757e5f5db42eb840675f,1.0,129022794,3153085200,876033421,2018-08-08,delivered,120.0,54.9,0.0,unknown,0.0,7.0,1.0,1.0
3847310728,d0654bfcd7000854a697aaee3ff7c5aa,1.0,1999131225,894245840,926823165,2018-07-04,delivered,9.0,15.23,24.23,credit_card,1.0,5.0,-15.0,0.0
1403075520,057cb6913750cc04b72dbeb174afb208,1.0,2655401196,1852611840,989880648,2018-08-18,delivered,42.89,13.6,56.49,credit_card,5.0,5.0,-4.0,0.0
3381878998,266c95f5f0f4b6f72882cd57117141b4,1.0,2814523157,2258856740,2114821577,2018-08-14,delivered,119.9,19.0,138.9,credit_card,2.0,6.0,-3.0,0.0
3390663017,d448de8241268ed4ffd2e0fd2c3c49b2,1.0,784765397,3167955937,3217083436,2018-08-16,delivered,69.99,11.75,81.74,debit_card,1.0,6.0,-6.0,0.0
3116498696,59eaa904b3f0dbde2785ac1b27eccd18,1.0,4190041182,3854931888,789128652,2018-08-20,delivered,299.0,14.75,313.75,credit_card,4.0,4.0,-25.0,0.0
168699437,53ee14bdd0a25171e9c541d97c325cda,1.0,425751644,211704435,1018330744,2018-07-20,delivered,28.99,18.3,47.29,credit_card,1.0,9.0,-17.0,0.0
3193981647,53ee14bdd0a25171e9c541d97c325cda,2.0,425751644,211704435,1018330744,2018-07-20,delivered,28.99,18.3,47.29,credit_card,1.0,9.0,-17.0,0.0
990837775,5a6cd6b1857e91f2e14f76af61a7ec07,1.0,3652100325,1895857013,1480205621,2018-08-14,delivered,368.8,11.33,380.13,credit_card,8.0,2.0,-3.0,0.0
4112276002,71b4480b617e5a0468d7362efb7c4b3d,1.0,4132476267,606831319,2023461531,2018-08-28,delivered,14.99,7.39,22.38,credit_card,1.0,1.0,-7.0,0.0
2600785244,61059985a6fc0ad64e95d9944caacdad,1.0,3792599410,2598520537,1868809992,2018-08-13,delivered,105.0,27.04,132.04,credit_card,1.0,14.0,-2.0,0.0
801652476,905f7a43f18905597465564ae6deb958,1.0,4026143596,155544251,1734769477,2018-08-10,delivered,199.9,27.7,227.6,boleto,1.0,17.0,-2.0,0.0
3670915951,1eb7606f2ad568b8303fb24c8ab1e2cd,1.0,3901421937,618846729,2384848440,2018-08-01,delivered,119.9,17.03,136.93,credit_card,2.0,6.0,-6.0,0.0
58188312,3e264051f522e1ac4d07e648a9080784,1.0,1674131022,3702529282,1618674472,2018-08-12,delivered,295.0,73.66,368.66,credit_card,3.0,8.0,-23.0,0.0
496875540,d0f2eab6dd80aa594023f8ed3bd024be,1.0,1717446966,1528685884,3522250725,2018-08-21,delivered,94.99,40.96,135.95,credit_card,9.0,6.0,-20.0,0.0
1339824199,51443d57f4db8cd4a58620d7b9a8c723,1.0,2103211481,2781219658,1562587860,2018-07-31,delivered,139.77,20.17,159.94,credit_card,2.0,8.0,-14.0,0.0
3134030796,5c5a8c9c0e8a30b697d7cea5123db572,1.0,2041081285,2813345363,2340679812,2018-07-22,delivered,29.9,12.87,42.77,credit_card,2.0,4.0,-15.0,0.0
3446974223,5c5a8c9c0e8a30b697d7cea5123db572,2.0,2041081285,2813345363,2340679812,2018-07-22,delivered,29.9,12.87,42.77,credit_card,2.0,4.0,-15.0,0.0
3194909333,0152de20f6e09fb1133847df8babd490,1.0,2491838144,1300220470,3446539219,2018-08-07,delivered,211.05,14.14,225.19,credit_card,6.0,6.0,-2.0,0.0
2190693123,9b871ac52352fe5c58010cad01550b6c,1.0,3636052765,1567030015,2812297156,2018-08-06,delivered,330.0,10.47,340.47,credit_card,3.0,1.0,-2.0,0.0
2527305366,c361406c8d2eccd0d8ba53309bca045e,1.0,3867048934,3219100382,2490225171,2018-07-26,delivered,35.0,17.18,52.18,credit_card,3.0,8.0,-14.0,0.0
2977428523,1ee4815d0b4638b47727ce58ef0fbc5d,1.0,2469628093,181877986,305748041,2018-08-18,delivered,64.9,18.55,83.45,credit_card,1.0,9.0,-17.0,0.0
2082667815,93d7e1f0c5415c1a0679635187700f1d,1.0,891044187,2961291221,3968462480,2018-08-28,delivered,179.0,37.58,216.58,credit_card,8.0,2.0,-1.0,0.0
2093657996,977b31c8455f33c500fbd18a7770be82,1.0,1684319871,2922990635,1728046229,2018-07-29,delivered,85.0,12.9,97.9,credit_card,1.0,2.0,-1.0,0.0
3126114944,9fce4af6a15c3fa67e2ee1b52839d6dc,1.0,971403893,2810599256,1138781032,2018-08-16,delivered,27.98,19.38,42.86069154774973,credit_card,10.0,12.0,-6.0,0.0
3499466104,9fce4af6a15c3fa67e2ee1b52839d6dc,2.0,971403893,3052261685,3761277192,2018-08-16,delivered,44.9,19.38,68.77930845225028,credit_card,10.0,12.0,-6.0,0.0
598251229,04198c2c90b3fcfaec75a836841dafe2,1.0,966341269,486554141,47085388,2018-08-19,delivered,45.0,17.25,62.25,credit_card,3.0,7.0,-9.0,0.0
3714241633,b2a25b6f671017afa5190546ca5b89e9,1.0,4061707981,2926521990,2053349188,2018-08-21,delivered,8.5,7.39,15.89,credit_card,1.0,2.0,-4.0,0.0
1321824470,a966954fa1c451757b4d6c77946f9863,1.0,3773506685,961213879,305748041,2018-08-27,delivered,49.9,9.1,59.0,credit_card,1.0,1.0,-8.0,0.0
4207862561,4634ad13b4414c83524f5efb0ef21a0b,1.0,2910690756,1902131736,2622583364,2018-07-21,delivered,96.0,18.77,114.77,credit_card,8.0,8.0,-15.0,0.0
1993773745,5fb81ae5bda9580ad705d1ce97a6fa49,1.0,1552685462,1764740173,1919968767,2018-07-27,delivered,110.32,13.43,123.75,credit_card,6.0,6.0,-11.0,0.0
986312306,a914054902523db41cb44dd114ef17ae,1.0,1482383022,932074667,2746700703,2018-07-11,delivered,49.9,27.33,77.23,credit_card,1.0,27.0,-1.0,0.0
2334043187,3a448a9bf5f166e9b374a1c9c30ee28c,1.0,1809498541,2166904306,4197047986,2018-07-12,delivered,59.9,9.17,69.07,credit_card,2.0,3.0,-4.0,0.0
1406645591,66c1172ab0ddb605d4012ce1d4339ffb,1.0,2283996266,2896614241,3147574442,2018-07-21,delivered,149.0,44.84,193.84,credit_card,7.0,9.0,-14.0,0.0
592656177,461b8a4cb347a9be3d42546de69edbb9,1.0,116793736,868495269,3396868089,2018-08-20,delivered,89.0,8.78,97.78,boleto,1.0,2.0,0.0,0.0
309872288,461b8a4cb347a9be3d42546de69edbb9,2.0,116793736,868495269,3396868089,2018-08-20,delivered,89.0,8.78,97.78,boleto,1.0,2.0,0.0,0.0
406837790,194a26fbbb1b4e83fa0b65aaf22d99c0,1.0,2847919336,3076081288,2629314654,2018-07-30,delivered,15.99,7.39,23.38,credit_card,1.0,3.0,-5.0,0.0
797111993,db6c3bec472f764bd426b77171342ce6,1.0,4122447636,1945343131,94299257,2018-08-22,delivered,395.0,13.79,408.79,credit_card,8.0,1.0,-5.0,0.0
1870192793,d58096e42e1aaf58b8521e8f8b4c20dc,1.0,2207171491,2472042391,123833255,2018-08-15,delivered,600.0,256.13,856.13,boleto,1.0,6.0,-20.0,0.0
2732035772,66d105a8f0f6727acbe752b4da6f29ef,1.0,3217534843,2518658020,2127102607,2018-08-21,delivered,79.0,15.47,94.47,credit_card,2.0,1.0,-7.0,0.0
558521659,4a7c656f502a83b8faeb608f3f1f9f46,1.0,3057749350,1293382043,2775148626,2018-08-21,delivered,53.49,9.12,62.61,credit_card,2.0,3.0,-5.0,0.0
2748088345,970a49012cfe41d81bfd4593b83ce4a5,1.0,3086640926,1805657256,3791208182,2018-08-15,delivered,24.9,18.32,43.22,boleto,1.0,13.0,-7.0,0.0
907557253,622997993a84db3955ea0b62e26dbbe0,1.0,4147412336,995256815,3633342575,2018-08-16,delivered,13.99,12.79,26.78,credit_card,2.0,5.0,-12.0,0.0
588580,9ff4440ee0d71eac7b46592220856401,1.0,2032371210,3423592875,1195323413,2018-07-16,delivered,105.3,23.54,128.84,credit_card,5.0,8.0,-13.0,0.0
3136189734,7e90eaf88da7fea3fb251e0979bfc22a,1.0,2333279124,3179268240,1868809992,2018-08-08,delivered,120.0,74.79,194.79,credit_card,3.0,11.0,-17.0,0.0
1805264593,da7b8d3f7de2b64a8d4f6d59b36159a7,1.0,1624463297,3428520701,123833255,2018-08-04,delivered,80.0,8.72,88.72,credit_card,3.0,4.0,-2.0,0.0
2633108394,2d2ce74a9a75fd5144160b74f0d536cc,1.0,4281223932,2119492426,1480205621,2018-07-29,delivered,149.8,9.49,160.3420986281053,credit_card,3.0,7.0,-23.0,0.0
2444366263,2d2ce74a9a75fd5144160b74f0d536cc,2.0,4281223932,2771499898,2622583364,2018-07-29,delivered,119.9,9.49,128.33790137189467,credit_card,3.0,7.0,-23.0,0.0
3661063687,5c60e286915180fdddc17760d914fc1d,1.0,3282109255,3039721405,2823580135,2018-08-01,delivered,78.0,16.74,94.74,boleto,1.0,7.0,-7.0,0.0
885151792,72153affaac51d3697982e86191a88c4,1.0,1728489371,349419015,900310379,2018-08-04,delivered,135.65,22.7,158.35,credit_card,4.0,6.0,-4.0,0.0
1852048565,ae8a569660d9208ffed48d06824629a3,1.0,1863843643,592096461,2304947736,2018-07-26,delivered,78.0,18.65,96.65,credit_card,4.0,11.0,-2.0,0.0
3059397320,0c6ec1022958b35c45335231ea396ad2,1.0,3470847636,3893580042,3418625173,2018-08-21,delivered,149.99,57.53,207.52,credit_card,2.0,6.0,-4.0,0.0
330691010,2f5521a15f1ab0eb646209fa271d9de4,1.0,2800130141,188895250,1919968767,2018-08-13,delivered,110.32,18.87,129.19,boleto,1.0,10.0,-12.0,0.0
2828476276,2f5521a15f1ab0eb646209fa271d9de4,2.0,2800130141,767180015,1919968767,2018-08-13,delivered,110.32,18.87,129.19,boleto,1.0,10.0,-12.0,0.0
2482073510,0c2cbbfae44e4f2bd7c747a2c2b05bbe,1.0,3498777749,899860769,53223181,2018-07-24,delivered,29.9,7.47,37.37,credit_card,1.0,1.0,-6.0,0.0
2877598354,cf57d12f25beeb760bd30983c67f21cd,1.0,3922716565,2176583371,3773013363,2018-07-26,delivered,2199.0,53.66,2252.66,credit_card,8.0,17.0,-11.0,0.0
1070475716,d42c0ebb65d63fd42b509a1573c281aa,1.0,2569019988,1518043026,1207458958,2018-07-12,delivered,115.89,23.61,139.5,credit_card,2.0,7.0,-12.0,0.0
2053274617,2e9d5ee7d598619b69bba815527c91ed,1.0,2649440253,2651551469,3962302186,2018-07-25,delivered,179.9,15.57,195.47,credit_card,2.0,5.0,-10.0,0.0
1321851278,b80ad2b6c5b351d9e15b84a8008a7d87,1.0,4209669112,691693017,2949449251,2018-08-13,delivered,46.9,15.43,62.33,voucher,1.0,3.0,-10.0,0.0
3304997551,663f5bad78ee236c44c5f31fc8c280cd,1.0,3975715073,2306518858,4193115790,2018-08-09,delivered,329.9,148.24,478.14,credit_card,7.0,18.0,1.0,1.0
3761624694,213387d0c127ddbc06eda8fcfe0c6603,1.0,2929080510,976620429,3147389048,2018-07-31,delivered,39.9,29.03,68.93,credit_card,1.0,5.0,-2.0,0.0
290758444,14d9ad6e33d9a98a2d7a935937895645,1.0,670461199,3470517503,1615213775,2018-07-27,delivered,56.1,19.58,75.68,boleto,1.0,10.0,-14.0,0.0
456312542,ccbffb63e772cd3ec727b371925c25e1,1.0,912750124,1954471435,2133600640,2018-08-08,delivered,24.18,13.51,37.69,credit_card,3.0,6.0,-15.0,0.0
4173979836,b4eeb5f8b01e30cfea0247dfbee0d054,1.0,1948638509,1099156521,796664912,2018-07-03,delivered,158.61,14.69,173.3,credit_card,3.0,6.0,-11.0,0.0
2232726554,7666bec3cfaed721d5fe9f2159f61575,1.0,946906651,309067999,945263063,2018-07-06,delivered,119.9,14.42,134.32,credit_card,4.0,7.0,-12.0,0.0
3588755790,6299bb8e855289b411394e216495f96f,1.0,1397710591,3025512525,528827331,2018-07-05,delivered,167.0,18.97,185.97,boleto,1.0,11.0,-22.0,0.0
362520283,6299bb8e855289b411394e216495f96f,2.0,1397710591,3025512525,528827331,2018-07-05,delivered,167.0,18.97,185.97,boleto,1.0,11.0,-22.0,0.0
2542030079,cc09da6c606c28d227e63092534166fd,1.0,1665717416,4294399807,2308685613,2018-08-08,delivered,81.49,15.67,97.16,credit_card,1.0,5.0,-7.0,0.0
3570933548,cdaa6abaa1e05e0d89480265def8ff69,1.0,99246269,1037923185,737969628,2018-07-22,delivered,99.9,15.01,114.91,credit_card,6.0,5.0,-10.0,0.0
324348780,ce4c50f30197a0330b034d27da7f5ed6,1.0,3586500935,2992823587,1914769873,2018-08-06,delivered,129.49,31.78,161.27,credit_card,3.0,9.0,-15.0,0.0
4129945512,afd30106ec5fcdc91936dc9e8bdac2bb,1.0,1229568204,3520709704,605810449,2018-08-16,delivered,39.99,23.43,63.42,credit_card,6.0,8.0,-18.0,0.0
1620060526,afd30106ec5fcdc91936dc9e8bdac2bb,2.0,1229568204,3520709704,605810449,2018-08-16,delivered,39.99,23.43,63.42,credit_card,6.0,8.0,-18.0,0.0
587341167,11b1470a79108e6d6dde223c40bf2c4d,1.0,3587864961,312036201,1702792411,2018-07-05,delivered,32.9,15.15,48.05,boleto,1.0,6.0,-16.0,0.0
3945917385,6d95f56851f4a4c72764429b174d2757,1.0,1740574755,1300220470,2580370799,2018-07-21,delivered,229.9,16.71,246.61,credit_card,18.0,13.0,-20.0,0.0
20946925,6f30b59ca40f5851d931d146ef6868d0,1.0,1967649960,1219338949,2746700703,2018-07-01,delivered,69.9,24.84,94.74,credit_card,1.0,37.0,-15.0,0.0
498096980,ab2830d9aa052d7aee54359bc3f61d0c,1.0,903463495,1683439956,3064931309,2018-07-03,delivered,100.99,22.99,123.98,credit_card,1.0,10.0,-13.0,0.0
3891089890,64c8d713a96944349d954eb4bd62e6d5,1.0,4160326346,709816459,96764808,2018-08-10,delivered,24.9,17.1,42.0,boleto,1.0,12.0,-13.0,0.0
1978412177,8fa6f30389819ea6543a643faf9ad7e3,1.0,2997205177,202517637,3070457104,2018-07-15,delivered,259.9,23.12,283.02,credit_card,3.0,7.0,-7.0,0.0
3677812177,18f15d3fbb7850283b527597c8f58704,1.0,2085491479,2355879400,3193283800,2018-08-13,delivered,69.99,19.68,89.67,boleto,1.0,8.0,-3.0,0.0
3147968720,92f21edc7e69a84e3e521e9adc7c83b8,1.0,593252392,2362030876,2744735886,2018-07-20,delivered,33.9,23.57,48.52312385600976,credit_card,1.0,6.0,-21.0,0.0
4215383327,92f21edc7e69a84e3e521e9adc7c83b8,2.0,593252392,2399280950,3704084446,2018-07-20,delivered,65.0,23.56,93.03843807199512,credit_card,1.0,6.0,-21.0,0.0
3035374218,92f21edc7e69a84e3e521e9adc7c83b8,3.0,593252392,3792296871,3704084446,2018-07-20,delivered,65.0,23.57,93.03843807199512,credit_card,1.0,6.0,-21.0,0.0
1121059988,515c58930f7c49f1a0d9756e12491e63,1.0,3522524949,3930078468,3016182256,2018-08-16,delivered,159.9,13.78,173.68,boleto,1.0,7.0,-5.0,0.0
1262740773,ac4cac02127ebb55852c9b87cf67d58d,1.0,1845312849,1305340158,2526411072,2018-08-10,delivered,44.0,18.41,62.41,credit_card,1.0,10.0,-15.0,0.0
3791524065,0c532a9c46c5090a74edf2c28388699a,1.0,1584917842,4056095921,98329189,2018-07-11,delivered,779.0,26.75,805.75,boleto,1.0,11.0,-4.0,0.0
119902360,65480799a0ea99cc43f86d3af16e9d1c,1.0,3697272349,1205223205,3103215707,2018-08-05,delivered,259.99,15.98,275.97,credit_card,2.0,4.0,-12.0,0.0
1039999194,27d168c6a89ffc87604d2e42c7761956,1.0,3476360908,2480064466,1379301944,2018-08-15,delivered,146.0,18.15,164.15,credit_card,1.0,13.0,-1.0,0.0
520086172,c1eab54ad584ff7acf4b8f5e4020c005,1.0,794453737,2746646393,3774023096,2018-07-19,delivered,76.0,23.33,99.33,voucher,1.0,6.0,-13.0,0.0
374538587,d9842672b8cb5ecfbbd067d497f8958e,1.0,683379297,2495106546,2580370799,2018-07-17,delivered,139.9,16.08,155.98,credit_card,3.0,6.0,-25.0,0.0
174908580,3818ab6e31e399088ce955019f85f7d9,1.0,2673688570,1621986116,2137876450,2018-07-10,delivered,599.0,40.52,639.52,credit_card,10.0,10.0,-2.0,0.0
312116653,117c08edcd4cf5c43118fefa4e0dab79,1.0,954533292,2254554039,4194263931,2018-08-08,delivered,125.0,14.22,139.22,credit_card,1.0,14.0,-26.0,0.0
3997803930,61af446d4e7b09c62e2f43501be438f1,1.0,3816849151,2353644388,2715904789,2018-08-14,delivered,42.9,13.64,56.54,debit_card,1.0,8.0,-8.0,0.0
4067293536,064314e503e36ce3869a9901434fc6f4,1.0,2274423819,2955141554,1576479322,2018-08-16,delivered,132.3,9.09,141.39,boleto,1.0,6.0,1.0,1.0
2612888066,c5eb69f42fab03c99f0c0465a6e14723,1.0,849366337,2580844312,1072758820,2018-08-03,delivered,127.0,18.94,145.94,debit_card,1.0,6.0,-5.0,0.0
318039637,27c60cfbe4965270943d7cdab0989038,1.0,1729703431,3245748662,1480205621,2018-07-30,delivered,168.9,16.28,185.18,credit_card,6.0,4.0,-12.0,0.0
242914004,69bff117da8229936027f2bb1024866b,1.0,4242787922,2497209898,2622583364,2018-07-01,delivered,193.9,14.02,207.92,credit_card,5.0,4.0,-19.0,0.0
3529129612,9c3580e890d4e5c7a6f8ca754b9aff45,1.0,2252601360,1128530056,3309990142,2018-07-31,delivered,142.0,15.29,157.29,boleto,1.0,14.0,-8.0,0.0
2356126765,6714f3ccd1250580cfa7ab9c1aeb23f9,1.0,1272746114,1180952744,3396378068,2018-08-23,delivered,149.9,21.69,171.59,credit_card,3.0,4.0,-15.0,0.0
2193371399,81278969652e49f0c09910275f10fdba,1.0,124443421,2209229640,1716536501,2018-08-06,delivered,48.9,9.09,57.99,boleto,1.0,7.0,4.0,1.0
3845418453,35bc592a16d6706d14d29f07ed1d13c1,1.0,3004202033,151692970,4151559108,2018-08-11,delivered,639.0,21.4,660.4,credit_card,10.0,11.0,-6.0,0.0
4221344404,3828ca6e6450e317619b87f49eca6492,1.0,2268294442,4143825653,1728046229,2018-08-02,delivered,13.5,7.39,20.89,debit_card,1.0,7.0,0.0,0.0
2858336461,b29f6f52b330f04b5f1f4fb369b32cd8,1.0,40419713,2491538687,2804246847,2018-07-13,delivered,55.9,18.49,74.39,credit_card,1.0,10.0,-9.0,0.0
4111761346,7a1cfc5a41ee6890e553de7276ffebfd,1.0,2727582469,719864865,3267771422,2018-08-06,delivered,129.9,20.1,150.0,credit_card,1.0,7.0,-3.0,0.0
3873737138,038f8b45fafa1130d2557e5b8dfd5d71,1.0,1437640753,3517969771,3267334493,2018-07-22,delivered,19.99,7.4,27.39,credit_card,2.0,2.0,-8.0,0.0
4265819444,39735cad3fa0e9f2ea20c536b26ac87c,1.0,2065512411,4151863183,96764808,2018-08-01,delivered,24.9,11.19,36.09,boleto,1.0,5.0,-2.0,0.0
312929887,6a75f9aed5e4fd6946ec8e3984c77e9f,1.0,2006483512,146300096,1672091742,2018-08-01,delivered,34.99,15.35,50.34,credit_card,5.0,5.0,-14.0,0.0
2079306829,afead4c57004d9ef3e766086c1a57f81,1.0,4031924857,188895250,1919968767,2018-07-23,delivered,110.32,18.87,0.0,unknown,0.0,11.0,-12.0,0.0
1359911504,5d01a533e7f1331b73d8ff83450b5944,1.0,4236337102,1832102592,3851041961,2018-08-09,delivered,44.9,37.22,82.12,credit_card,1.0,7.0,-14.0,0.0
2471177263,6a0725621168540d5200cba214d6ebe7,1.0,273530914,650807856,4192291050,2018-08-07,delivered,98.9,16.96,115.86,boleto,1.0,2.0,-4.0,0.0
619159835,9fce3cd33d8928808f389d86ea7556e6,1.0,2369005582,4294399807,2308685613,2018-08-21,delivered,82.49,8.74,91.23,credit_card,1.0,7.0,1.0,1.0
285464102,7243abbcc141cf4109c70f6bfbd736ca,1.0,614037882,1920622603,447945570,2018-07-25,delivered,59.9,13.72,73.62,credit_card,2.0,2.0,-11.0,0.0
3617581130,a536641274ad7eca34443ef56220524d,1.0,503672207,1221457373,935749508,2018-07-06,delivered,56.99,13.98,70.97,credit_card,2.0,7.0,-11.0,0.0
2828450675,45acb6840b062e10dd63454b19ce5212,1.0,549360000,2611165937,3267771422,2018-07-03,delivered,779.9,67.48,847.38,debit_card,1.0,8.0,-20.0,0.0
2791844813,5494d7febdfd2f93ebdb691782d56f02,1.0,3994141745,1039440034,1734769477,2018-07-09,delivered,199.9,14.23,214.13,boleto,1.0,4.0,-5.0,0.0
1367654978,d896771c13346a1152e08d268514f544,1.0,3886955367,2554885076,581044507,2018-07-01,delivered,249.0,19.84,268.84,credit_card,1.0,5.0,-20.0,0.0
1899301268,672240472a9a48838f902ff436aab4bd,1.0,4228664892,231270542,3474918787,2018-08-13,delivered,69.9,34.28,95.9736887921654,credit_card,4.0,5.0,-10.0,0.0
1840197230,672240472a9a48838f902ff436aab4bd,2.0,4228664892,2311879526,3485175421,2018-08-13,delivered,113.9,34.28,156.3863112078346,credit_card,4.0,5.0,-10.0,0.0
3787454013,1109a323a5e20da772a2f7b3cb0f9af7,1.0,1151496920,3898251050,96764808,2018-07-22,delivered,14.9,12.79,27.69,credit_card,1.0,7.0,-8.0,0.0
2538798440,3cc9d3f8dca39fc7c29d082e1197b488,1.0,1264151498,2466355469,523493826,2018-07-02,delivered,66.99,27.75,94.74,credit_card,2.0,9.0,-19.0,0.0
1159194646,15d19cc3fdb1b3bdea39f23b8f3a7a11,1.0,2000016269,3655495200,4156473050,2018-07-25,delivered,27.9,7.46,35.36,credit_card,4.0,2.0,-6.0,0.0
4068395636,15d19cc3fdb1b3bdea39f23b8f3a7a11,2.0,2000016269,3655495200,4156473050,2018-07-25,delivered,27.9,7.46,35.36,credit_card,4.0,2.0,-6.0,0.0
506544914,15d19cc3fdb1b3bdea39f23b8f3a7a11,3.0,2000016269,3655495200,4156473050,2018-07-25,delivered,27.9,7.46,35.36,credit_card,4.0,2.0,-6.0,0.0
3715979404,15d19cc3fdb1b3bdea39f23b8f3a7a11,4.0,2000016269,3655495200,4156473050,2018-07-25,delivered,27.9,7.46,35.36,credit_card,4.0,2.0,-6.0,0.0
166472061,a4ca2ef2db84bd36005b60249c9600d7,1.0,1632383949,2466355469,523493826,2018-07-14,delivered,66.99,27.75,94.74,credit_card,4.0,25.0,2.0,1.0
2180699142,a4ca2ef2db84bd36005b60249c9600d7,2.0,1632383949,2466355469,523493826,2018-07-14,delivered,66.99,27.75,94.74,credit_card,4.0,25.0,2.0,1.0
3530059252,a4ca2ef2db84bd36005b60249c9600d7,3.0,1632383949,2466355469,523493826,2018-07-14,delivered,66.99,27.75,94.74,credit_card,4.0,25.0,2.0,1.0
225642912,a4ca2ef2db84bd36005b60249c9600d7,4.0,1632383949,2466355469,523493826,2018-07-14,delivered,66.99,27.75,94.74,credit_card,4.0,25.0,2.0,1.0
2909146751,5c38655d217f80fb8ad2c39a7c0a816b,1.0,3185054899,3426295990,1305533294,2018-08-13,delivered,78.8,18.65,97.45,credit_card,8.0,4.0,-13.0,0.0
1725803687,087a1c1dfd41b68ab6a6cd8551147bb2,1.0,1118064579,1570888716,53223181,2018-07-30,delivered,27.9,7.46,35.36,credit_card,1.0,14.0,6.0,1.0
3657783835,aa964845f1de8125410aea8b73e9e1ec,1.0,572248192,587036,1696683105,2018-08-10,delivered,19.95,7.4,27.35,credit_card,2.0,4.0,-3.0,0.0
3519334661,942bfba61040fe93e3038099eb60fe31,1.0,1602578021,3714113067,890939886,2018-08-21,delivered,43.89,15.41,59.3,boleto,1.0,7.0,-15.0,0.0
3695607799,75d064d09b807b1fe4b662a0b7611f8b,1.0,384120331,1386229069,3622402055,2018-07-04,delivered,49.9,18.45,68.35,credit_card,2.0,23.0,-6.0,0.0
1152268546,6940c4da07984a3f1986bff00cc21ef2,1.0,535787394,3466647513,2248653413,2018-08-20,delivered,65.0,23.26,88.26,boleto,1.0,8.0,-17.0,0.0
2819473724,48e72584a72dfd3dcb2ed3a6c5ea07ce,1.0,3367529699,650566202,1763790356,2018-08-05,delivered,219.0,24.25,243.25,credit_card,1.0,10.0,-2.0,0.0
1681573570,dc2098287a90d976b893165c71dfa020,1.0,270648597,2999828600,879645702,2018-08-14,delivered,29.8,12.87,42.67,credit_card,2.0,6.0,-2.0,0.0
3958600288,bfd279d30475171e707bc248cffdc615,1.0,2210212545,1920871623,1303264640,2018-07-26,delivered,55.16,23.19,78.35,credit_card,2.0,7.0,-11.0,0.0
2365735592,78219cc6b17d2b84d847bbf8b470316c,1.0,399671737,2562824348,3485175421,2018-07-13,delivered,69.9,14.8,84.7,credit_card,8.0,6.0,-7.0,0.0
854002089,707d2a86b1e20b0fdcd7a45446d4b8fd,1.0,3981314193,1879620740,2598814270,2018-07-23,delivered,158.9,23.04,181.94,credit_card,2.0,6.0,-11.0,0.0
3699604343,456f9f06a58b9d22e98d54aeae391575,1.0,2069712231,953178420,2324869708,2018-08-08,delivered,129.9,27.21,157.11,credit_card,1.0,5.0,-7.0,0.0
2352444528,6cbe1e11a1d2be3cada894fcdcbb020e,1.0,2432214935,1583360815,1140572287,2018-08-19,delivered,58.26,15.51,73.77,credit_card,1.0,7.0,-4.0,0.0
2556937795,70a3acb4b096f675be6a2e03e2fb67bd,1.0,760832003,1525257947,4253320293,2018-07-12,delivered,699.99,162.4,862.39,credit_card,10.0,27.0,-4.0,0.0
1353837801,bedff73fa5a137527ba9314cac93b7b3,1.0,3000303353,3123503704,3003602011,2018-07-18,delivered,29.99,8.37,38.36,voucher,1.0,2.0,-11.0,0.0
2329771882,11e930fd8da276f30361256c23d58196,1.0,775311337,3910823910,856369810,2018-08-08,delivered,59.9,18.52,78.42,credit_card,7.0,8.0,-12.0,0.0
1650140600,206d1a13596872a713dba14504fdf699,1.0,3242087650,3468958131,1987382822,2018-07-29,delivered,268.38,18.07,286.45,credit_card,8.0,7.0,-9.0,0.0
1181489790,8006b152280a7ed38378fc8eaa989a7c,1.0,2657960581,4076135177,596468350,2018-08-03,delivered,64.0,14.03,78.03,credit_card,7.0,3.0,-7.0,0.0
2707045981,61ce184c1c73abf33b18c98b0dff1229,1.0,4246857342,1978147674,1212548875,2018-07-04,delivered,79.9,19.75,99.65,credit_card,6.0,7.0,-20.0,0.0
766721765,58435d6ff97216c2ca1eab87aba77dff,1.0,4256354016,810589203,2775148626,2018-07-13,delivered,58.0,18.51,76.51,credit_card,1.0,10.0,-21.0,0.0
49851083,575d1ab8d021ded6ab9bd7340d7b7b42,1.0,4060676109,884465011,3851041961,2018-08-07,delivered,95.9,7.93,103.83,credit_card,1.0,5.0,-1.0,0.0
4253324387,1d771c735d9b9bb916e1dce8ef5c6c08,1.0,2745306077,2086799907,4109428959,2018-07-25,delivered,29.67,15.31,44.98,debit_card,1.0,7.0,-15.0,0.0
3531791201,a2f11c7013b28222f6c33526257ce2bf,1.0,355972207,3201228581,926823165,2018-07-20,delivered,19.9,18.24,0.0,unknown,0.0,7.0,-11.0,0.0
773023244,1265cc7a9988226b4abf1885582ceade,1.0,2285272411,2704874729,1521578955,2018-08-06,delivered,42.9,11.32,54.22,credit_card,5.0,6.0,0.0,0.0
1465318881,0f75a37d009ad9d4a48e51e7cd1dff46,1.0,3633084684,3925830900,2276188592,2018-07-02,delivered,169.0,109.85,278.85,credit_card,2.0,6.0,-17.0,0.0
1466028289,99835a9f07d63f83120175303229a57e,1.0,1387102153,3064017485,1399826378,2018-08-08,delivered,52.9,9.12,62.02,boleto,1.0,6.0,-6.0,0.0
1954123657,05a6f444527fc90e28da6088b1707b20,1.0,609429109,3331838550,2636346249,2018-08-03,delivered,79.9,18.66,98.56,credit_card,1.0,17.0,-3.0,0.0
2445599663,93c781a8790c89bac596f6ff7d924c73,1.0,1374524979,904307175,3267334493,2018-07-03,delivered,69.99,23.29,93.28,credit_card,4.0,7.0,-20.0,0.0
545634029,39b8dcf4238242e14fdd2b3f8b9517a3,1.0,3560913117,734779691,3667124800,2018-07-26,delivered,64.9,7.71,72.61,credit_card,5.0,4.0,-4.0,0.0
2388464903,dcc391b80d70c66575fd8864b3ac56c3,1.0,1029082043,710570299,873124783,2018-08-23,delivered,19.9,8.3,28.2,boleto,1.0,4.0,-3.0,0.0
2194962080,1121eace8f44a76b9fea9b1d67d87aef,1.0,1378729027,2381369658,2373578609,2018-08-21,delivered,387.9,13.74,401.64,credit_card,10.0,3.0,-4.0,0.0
3058273513,72350c18f769b53bf1ae2519359092e5,1.0,3009663699,1360217826,369470563,2018-07-16,delivered,169.0,16.28,185.28,credit_card,2.0,8.0,-13.0,0.0
888762653,3c861124656eab16c456bc59cf05a0da,1.0,715047760,3701586268,2384848440,2018-08-16,delivered,59.9,15.52,75.42,credit_card,7.0,3.0,-25.0,0.0
49818169,8733317e2e5debfd2f5d513f545ba3b0,1.0,1831917187,2152019622,3778119994,2018-08-01,delivered,45.0,15.42,60.42,credit_card,2.0,4.0,-10.0,0.0
1067642206,d82f458128cce1940c20471a5664179d,1.0,4174019844,3540254973,811506041,2018-07-18,delivered,17.9,8.88,26.78,credit_card,2.0,2.0,-6.0,0.0
2949126846,4497ba9d409157ae7bc8aaf8fd113307,1.0,2036980830,1999214384,1700921277,2018-08-07,delivered,339.0,33.42,372.42,credit_card,2.0,5.0,-1.0,0.0
2989402150,8493710d4f0b7559f92171df102ea693,1.0,2964876682,3530370280,1480205621,2018-08-10,delivered,798.0,21.78,819.78,credit_card,4.0,6.0,-13.0,0.0
4004500413,b436eb981676e54c0bc9bcade0e079c4,1.0,3660879561,2703559634,2797441517,2018-08-06,delivered,208.25,30.08,236.65553948287277,credit_card,10.0,3.0,-20.0,0.0
1839130899,b436eb981676e54c0bc9bcade0e079c4,2.0,3660879561,39787197,3371283952,2018-08-06,delivered,198.14,30.08,225.16652385659737,credit_card,10.0,3.0,-20.0,0.0
3830908678,b436eb981676e54c0bc9bcade0e079c4,3.0,3660879561,3715282458,3371283952,2018-08-06,delivered,325.5,30.08,369.8985743177675,credit_card,10.0,3.0,-20.0,0.0
862002331,b436eb981676e54c0bc9bcade0e079c4,4.0,3660879561,1875422099,3371283952,2018-08-06,delivered,150.0,30.08,170.46017249666704,credit_card,10.0,3.0,-20.0,0.0
3235199172,b436eb981676e54c0bc9bcade0e079c4,5.0,3660879561,2161576568,3371283952,2018-08-06,delivered,220.74,30.08,250.84918984609524,credit_card,10.0,3.0,-20.0,0.0
56959437,22e93d4515387496e3bd3cf6e8eca396,1.0,2104879085,4294399807,2308685613,2018-08-07,delivered,81.49,8.73,90.22,credit_card,1.0,7.0,1.0,1.0
1537479920,0412781fb7b094ddbd06503035a2964c,1.0,3629626529,823572531,3051201525,2018-08-20,delivered,89.0,14.93,103.93,credit_card,2.0,4.0,-10.0,0.0
597855370,cdbbf42ba3892a989ca5b644ee43db7f,1.0,3791912561,2372844897,1147146951,2018-08-03,delivered,54.0,19.29,73.28999999999999,credit_card,2.0,10.0,-16.0,0.0
4001297499,b1829b9fc61d2f28d8668cd5bde29e3f,1.0,2919624195,965976561,3302929409,2018-07-20,delivered,17.42,11.15,28.57,debit_card,1.0,8.0,-2.0,0.0
2071510893,2446a642fca6873ebfd22332c6657732,1.0,2029415878,3916966587,3574541917,2018-08-02,delivered,120.0,12.5,138.29268292682926,credit_card,1.0,7.0,-13.0,0.0
79690923,2446a642fca6873ebfd22332c6657732,2.0,2029415878,4275069517,3626123686,2018-08-02,delivered,44.0,12.5,50.707317073170735,credit_card,1.0,7.0,-13.0,0.0
2834568133,85c1196c9210adc4d2a1b1685b1d0404,1.0,1685715834,1224800528,3586621305,2018-08-14,delivered,289.99,18.96,308.95,credit_card,3.0,7.0,-8.0,0.0
117909084,3c8cf4a64088009cadc132d10d0ae7f4,1.0,3049783989,3521977372,1951856326,2018-08-02,delivered,43.9,3.89,54.82351812366738,credit_card,1.0,5.0,-10.0,0.0
1693018118,3c8cf4a64088009cadc132d10d0ae7f4,2.0,3049783989,749510779,667979233,2018-08-02,delivered,49.9,19.45,62.316481876332624,credit_card,1.0,5.0,-10.0,0.0
2524132054,0dd15079372ce401518ac26321947143,1.0,719515810,1240200412,3055262203,2018-07-04,delivered,79.0,18.65,97.65,credit_card,1.0,10.0,-10.0,0.0
968268648,bfd8b65b23bbf044e7ae60f3682bc225,1.0,1305672873,3655495200,4156473050,2018-08-01,delivered,27.9,7.46,35.36,credit_card,1.0,2.0,-3.0,0.0
402870287,dbf5aec766985e6f34f73cc4560a5123,1.0,1370416656,1785023415,2878548716,2018-07-21,delivered,29.9,18.31,48.21,credit_card,1.0,5.0,-12.0,0.0
3372469157,dbf5aec766985e6f34f73cc4560a5123,2.0,1370416656,1785023415,2878548716,2018-07-21,delivered,29.9,18.31,48.21,credit_card,1.0,5.0,-12.0,0.0
3829047914,6640f4ae940f8fe977395633d7dd05f8,1.0,1077771887,596427865,1008270582,2018-08-10,delivered,115.99,17.94,133.93,credit_card,3.0,5.0,-8.0,0.0
2633791076,aeda3634e9cb15b0f339f34392a15b45,1.0,2574340131,345205313,2235530015,2018-07-29,delivered,839.0,23.08,862.08,credit_card,6.0,3.0,-2.0,0.0
2301569219,af7b1f7080ed76cd6d266c0ce5a13044,1.0,8383185,3936216330,730094745,2018-07-17,delivered,33.99,12.9,46.89,boleto,1.0,8.0,-14.0,0.0
2085058098,c07e1447e2887a9588ca8fbbe9d3c549,1.0,873301479,1411309625,2636346249,2018-08-06,delivered,27.99,18.3,46.29,credit_card,1.0,4.0,-12.0,0.0
371736286,400067025519f050d696583e2e6df305,1.0,608307026,2709425629,3446539219,2018-07-22,delivered,97.5,14.99,112.49,credit_card,4.0,8.0,-9.0,0.0
256158229,2d9196aaddb5713a576a0f4acdf102a0,1.0,1212511375,302400981,2304947736,2018-07-25,delivered,49.0,7.6,56.6,credit_card,2.0,1.0,-6.0,0.0
1343875204,0f44fd64ee902f504aefed510fbcb8e7,1.0,305364696,2400743742,2060950116,2018-08-10,delivered,49.0,13.68,62.68,credit_card,5.0,9.0,0.0,0.0
2132807787,420fb4457bf13ecb615ef8bd9dacdc03,1.0,874369667,685406600,2722740119,2018-08-03,delivered,209.0,20.65,229.65,credit_card,2.0,18.0,-7.0,0.0
1687420389,a8fabca91cde3202401e6078441f1cd2,1.0,1664906499,3478202829,918571473,2018-07-13,delivered,154.91,19.18,174.09,boleto,1.0,27.0,-7.0,0.0
3487342188,5bb6be5ac31d6ab742083dec19b729c8,1.0,1495622365,3601059045,3633342575,2018-07-24,delivered,13.99,15.23,29.22,boleto,1.0,8.0,-20.0,0.0
2392865606,cae717bb5d2448081dd91756a3842833,1.0,1347691764,3986391110,4055463965,2018-07-10,delivered,28.9,15.3,44.2,boleto,1.0,10.0,-12.0,0.0
2248137146,39f71ba799c87ce196465bad51c55d0d,1.0,1089365782,2571297348,666264880,2018-08-07,delivered,34.5,12.9,47.4,credit_card,1.0,9.0,0.0,0.0
2802292570,1b9411e11370aedecc0bb2daa7f41501,1.0,2133453560,422069641,1919968767,2018-08-17,delivered,95.0,15.77,110.77,credit_card,1.0,10.0,-10.0,0.0
2841042750,6f028ccb7d612af251aa442a1fb8b5d0,1.0,2998231,3281931715,3267771422,2018-08-05,shipped,35.9,8.41,44.31,credit_card,2.0,,,
909205320,8913cd2b52dc823cb5bd0dbcfc666799,1.0,716360217,1927880735,1018258220,2018-08-08,delivered,74.65,8.26,82.91,credit_card,1.0,5.0,-2.0,0.0
1915709907,ae022df91338bf0b68f5d5f179ad8492,1.0,2117009598,511835967,2127264097,2018-08-03,delivered,57.9,23.56,81.46,credit_card,1.0,10.0,-17.0,0.0
835030976,ceb9ba23c2692423f47bd10e0f86bcc5,1.0,239086981,441397869,3514986460,2018-08-21,delivered,229.99,19.41,249.4,credit_card,8.0,7.0,-3.0,0.0
2615894260,6ea4cd6f1ec3ef5b3dfeb0c90093a5d0,1.0,3343112760,1310403558,3809290688,2018-08-22,delivered,32.0,8.97,40.97,boleto,1.0,8.0,0.0,0.0
3429039336,93404003d3192d8a2d781361faa129dc,1.0,1230047526,382025549,420819844,2018-08-24,delivered,35.0,13.83,48.83,credit_card,1.0,4.0,-7.0,0.0
439057516,63cd4c6c97737eb374e4b09ed5c1379a,1.0,4044286309,2279519637,2580370799,2018-07-24,delivered,799.9,72.74,872.64,credit_card,5.0,13.0,-15.0,0.0
3670340915,bf8569849cf96423f89a59792c83184e,1.0,2787044067,3176658341,2384848440,2018-08-03,delivered,129.9,27.89,157.79,credit_card,7.0,4.0,-8.0,0.0
601939444,155ef0fdd47407446e4fd43d34997bbb,1.0,1123807724,1771343477,2082347993,2018-07-19,delivered,249.0,33.53,282.53,credit_card,4.0,20.0,-5.0,0.0
1257708934,c51937c0ea3f397cbf08be8fbdce3730,1.0,1650897375,2254554039,4194263931,2018-07-12,delivered,133.9,14.28,148.18,credit_card,6.0,11.0,-17.0,0.0
302816179,48ea816d75222e26e37782d2ebe2ea5b,1.0,1740960602,115862450,3131976384,2018-08-08,delivered,449.0,84.45,533.45,credit_card,8.0,7.0,-5.0,0.0
2555769200,848cde78cd7e1fb3095502b79217a7ce,1.0,1417717185,2812814364,1993625437,2018-08-09,delivered,49.9,18.45,68.35,boleto,1.0,10.0,-7.0,0.0
3042370062,848cde78cd7e1fb3095502b79217a7ce,2.0,1417717185,850671578,1993625437,2018-08-09,delivered,49.9,18.45,68.35,boleto,1.0,10.0,-7.0,0.0
2438756454,55a1bd51649b05cde9220959adebef9b,1.0,1472227430,1266183874,2580370799,2018-07-20,delivered,109.9,22.7,132.6,credit_card,1.0,14.0,-20.0,0.0
1690947361,db33c2c3cc0b7e95e31b9ea491ece2a9,1.0,373679607,1433941695,3922805067,2018-08-13,delivered,64.9,23.6,88.5,boleto,1.0,11.0,-10.0,0.0
327325483,02a98752595ee9d94c570ad3e18055b4,1.0,3222522210,3983692150,4106597905,2018-08-02,delivered,68.9,11.5,80.4,credit_card,2.0,5.0,0.0,0.0
821673529,2e240f743fe9574f3e0ae4bf33e43a70,1.0,3086258157,3677263161,2997337676,2018-07-10,delivered,449.9,53.87,503.77,credit_card,8.0,13.0,-15.0,0.0
2322941935,b12e06af2feaab15941320b70896b799,1.0,3863956147,2998477949,1579044475,2018-08-08,delivered,110.0,18.87,128.87,credit_card,3.0,5.0,-4.0,0.0
1595778110,29da327955bc0e7d3be1b98d93d0903e,1.0,1415941974,553667404,2880307388,2018-08-05,delivered,79.9,19.75,99.65,boleto,1.0,18.0,-6.0,0.0
3129466325,98106dc1817ee224a51dc63feb059126,1.0,1376014592,140816579,2622583364,2018-07-01,delivered,318.0,15.81,333.81,credit_card,8.0,4.0,-20.0,0.0
1539022406,1afe384f199748cff7a42c9902065560,1.0,2229948750,886899553,4253320293,2018-08-21,delivered,599.99,29.18,629.17,credit_card,8.0,2.0,-27.0,0.0
3333242423,ddee5c5feeb0bf3d7d713fb1192977a8,1.0,1655682883,2095152925,3169644834,2018-08-20,delivered,29.99,15.28,45.27,credit_card,1.0,7.0,-3.0,0.0
3305569448,928c5b1abd62c91a35df8614b271d05e,1.0,850617108,763667658,1203697143,2018-08-08,delivered,12.88,18.23,31.11,boleto,1.0,8.0,-6.0,0.0
3031798526,69cfaf72cc14e5d3ade9e5f121f74c19,1.0,2225955982,1255262239,2384848440,2018-08-05,delivered,129.9,27.89,157.79,credit_card,1.0,2.0,-13.0,0.0
2365590320,0036757472ece3dde52fd4bfd929c90e,1.0,952335499,2787636033,2082347993,2018-07-19,delivered,136.99,66.04,203.03,debit_card,1.0,20.0,-11.0,0.0
1532911654,12464d1f4f0401e086966a5333ae812a,1.0,3328723547,501284741,2304947736,2018-07-04,delivered,49.0,7.6,56.6,boleto,1.0,2.0,-12.0,0.0
151755209,386566ace975071b7888fe4ef940d582,1.0,2485642352,1347147633,1017497319,2018-07-17,delivered,70.0,16.68,86.68,credit_card,1.0,7.0,-9.0,0.0
1865636741,cba47f17b35cccac068f7f6cec4d99d7,1.0,4066158236,2145886113,1277691880,2018-08-10,delivered,59.9,24.29,84.19,credit_card,3.0,10.0,-1.0,0.0
1053797880,b1c868aa288ab0e4006db84876398e68,1.0,3708183644,1627637832,1345082375,2018-08-01,delivered,189.0,33.62,222.62,credit_card,6.0,2.0,-4.0,0.0
3307305081,d53fe820dc149e739012c03f9409f67a,1.0,2369331194,3123503704,3003602011,2018-07-30,delivered,29.99,8.37,38.36,credit_card,1.0,8.0,1.0,1.0
2716666911,5f0a629aeece4974825fe52949c74603,1.0,592605783,811558121,2541707223,2018-08-15,delivered,299.9,24.03,323.93,credit_card,4.0,14.0,-7.0,0.0
4136590349,bcaa7f7240deb32b0410ee6cc085d9b4,1.0,412597368,3434274848,368619248,2018-08-12,delivered,128.0,8.16,136.16,credit_card,2.0,2.0,-6.0,0.0
1080910104,8a4f504a9826004fb1b0957a12aad33a,1.0,945274467,969012648,1763790356,2018-08-20,delivered,650.0,39.0,688.995,credit_card,8.0,9.0,-27.0,0.0
1033657666,8a4f504a9826004fb1b0957a12aad33a,2.0,945274467,969012648,1763790356,2018-08-20,delivered,650.0,39.0,688.995,credit_card,8.0,9.0,-27.0,0.0
3940418991,982210beec2a93bef93d48a68cd2c184,1.0,2719014891,1063886293,53223181,2018-07-07,delivered,275.49,9.67,285.16,credit_card,5.0,4.0,-8.0,0.0
4149277303,afaa845a7a044d65051e77109d5b6ac2,1.0,736556247,2911624243,2304947736,2018-08-04,delivered,69.0,18.58,87.58,credit_card,1.0,6.0,-7.0,0.0
3017331319,97bf8b75ec5d43d2959e1bcc0c9b1fce,1.0,298236256,2716452008,422090325,2018-07-18,delivered,13.0,7.39,20.39,credit_card,1.0,2.0,-7.0,0.0
4100619961,db66dca329373cf37340222e240340b6,1.0,721344681,1196782254,1823190993,2018-08-17,delivered,1988.0,26.99,2014.99,credit_card,10.0,11.0,-22.0,0.0
2444307894,bb50a28145ecd1a42277631daa877711,1.0,3025013985,2598520537,1868809992,2018-08-14,delivered,105.0,27.04,132.04,boleto,1.0,13.0,-4.0,0.0
360558144,739554bca7c0f1d20cf28779b6e37aa4,1.0,901740965,2187810203,1379301944,2018-07-30,delivered,90.0,8.37,98.37,credit_card,1.0,6.0,3.0,1.0
386667191,1d5da6a7254f9d8a759db4c8d457e630,1.0,4222390048,898523551,737969628,2018-07-19,delivered,79.9,27.51,107.41,credit_card,5.0,8.0,-13.0,0.0
3056431846,5a8c964d59cf60933991dc8ebb88bfa2,1.0,1568184775,3656280045,3267334493,2018-07-22,delivered,44.99,22.25,67.24,credit_card,1.0,7.0,-14.0,0.0
2489652135,8ec26dd02af502c1a8210efc0bb02c0a,1.0,2924469040,2993212375,1410726319,2018-07-29,delivered,56.9,18.5,75.4,credit_card,4.0,4.0,-6.0,0.0
3758479750,6ec0422123f3eee03ea0f73c0e377915,1.0,2377492045,1425614791,3485175421,2018-07-26,delivered,77.9,23.35,101.25,credit_card,6.0,13.0,-5.0,0.0
888017226,c72ab77b36e73ef2e5f95a0c2f9fa739,1.0,1663732592,3855161816,4120033478,2018-07-30,delivered,29.9,18.31,48.21,voucher,1.0,9.0,-6.0,0.0
2673505264,d14da316939ad2245cd4bb898bc45a62,1.0,720119358,2653629500,2629314654,2018-07-18,delivered,34.99,15.35,50.34,credit_card,4.0,6.0,-21.0,0.0
1632683438,02fc75303e2529f036cb819168fa21a0,1.0,2223700677,3031962027,3633342575,2018-07-17,delivered,50.0,18.45,68.45,credit_card,3.0,6.0,-10.0,0.0
2059124902,d40cae317472956cd556dacb126e481c,1.0,2530146326,656724483,4194263931,2018-07-27,delivered,100.9,15.01,115.91,credit_card,1.0,18.0,-10.0,0.0
2034971828,248c46bb0e95b62198fe84442400b7f4,1.0,1094932285,515708459,3129531441,2018-08-11,delivered,150.0,18.85,168.85,credit_card,4.0,5.0,-12.0,0.0
1686234224,326fa4ef13e06290f3b142da7663d4af,1.0,4259826234,1695865752,3474918787,2018-08-06,delivered,69.9,22.77,64.82,voucher,1.0,11.0,-6.0,0.0
1272741066,622b9d86199a98a59cded9f26507efce,1.0,3940049677,493282299,1422840891,2018-08-21,delivered,59.9,15.52,75.42,credit_card,1.0,6.0,-17.0,0.0
3160207324,1534266375dc7e304dd7e81942cb25cd,1.0,807284431,3173926800,1575130812,2018-07-04,delivered,229.0,23.53,252.53,boleto,1.0,7.0,-28.0,0.0
2369900583,c919149cd022b45a249fb326d2ee89ab,1.0,1894277675,641605275,2162601002,2018-07-30,delivered,115.0,22.74,0.0,unknown,0.0,8.0,-8.0,0.0
2089971922,7be3bc8a993254a45f536cd9b418f275,1.0,941803701,2670103571,3267771422,2018-07-27,delivered,74.9,11.54,86.44,boleto,1.0,6.0,-4.0,0.0
3391855016,9c8922b42eceb3b3bffa3b3e098eecc4,1.0,3824787558,1819289724,819761952,2018-08-03,delivered,34.0,19.43,53.43,credit_card,1.0,6.0,-7.0,0.0
3333815690,6278b210eed972794a1824a444ed2efe,1.0,2320359096,3994179606,1107359178,2018-07-04,delivered,169.9,27.49,197.39,boleto,1.0,9.0,-12.0,0.0
2357445066,16ac52984591a32873cdec7382495c2c,1.0,3749752728,600205947,72832377,2018-07-10,delivered,24.99,7.44,32.43,credit_card,1.0,2.0,-6.0,0.0
3054229252,b8dbf67f537e4897a9d5d6569fd7ea01,1.0,3033156548,585379882,1361108180,2018-08-10,delivered,199.99,24.55,224.54,credit_card,5.0,19.0,-11.0,0.0
2191767312,15c27084788815475d3d73afe7dc2330,1.0,3532757779,4240759287,320598950,2018-07-29,delivered,110.0,30.57,140.57,credit_card,2.0,7.0,-3.0,0.0
744199436,2ce205c58fef8abc5963b6da38e4b2fe,1.0,2432037064,3138985478,3554345266,2018-08-06,delivered,169.9,14.4,184.3,credit_card,2.0,7.0,-6.0,0.0
930522696,1c1c151fd9d7a589bffa44635f4f1310,1.0,3395368029,4137576693,2636346249,2018-07-30,delivered,37.99,7.53,45.52,credit_card,1.0,4.0,1.0,1.0
3192453969,cf9bb4d37d0b4a4df8b2d95bc83a1539,1.0,168545927,3717231144,3633342575,2018-07-15,delivered,19.0,19.04,38.04,boleto,1.0,12.0,-11.0,0.0
379069805,a4fa719430167664811c30680941ec40,1.0,547276166,2319353481,1125369443,2018-08-06,delivered,290.0,25.18,315.18,credit_card,1.0,9.0,-5.0,0.0
3273380403,d2651bbfae1f2a0814488eea7ff6165d,1.0,4056046853,3969958778,1503930686,2018-08-14,delivered,166.9,27.47,194.37,credit_card,3.0,8.0,-18.0,0.0
1200076971,4a17b2645f4598da6cdcd43f785b9b1f,1.0,961730444,2901088669,3106288757,2018-08-22,delivered,59.9,8.58,68.48,boleto,1.0,2.0,-3.0,0.0
1737715228,9aa39c76674f9f645b97303b4c2e3cc4,1.0,2661628358,1649591976,549759410,2018-07-05,delivered,26.5,19.1,45.6,credit_card,1.0,7.0,-20.0,0.0
3868968451,0b90ac9175a39196661a45b34be587e4,1.0,2830881267,441725126,487055631,2018-08-03,delivered,109.0,22.58,131.58,boleto,1.0,8.0,-4.0,0.0
2045591025,ad0e8e3c3cda723a11733875aea3ec64,1.0,2805209412,1628149386,3774348967,2018-08-15,delivered,199.0,9.55,208.55,credit_card,2.0,2.0,-4.0,0.0
73167618,4bef799000dee0ad92c4b0397f9d16ed,1.0,3963681087,2594243068,3358667535,2018-07-20,delivered,145.9,15.33,161.23,credit_card,4.0,16.0,-1.0,0.0
2345228770,4718e26e21843ffdf11aec010a344436,1.0,363562952,164174645,2283216182,2018-07-27,delivered,299.0,20.19,319.19,credit_card,4.0,6.0,-15.0,0.0
2534916734,72cbfe19815431911a3cd015972b7796,1.0,514643976,3725021841,1553669565,2018-07-27,delivered,27.9,8.95,36.85,credit_card,3.0,4.0,-3.0,0.0
97353069,bc3053323265f6f77fe8744affba5e8e,1.0,1708538937,3327406998,2949449251,2018-08-16,delivered,41.9,18.39,60.29,credit_card,1.0,11.0,-15.0,0.0
3646662411,aa21334313579b3bf1d6e8a10de215af,1.0,794339273,3981758730,2190763425,2018-07-18,delivered,58.67,13.99,72.66,credit_card,4.0,17.0,-19.0,0.0
463975640,e27b496ee62de9d46e3f1ed56c2c49c3,1.0,1086925024,1816939174,1550185782,2018-08-13,delivered,85.99,23.4,109.39,credit_card,3.0,7.0,-11.0,0.0
1149750965,0c7ac4325ae837f28df12a94a51cf375,1.0,1988625901,1566704002,2085372711,2018-08-11,delivered,55.0,15.49,70.49,credit_card,3.0,10.0,-9.0,0.0
2321366682,92c735f4e752b94e7ba2fbebda5f4027,1.0,4054305572,1127105708,2053848117,2018-08-22,delivered,33.0,8.98,41.98,credit_card,1.0,2.0,-3.0,0.0
2345803457,90583aeed06ff85179fe55dc956ce115,1.0,3764369726,1186018206,3783637211,2018-08-04,delivered,54.99,18.49,73.48,boleto,1.0,9.0,-3.0,0.0
731360081,964d26975fc593c3862d2478025f51cf,1.0,4144296062,439591192,3783637211,2018-08-05,delivered,74.89,8.68,83.57,credit_card,1.0,8.0,1.0,1.0
311259688,2cf6d5c8b5d68450841cfcc272ec3cee,1.0,262582145,3025566640,603112042,2018-08-02,delivered,179.99,38.49,218.48,credit_card,10.0,19.0,-13.0,0.0
149081426,c571e33a662a6379681a73ca764dc4e4,1.0,2761817802,984076612,181377286,2018-08-17,delivered,385.0,39.99,424.99,credit_card,8.0,12.0,-33.0,0.0
1781511206,be604de4ce5e2e8658c03895db0621a9,1.0,850416402,807632778,1017497319,2018-08-20,delivered,36.82,7.52,44.34,credit_card,2.0,11.0,8.0,1.0
1285493977,6b34444470c3f9256eb504e61edcd608,1.0,4230284647,1493691091,2355698489,2018-07-06,delivered,21.5,7.41,28.91,boleto,1.0,7.0,-6.0,0.0
814189561,7712b67443279dfd94a4e64f55b624d4,1.0,1654745102,1128638177,4160630161,2018-08-13,delivered,47.3,15.43,62.73,credit_card,3.0,7.0,-29.0,0.0
144201371,2af5542876588b6d1e2d52ec6bf14a41,1.0,1440374660,2754042193,391897587,2018-07-08,delivered,7.99,7.87,15.86,credit_card,1.0,3.0,-8.0,0.0
1101195568,651f02528e2e297f3d28dca2f4c09a51,1.0,3584835795,3490772157,4028933957,2018-07-28,delivered,97.2,15.78,112.98,credit_card,6.0,10.0,-9.0,0.0
489496240,88d8024d811be666f66e7199e27a830b,1.0,3376368180,3397462134,4074359584,2018-08-12,delivered,35.9,12.91,48.81,credit_card,4.0,6.0,-6.0,0.0
288614402,2c6b7c49452d044cc8dff84245e1f553,1.0,1731484091,3735819074,3734320862,2018-08-25,delivered,48.45,13.0,61.45,credit_card,3.0,4.0,-13.0,0.0
1860295702,2996234f359b5a3b99263b0f5b841d86,1.0,2529056086,1176430531,3485175421,2018-08-15,delivered,68.5,19.67,88.17,credit_card,4.0,7.0,-13.0,0.0
1521597901,4d02fcbcbf4a19682c0c09fb8fc8005f,1.0,1917030061,54653615,3790156441,2018-07-24,delivered,209.0,48.85,257.85,credit_card,1.0,1.0,-6.0,0.0
29557862,0c986e5002868d137f566b34fb183827,1.0,234712207,3004841604,357383673,2018-07-31,delivered,129.9,16.22,0.0,unknown,0.0,2.0,-11.0,0.0
4044539370,d3ba9cc2ed6bfcb179c9d654974de7f7,1.0,666505379,3538124536,1903241208,2018-07-22,delivered,9.99,16.32,26.31,credit_card,2.0,4.0,-17.0,0.0
408443738,5de9ecce32c65cf52b1602cdac27f7f2,1.0,256399059,161421957,3769312780,2018-07-06,delivered,69.0,8.99,77.99,credit_card,1.0,4.0,-9.0,0.0
1441424151,7289e899d9083d1c93469d36a42d1dea,1.0,214162018,4064444055,1692866640,2018-07-04,delivered,28.78,18.37,47.14999999999999,boleto,1.0,5.0,-15.0,0.0
361346523,7289e899d9083d1c93469d36a42d1dea,2.0,214162018,4064444055,1692866640,2018-07-04,delivered,28.78,18.37,47.14999999999999,boleto,1.0,5.0,-15.0,0.0
918930608,7289e899d9083d1c93469d36a42d1dea,3.0,214162018,4064444055,1692866640,2018-07-04,delivered,28.78,18.37,47.14999999999999,boleto,1.0,5.0,-15.0,0.0
3053540094,1c7348dbdae957a76d7886476cbc97e1,1.0,2361534587,226581046,53223181,2018-08-14,delivered,32.99,18.33,51.32,credit_card,1.0,6.0,-8.0,0.0
2915117337,86891f436de654a1481776e0263fc5d2,1.0,3783354284,3824335101,4220048581,2018-08-08,delivered,129.0,21.54,150.54,credit_card,7.0,5.0,-2.0,0.0
1498430163,109dfb5756c526e783783356f4384b4e,1.0,1969275404,3216694513,3774023096,2018-08-16,delivered,128.0,19.07,147.07,credit_card,2.0,5.0,0.0,0.0
262546698,bf0b7464d227364486f59a79f335a212,1.0,4121280033,1786968494,655950489,2018-07-26,delivered,549.9,16.51,566.41,credit_card,2.0,19.0,6.0,1.0
4080077854,3b877e13f7c459f7a8f3015dd9bcc2ec,1.0,2554689554,3753008793,2890074202,2018-08-03,delivered,50.0,15.45,65.45,credit_card,1.0,10.0,-8.0,0.0
2781684281,2155f2ca8e14d8b4136fdc215fb53bb7,1.0,215624698,2128215339,2340679812,2018-08-09,delivered,49.98,7.61,57.59,credit_card,2.0,7.0,-5.0,0.0
2546488032,51e5e08365469f68d9f281c619b2354f,1.0,117021220,2732172993,2192810268,2018-08-04,delivered,25.99,37.09,63.08,boleto,1.0,9.0,-14.0,0.0
1311795305,45eea7503e8d5e369d52ecc3cd27a3fa,1.0,4171454513,61326162,1456299548,2018-07-26,delivered,79.0,34.76,113.76,credit_card,2.0,14.0,-13.0,0.0
3739114782,56c342adb8f074b20da098539a429d68,1.0,1942435872,1018367849,1125369443,2018-08-07,delivered,105.0,3.4,114.32102756039473,credit_card,8.0,6.0,-7.0,0.0
2559138419,56c342adb8f074b20da098539a429d68,2.0,1942435872,2249471891,1480205621,2018-08-07,delivered,188.9,22.69,205.6689724396053,credit_card,8.0,6.0,-7.0,0.0
1225411825,dde57deff5c66be4e59c0da19696ea50,1.0,3802229801,1018367849,1125369443,2018-08-04,delivered,105.0,23.89,128.89,credit_card,3.0,16.0,-2.0,0.0
2636054884,68edca1fb518ddc5c9f8607eda598b58,1.0,1745074311,465919497,2515002393,2018-08-16,delivered,32.99,18.33,51.32,credit_card,3.0,7.0,-7.0,0.0
4025950476,2e238e6200c0ad4183d34d99feac7321,1.0,3741923009,1816939174,1550185782,2018-07-05,delivered,89.99,11.65,0.0,unknown,0.0,5.0,-8.0,0.0
3888141688,4506b1cbdeeb686eb19dd753a7a645ee,1.0,2072133978,2602029005,642218148,2018-08-07,delivered,12.9,7.39,20.29,credit_card,1.0,3.0,-5.0,0.0
3534730511,aa6bd33ba1853d846d3085a88ae37083,1.0,3133181009,1935085981,2810786206,2018-08-10,delivered,19.9,15.24,25.14,credit_card,1.0,6.0,-6.0,0.0
3862921713,6e5042f4099dedf7cc921269ffa0beac,1.0,2669558304,729584383,3348204618,2018-08-22,delivered,29.0,8.36,37.36,credit_card,1.0,6.0,0.0,0.0
157884579,ca2e7093f56203c8fb07cc9c6590461d,1.0,980386411,1960479650,2304947736,2018-07-28,delivered,69.0,15.58,84.58,credit_card,3.0,6.0,-13.0,0.0
625794420,c0c2ece9e641c6fc11690ceafbc7469e,1.0,3307071033,269505001,2395580491,2018-08-15,delivered,195.0,21.32,216.32,boleto,1.0,12.0,-3.0,0.0
271242494,dfd392778e7a38df71de5abb039ed533,1.0,2996819830,615929951,3147574442,2018-08-08,delivered,79.0,35.84,103.8364912280702,credit_card,8.0,13.0,5.0,1.0
2967123900,dfd392778e7a38df71de5abb039ed533,2.0,2996819830,3569719807,3147574442,2018-08-08,delivered,149.0,35.84,195.84350877192983,credit_card,8.0,13.0,5.0,1.0
20679239,dc17a6461db14f3625728b10493ef332,1.0,1089366918,3807068534,3626123686,2018-07-15,delivered,83.0,9.89,92.89,credit_card,8.0,30.0,22.0,1.0
3357247360,44a36c78aa2626a8bdd0bc7f18c821a4,1.0,501102880,511571128,819761952,2018-08-20,delivered,14.49,18.23,32.72,boleto,1.0,6.0,-9.0,0.0
839504895,68709f86fb9eba39721082ba8fcb7047,1.0,2946291722,2306640015,2629314654,2018-07-31,delivered,99.5,59.85,159.35,credit_card,10.0,8.0,-20.0,0.0
3201595693,c5db0e83090bb51a4e80f3b323bdd9aa,1.0,770163528,54050933,1716536501,2018-08-04,delivered,134.9,20.13,155.03,credit_card,3.0,9.0,-1.0,0.0
2744000063,9b0159dd88a0319b71984d8d973472c2,1.0,932885670,457311095,111151761,2018-08-06,delivered,105.0,59.97,164.97,credit_card,3.0,14.0,-14.0,0.0
2552539838,5c52bc8eeaca96c7b9ed2d47db358f43,1.0,3998755716,2118121237,788869188,2018-08-07,delivered,104.0,26.24,130.24,credit_card,2.0,3.0,-18.0,0.0
919998038,a5ce51395d295fe2c816182f79c81866,1.0,1513161672,3043765173,3016182256,2018-08-06,delivered,172.5,9.37,181.87,credit_card,6.0,7.0,4.0,1.0
3875582535,05f5cfec67106e59d6280f62c4792d25,1.0,1113075656,4003840331,1993625437,2018-07-26,delivered,49.9,15.45,65.35,credit_card,6.0,4.0,-11.0,0.0
598873211,8864a2d847bb201242e03cab4d54994c,1.0,1096178527,774870517,3179495650,2018-07-22,delivered,110.0,15.87,125.87,credit_card,4.0,10.0,-23.0,0.0
302754832,7d65ecd2eaff130dfa5beaec6aeb82d5,1.0,403211247,1318011709,874615857,2018-08-25,delivered,138.9,11.38,150.28,credit_card,1.0,5.0,-7.0,0.0
3129238243,3e08eeb1c28dd17c084f4c0924104e20,1.0,1047415514,2179488360,2173695781,2018-07-04,delivered,279.0,55.76,334.76,credit_card,6.0,5.0,-15.0,0.0
875901053,796033ffde6ba06e0abe387e36ee8fe0,1.0,2173712334,3933009804,2438797551,2018-08-26,delivered,139.89,19.08,158.97,credit_card,3.0,3.0,-13.0,0.0
4002166603,b058d10cd1c5819182e6071160eb23a0,1.0,3557643818,1510807989,1220942844,2018-08-07,delivered,199.0,24.19,223.19,credit_card,8.0,6.0,-21.0,0.0
799973467,32c5abfa9eb2480a7162f1ac2425680d,1.0,1605681680,3340639343,3115096273,2018-08-05,delivered,48.99,24.69,73.68,boleto,1.0,17.0,-9.0,0.0
2840569779,4b431346a500d72d3ce468a29dd5b060,1.0,2288393434,315570081,2304947736,2018-08-06,delivered,145.0,22.95,167.95,credit_card,7.0,15.0,-3.0,0.0
1237273675,d75367da6a5ef6a395dd2657abee2602,1.0,1597189369,1663988340,1073829281,2018-08-09,delivered,12.99,18.23,31.22,boleto,1.0,10.0,-8.0,0.0
3844141389,e1410714b40ecb7735ebc3f823d60745,1.0,2938218304,3038553019,3227651297,2018-08-09,delivered,599.0,28.54,627.54,credit_card,3.0,11.0,0.0,0.0
3134115750,1126e3a4ac41a7be5c3cc650d36ccc54,1.0,165504802,271482854,2622583364,2018-08-01,delivered,149.9,19.15,169.05,credit_card,7.0,7.0,-14.0,0.0
1742006111,8b571b2408e46eda138c7d9f1761ba43,1.0,3712958670,2383137545,1277691880,2018-07-22,delivered,47.9,18.49,66.39,credit_card,1.0,8.0,-16.0,0.0
1718490564,9ea64f21920bb6b6972cadb024eabee6,1.0,908585136,3899481039,2736754982,2018-07-02,delivered,77.99,15.11,94.308621264868,boleto,1.0,13.0,-7.0,0.0
651790189,9ea64f21920bb6b6972cadb024eabee6,2.0,908585136,236144865,2736754982,2018-07-02,delivered,59.89,13.74,72.421378735132,boleto,1.0,13.0,-7.0,0.0
1529712552,7d9a71f7ac9e3a44b7a1b07570b605b0,1.0,3958007040,893840574,1423184178,2018-08-02,delivered,129.0,19.0,148.0,credit_card,2.0,5.0,-7.0,0.0
12056007,755a4d6ab201a238e51bc1d1ab18365a,1.0,222588265,1542620785,897947394,2018-08-12,delivered,364.0,40.82,404.82,credit_card,1.0,9.0,-19.0,0.0
3069387788,6feefd64eb5b13184ac2bca3d0be98e9,1.0,1592162314,164174645,2283216182,2018-07-13,delivered,299.0,20.19,319.19,credit_card,4.0,10.0,-10.0,0.0
934414040,c282161ce9696af2790e633f567dd179,1.0,753781055,4228617629,2308685613,2018-08-11,delivered,369.9,23.89,393.79,credit_card,10.0,5.0,-6.0,0.0
1954546,5eea7c72a77d6f2129a92d2d82e79410,1.0,3268902714,4217322383,2297992664,2018-07-02,delivered,399.9,81.83,481.73,credit_card,6.0,7.0,-9.0,0.0
1270719832,a147b97f47abbdb02f67ea00da442cd8,1.0,3572549395,1984384427,1008270582,2018-08-06,delivered,126.99,18.02,145.01,credit_card,10.0,4.0,-5.0,0.0
3008135028,13e46245791ac3c971ba82ef45a1a280,1.0,3305028886,3361113650,3734320862,2018-08-13,delivered,39.99,18.38,58.37,credit_card,3.0,7.0,-6.0,0.0
3094257142,d42ba61a59ac7b2af476d42dbe16f68e,1.0,832943418,1755580554,3443170030,2018-07-18,delivered,940.5,28.51,969.01,credit_card,10.0,6.0,-16.0,0.0
2803664154,73e47be0498a4d9f19d88a0113af23fd,1.0,3704679652,2735693531,2684332936,2018-08-17,delivered,49.99,13.83,63.82,credit_card,4.0,7.0,-3.0,0.0
3974345713,89d6544684b9cbacd492feb38abe4fe7,1.0,1264171591,1736425930,1480205621,2018-07-01,delivered,588.5,54.84,643.34,credit_card,8.0,11.0,-20.0,0.0
1404184318,943c7cf052f446cc2fd06553458334be,1.0,2857278037,668819244,1379301944,2018-07-05,delivered,120.0,9.53,129.53,credit_card,1.0,7.0,-8.0,0.0
145805499,68c499102625079201aa9bbcabd4108f,1.0,1269474583,2588894933,3869837176,2018-07-22,delivered,62.0,8.59,70.59,credit_card,1.0,3.0,-8.0,0.0
3498660688,c974f0eb10f24498b3e0863a5195b748,1.0,3904976931,2136734493,292598503,2018-08-15,delivered,39.97,8.79,48.76,credit_card,1.0,2.0,-5.0,0.0
627964582,864e3fdc082c07a108b48b135caf761d,1.0,1690247152,1334251647,60670679,2018-07-05,delivered,50.0,18.45,68.45,credit_card,3.0,8.0,-13.0,0.0
1215414933,d01105351950ac50f4969205d5d249f9,1.0,717246910,2190497454,3131976384,2018-08-16,delivered,69.9,15.56,85.46,credit_card,2.0,7.0,-4.0,0.0
269683011,16388d0b6852174384f06c9f1509d10c,1.0,1092007418,2587510781,423408420,2018-08-10,delivered,64.9,18.25,83.15,credit_card,4.0,5.0,-8.0,0.0
3101326146,108c3238d247dead3fd7423cf8990c5b,1.0,34189058,3840368144,123833255,2018-08-14,delivered,12.0,18.23,30.23,credit_card,1.0,9.0,-14.0,0.0
1974181955,b97ca938c0a55ff9a5b2a89081b4b677,1.0,3368067257,1597119647,1579174796,2018-08-17,delivered,53.0,13.95,66.95,credit_card,7.0,6.0,-7.0,0.0
3924195953,b97ca938c0a55ff9a5b2a89081b4b677,2.0,3368067257,1597119647,1579174796,2018-08-17,delivered,53.0,13.95,66.95,credit_card,7.0,6.0,-7.0,0.0
3873288413,4d5cefeb0501de96acd522c3742d3d04,1.0,3387192594,1720060514,9861004,2018-08-22,delivered,49.9,20.99,70.89,credit_card,1.0,7.0,-2.0,0.0
2601016387,4d5cefeb0501de96acd522c3742d3d04,2.0,3387192594,1720060514,9861004,2018-08-22,delivered,49.9,20.99,70.89,credit_card,1.0,7.0,-2.0,0.0
844030222,6981dcb7b07826f29c65ec408f8aaf05,1.0,2674569195,4208494697,1813314038,2018-08-17,delivered,17.9,12.79,30.69,credit_card,1.0,11.0,-6.0,0.0
2987874493,27314dd49dbc0ad19247637e181e7300,1.0,3533898307,3629582267,3681701886,2018-07-16,delivered,119.9,9.59,129.49,credit_card,5.0,4.0,-5.0,0.0
2808998021,a1119e009d1d91655405307f4c095818,1.0,1257012092,810589203,2775148626,2018-08-05,delivered,58.0,7.67,65.67,credit_card,2.0,11.0,2.0,1.0
2959505641,3811f683228f7e91c35b0fd2a705af27,1.0,578106732,4125162080,3296301278,2018-08-26,delivered,220.0,16.46,0.0,unknown,0.0,4.0,-18.0,0.0
2305376125,4d14cee530bddf889464f788f5cde498,1.0,668052127,325630983,4185397625,2018-08-13,delivered,17.0,15.43,32.43,credit_card,1.0,5.0,-2.0,0.0
1673533072,bd9437912c7f33aee54e576b86b3a276,1.0,2542966537,2851764674,3768269081,2018-08-08,delivered,795.0,63.65,858.65,credit_card,10.0,9.0,-9.0,0.0
1775315753,ae00cdde0e6aeef54ffc9a826d1af282,1.0,852220787,3415947090,1266529499,2018-08-24,delivered,269.0,17.18,286.18,credit_card,5.0,4.0,-7.0,0.0
1879618052,481cc1808e96be16f9a098544f03a680,1.0,1017467622,708680294,3819213127,2018-08-06,delivered,156.9,18.23,175.13,credit_card,6.0,4.0,-5.0,0.0
3259503618,481cc1808e96be16f9a098544f03a680,2.0,1017467622,708680294,3819213127,2018-08-06,delivered,156.9,18.23,175.13,credit_card,6.0,4.0,-5.0,0.0
650178010,c8a0e08123c9e8c38daf82bc0e696b1b,1.0,564592918,945283945,819761952,2018-07-07,delivered,18.49,7.87,26.36,boleto,1.0,6.0,-9.0,0.0
3054640737,c8a0e08123c9e8c38daf82bc0e696b1b,2.0,564592918,945283945,819761952,2018-07-07,delivered,18.49,7.87,26.36,boleto,1.0,6.0,-9.0,0.0
3418012085,1349bbe7ded8d9342526c249d9e6ceb6,1.0,1879641203,2854868616,2490225171,2018-07-10,delivered,23.99,15.27,39.26,credit_card,1.0,7.0,-13.0,0.0
4265966940,793911a69e2f83d9811135650117d9f5,1.0,539303887,2330011602,1856359935,2018-07-20,delivered,52.0,16.63,68.63,credit_card,4.0,7.0,-11.0,0.0
1981893285,5732ff3d673577d9e4f61f10e8d62a13,1.0,3444454693,1880950498,2023461531,2018-08-16,delivered,24.99,15.28,40.27,boleto,1.0,8.0,-6.0,0.0
458711832,5e703e05bcb502963f75e2a2a2eb7b73,1.0,3705935958,3987684668,123833255,2018-07-01,delivered,130.0,27.68,157.68,boleto,1.0,19.0,-7.0,0.0
906514476,5e703e05bcb502963f75e2a2a2eb7b73,2.0,3705935958,3987684668,123833255,2018-07-01,delivered,130.0,27.68,157.68,boleto,1.0,19.0,-7.0,0.0
807617207,5e703e05bcb502963f75e2a2a2eb7b73,3.0,3705935958,3987684668,123833255,2018-07-01,delivered,130.0,27.68,157.68,boleto,1.0,19.0,-7.0,0.0
2394550307,5e703e05bcb502963f75e2a2a2eb7b73,4.0,3705935958,3987684668,123833255,2018-07-01,delivered,130.0,27.68,157.68,boleto,1.0,19.0,-7.0,0.0
3090828785,5e703e05bcb502963f75e2a2a2eb7b73,5.0,3705935958,3987684668,123833255,2018-07-01,delivered,130.0,27.68,157.68,boleto,1.0,19.0,-7.0,0.0
1658017709,7cedc87ca678cbe2ce928829cee6bf3e,1.0,2205906032,3389366924,2262232400,2018-07-04,delivered,69.0,16.67,85.67,boleto,1.0,8.0,-12.0,0.0
2760293186,ac81fb6face0af1b93e2a059ad7b9f23,1.0,2912658051,1556473158,2280322224,2018-07-04,delivered,243.0,20.89,263.89,boleto,1.0,6.0,-23.0,0.0
141038706,df08ff51513e6a2f36ead7c4d31ea894,1.0,3401186885,678656634,4086780073,2018-07-21,delivered,29.9,12.87,42.77,credit_card,2.0,6.0,-12.0,0.0
3137332311,2ed48d726a289639aa011e94ad6dcf87,1.0,2501761390,2169883116,2131055484,2018-07-19,delivered,48.99,7.6,0.0,unknown,0.0,4.0,-6.0,0.0
3196551221,150f2572fbbbe11b5b9532523f76b0c5,1.0,2661645445,1277571969,1763790356,2018-07-25,delivered,170.0,20.38,190.38,credit_card,12.0,14.0,-11.0,0.0
1708729964,d6ee1daae35ffddf0e578b557bb67d2d,1.0,1857535477,2887163375,3734640654,2018-07-16,delivered,149.9,16.12,166.02,credit_card,8.0,9.0,-6.0,0.0
3828846965,c233116df4c703a062081f5dcf4399a0,1.0,1641923348,880669269,605810449,2018-07-21,delivered,39.99,13.86,53.85,credit_card,1.0,5.0,-11.0,0.0
2734628403,5453176b9efe473b9cfa5066e6b19ecf,1.0,1012105756,2066754367,1003179062,2018-08-23,delivered,49.9,18.45,68.35,credit_card,1.0,4.0,-9.0,0.0
2113152213,24f5dc88cf8969a2b269177862050e09,1.0,3268039452,3538124536,1903241208,2018-07-28,delivered,9.99,16.32,26.31,credit_card,2.0,6.0,-11.0,0.0
1699285259,89a7352733b3aeb0fc18bb034b52cc5d,1.0,2077738803,2746646393,3774023096,2018-07-17,delivered,76.0,14.84,90.84,credit_card,1.0,6.0,-8.0,0.0
1743159892,541b54f009facbcd67def4fad5d0fce7,1.0,4006523385,3891541557,3962302186,2018-08-01,delivered,190.0,16.43,206.43,credit_card,2.0,7.0,-18.0,0.0
157603164,48db59db0fa80043cb67ca9990c96b4b,1.0,720906702,174750780,523493826,2018-07-17,delivered,122.99,25.21,148.2,credit_card,6.0,24.0,3.0,1.0
3001113159,c97c5a964e8d8032ce2da2cbf89d2183,1.0,2711624113,718071674,1734769477,2018-08-07,delivered,29.9,7.47,37.37,credit_card,1.0,7.0,1.0,1.0
3471231793,0029c5db35ef291ce99d1262012e7daa,1.0,614281352,3710684273,1912895863,2018-08-25,delivered,492.75,21.62,514.37,boleto,1.0,5.0,-4.0,0.0
2196316622,73d60420cd1a179b2d8887d538efe4c2,1.0,2655964238,4119363079,4147736090,2018-08-07,delivered,749.0,55.96,804.96,credit_card,10.0,15.0,-13.0,0.0
1644355919,bb8d02c6bd5c148f41176b66ee1ae726,1.0,1431162396,1002485885,3103215707,2018-08-02,delivered,499.99,136.19,636.18,credit_card,6.0,22.0,0.0,0.0
2919645516,bc5c3e5c0d461286c2e22f90ce022e3f,1.0,587210847,4267371063,3958952303,2018-08-15,delivered,98.0,18.79,116.79,credit_card,1.0,9.0,-6.0,0.0
2900341472,8bfcb216f3d8db5340f681b06b710f37,1.0,606350027,3491475542,3857787359,2018-08-20,delivered,56.0,18.69,74.69,credit_card,3.0,7.0,-2.0,0.0
1723841093,4efe746bf89c1976abde13a381aa452c,1.0,3507194887,2186748197,2681412629,2018-08-13,delivered,23.99,15.27,39.26,credit_card,1.0,3.0,-6.0,0.0
781962448,8a3d4b5cd5e2602d148ea8f0d12f0512,1.0,470645416,2107626918,1040030263,2018-07-27,delivered,110.0,23.57,133.57,credit_card,1.0,11.0,-7.0,0.0
611070696,cbb8c3748ad61bcd4011720d8a58a3a0,1.0,1469690045,3477401548,4197047986,2018-08-17,shipped,118.0,13.49,131.49,credit_card,2.0,,,
1402637687,60f6dd1c9030b6132080d65599736d7f,1.0,1077896821,27806519,2715074256,2018-08-03,delivered,30.99,12.88,43.87,credit_card,2.0,7.0,-5.0,0.0
1595626846,4d9600658f731503a9d1952aea2df44f,1.0,1979589765,1383600763,3396868089,2018-08-18,delivered,18.99,8.29,27.28,credit_card,3.0,3.0,-6.0,0.0
102071673,4d9600658f731503a9d1952aea2df44f,2.0,1979589765,1383600763,3396868089,2018-08-18,delivered,18.99,8.29,27.28,credit_card,3.0,3.0,-6.0,0.0
75099683,1116b4c0d6e3854854c9967dd1453113,1.0,2937387766,2824878702,4086780073,2018-07-05,delivered,79.0,22.37,101.37,credit_card,5.0,7.0,-14.0,0.0
2273976066,a6c422d2b642708cb8aabe049013a49e,1.0,1256131578,2466355469,523493826,2018-07-13,delivered,66.99,19.38,86.37,credit_card,4.0,38.0,6.0,1.0
658849523,0396488303af9f0a78feb9ffa7e48949,1.0,3125370051,1659715668,3366215599,2018-07-19,delivered,129.9,47.21,177.11,boleto,1.0,13.0,-15.0,0.0
940272780,06f39c67a9d68f76a8bfdb092852829f,1.0,3656125726,2808876579,519564207,2018-07-04,delivered,135.0,27.9,162.9,credit_card,3.0,5.0,-24.0,0.0
2414964411,adeb87b732e8e3684863866c067aa9de,1.0,2197312204,1980499980,1622092360,2018-08-21,delivered,90.0,22.91,112.91,credit_card,11.0,7.0,-3.0,0.0
2455938700,8530652c8cba532953c2736e8bd477ff,1.0,60032607,4091655035,935749508,2018-08-14,delivered,41.99,13.87,55.86,boleto,1.0,6.0,-7.0,0.0
1902242453,2650182d08952a9f43a4ead5a39630ad,1.0,936851026,2116048782,4055463965,2018-08-12,delivered,22.32,7.74,30.06,credit_card,3.0,8.0,-4.0,0.0
2618943876,a2ac268c7f6bb42562090016bb6ffde1,1.0,4242650325,2672175632,3247263560,2018-07-31,delivered,49.9,22.28,72.18,credit_card,1.0,8.0,-13.0,0.0
886412388,ce385b0dc002b5dc50eb3e5faf0350b2,1.0,2067626857,4187625683,292598503,2018-07-17,delivered,149.97,23.85,173.82,credit_card,2.0,5.0,-9.0,0.0
2920937227,8faff12af96ce78eba0d5b1597d5baa9,1.0,1976737406,2295937100,281208496,2018-08-11,delivered,69.9,14.8,84.7,credit_card,1.0,4.0,-12.0,0.0
2345442574,6a6a5e595e782a6d0de7abee5fab0b89,1.0,3450010421,3732414669,2622583364,2018-08-24,delivered,138.9,19.07,157.97,credit_card,1.0,5.0,-20.0,0.0
1220964239,da1a0dd3bf29adb14c8a77fca7388c11,1.0,2834678822,592096461,2304947736,2018-07-30,delivered,78.0,13.21,0.0,unknown,0.0,7.0,-4.0,0.0
2082404415,d16a738e823500d0eb7b3286b59b316f,1.0,2369969886,1342493150,447945570,2018-07-15,delivered,124.9,15.26,140.16,credit_card,3.0,9.0,-3.0,0.0
2772758501,a605e090234561f97bea7da842220f0d,1.0,626451971,949013637,4125702247,2018-07-02,delivered,124.88,20.06,144.94,boleto,1.0,9.0,-19.0,0.0
1697553052,3ec5435a1c3bff282e994441ee5ee69d,1.0,1412796123,2414929463,581044507,2018-08-09,delivered,146.0,13.68,159.68,credit_card,4.0,12.0,-10.0,0.0
65164957,c14178abafd6865eecec624f9dcc8e4d,1.0,2270402209,3340131512,3115096273,2018-08-18,delivered,123.0,13.16,136.16,credit_card,8.0,5.0,-5.0,0.0
2989885549,c6ad7089d27e68a395de452a632cb54e,1.0,1509085520,503776895,2078480002,2018-08-05,delivered,43.9,23.03,66.93,voucher,1.0,8.0,-15.0,0.0
426753655,8fb50f9ba98ad9be38b8ffa2643a24e0,1.0,3878348623,3361113650,3734320862,2018-07-31,delivered,39.99,12.94,52.93,credit_card,5.0,9.0,-4.0,0.0
2149411528,9ee2b040a6fafeecf4003f3d173352fb,1.0,3192791491,2524535724,1919968767,2018-07-04,delivered,110.32,8.03,118.35,boleto,1.0,7.0,-7.0,0.0
969945244,9ee2b040a6fafeecf4003f3d173352fb,2.0,3192791491,3216599867,1919968767,2018-07-04,delivered,110.32,8.03,118.35,boleto,1.0,7.0,-7.0,0.0
523874261,dcac490b5b3b967a6ca5d810dbca27d9,1.0,549163286,773512402,4192291050,2018-08-04,delivered,105.9,23.54,129.44,credit_card,2.0,7.0,-9.0,0.0
1036582653,814e7ef832adbfc279ff3141fd3a93e0,1.0,3605135562,3195456401,819761952,2018-07-04,delivered,33.49,7.97,41.46,credit_card,1.0,7.0,-7.0,0.0
3990859059,01442602b15d4127a84ca6ac1507ee2d,1.0,2006866357,1326345122,3743845763,2018-07-29,delivered,504.0,19.72,523.72,credit_card,10.0,8.0,-15.0,0.0
2716881212,31f6ff8aa036e65dcd7e8c1e224a5b91,1.0,4045511533,1221457373,935749508,2018-08-16,delivered,56.99,19.59,76.58,boleto,1.0,6.0,-6.0,0.0
3621607719,31f6ff8aa036e65dcd7e8c1e224a5b91,2.0,4045511533,1221457373,935749508,2018-08-16,delivered,56.99,19.59,76.58,boleto,1.0,6.0,-6.0,0.0
2012091683,bc14a141bbb47b18a33d0a1747cab119,1.0,1011187529,1318011709,874615857,2018-08-17,delivered,115.0,35.12,150.12,boleto,1.0,7.0,-4.0,0.0
1723493308,870e6f0cd3ddbb87daf15ccd2926b142,1.0,2755306294,2811552375,2304947736,2018-08-21,delivered,59.0,15.51,74.51,credit_card,1.0,5.0,-9.0,0.0
3126890440,b77c6d3c0334b27a51f220038f0ef8ac,1.0,3566000012,2204246292,3807170672,2018-07-21,delivered,29.9,15.31,45.21,credit_card,4.0,9.0,-15.0,0.0
3117799544,b77c6d3c0334b27a51f220038f0ef8ac,2.0,3566000012,2204246292,3807170672,2018-07-21,delivered,29.9,15.31,45.21,credit_card,4.0,9.0,-15.0,0.0
3171702776,b77c6d3c0334b27a51f220038f0ef8ac,3.0,3566000012,2204246292,3807170672,2018-07-21,delivered,29.9,15.31,45.21,credit_card,4.0,9.0,-15.0,0.0
3727604288,41b77be2144c06162d34e0a18f8f15ce,1.0,1286967281,763667658,1203697143,2018-07-25,delivered,12.88,12.79,25.67,credit_card,1.0,4.0,-10.0,0.0
3962668172,d5cce452fb90a159a0b02988567a37bc,1.0,2580716744,448648200,2804246847,2018-08-27,delivered,49.9,9.48,59.38,credit_card,5.0,2.0,-4.0,0.0
2699510239,bb9f75d3c7f568993eeea270ef41e9d1,1.0,2993190171,164174645,2283216182,2018-07-31,delivered,299.0,15.43,314.43,credit_card,4.0,8.0,-13.0,0.0
1117852816,a38ac9649bb7a8aaad0dd2d678036429,1.0,2323117752,333982951,759851738,2018-08-01,delivered,269.9,110.56,380.46,credit_card,5.0,5.0,-14.0,0.0
3072611822,28c0015f84c9d8b6a4e58b0414ab80ab,1.0,1499099048,2857680161,2870196462,2018-07-11,delivered,33.9,7.5,41.4,boleto,1.0,12.0,4.0,1.0
3682309214,a0325a9eb3a1eb5e4a83facd8937ebbe,1.0,3566205340,1842330234,2345198132,2018-07-01,delivered,59.0,22.23,81.23,credit_card,1.0,4.0,-19.0,0.0
2769185826,9419274d2366b746f60fce753c5a3618,1.0,1743898982,1683439956,3064931309,2018-07-22,delivered,100.99,23.51,124.5,credit_card,5.0,8.0,-13.0,0.0
3275045596,c38e0a7ecb6d609cc307eb449dbdc4de,1.0,1155428570,26367845,3746284701,2018-08-10,delivered,29.9,15.31,45.21,credit_card,1.0,10.0,-3.0,0.0
3608299193,5658cfc0ef9916f519d7619207a08379,1.0,1734977583,391638671,2304947736,2018-08-07,delivered,75.0,7.79,82.79,boleto,1.0,2.0,-7.0,0.0
1291063310,b48959225675859f01913fbd8cb4abe6,1.0,2343531267,1628149386,3774348967,2018-08-13,delivered,199.0,9.55,208.55,credit_card,2.0,2.0,-5.0,0.0
2853196036,ba4cf91b35e26a694108bfd8eebb2cec,1.0,2307916693,3413257494,897947394,2018-08-10,delivered,296.89,18.27,315.16,credit_card,4.0,7.0,-6.0,0.0
598096556,ddb4b2115723295bbe34444bbcb2c1d5,1.0,1915974525,3546837306,2722740119,2018-08-10,delivered,159.0,61.39,220.39,credit_card,4.0,18.0,-22.0,0.0
2466996786,cacb3120dc73f355266cd22cbdadadd3,1.0,74137800,1694910399,900310379,2018-07-19,delivered,158.26,14.45,172.71,credit_card,4.0,8.0,-7.0,0.0
4223816101,19a870c81a3ab57258a090b0976ec5ee,1.0,570913459,895208671,3807170672,2018-07-03,delivered,152.0,23.86,175.86,credit_card,7.0,8.0,-14.0,0.0
1505834671,478c69b6c0107cf696d64c524286ff05,1.0,246011527,4247184556,3234005918,2018-07-29,delivered,69.9,9.9,93.19,credit_card,10.0,3.0,-15.0,0.0
3741275406,478c69b6c0107cf696d64c524286ff05,2.0,246011527,2978341087,3234005918,2018-07-29,delivered,69.9,36.68,93.19,credit_card,10.0,3.0,-15.0,0.0
3825101718,da05f479ab5c7e23b066a396865bbfd7,1.0,455418784,2196716324,797873474,2018-07-18,delivered,82.9,20.53,103.43,credit_card,5.0,6.0,-21.0,0.0
206804933,542dd8c7a80f7006b56c9cbb95e6433b,1.0,242321209,3999373106,3145789189,2018-07-20,delivered,34.9,18.34,53.24,credit_card,1.0,10.0,-9.0,0.0
694761157,09c10d01ea598b37493ee93aa01cb066,1.0,3164382368,970629760,926823165,2018-07-14,delivered,9.9,15.23,25.13,debit_card,1.0,11.0,-6.0,0.0
828825620,738580878981997bfadf04c4c2fbd013,1.0,1228386569,1853877187,1579174796,2018-07-29,delivered,54.99,13.97,68.96,boleto,1.0,5.0,-5.0,0.0
2177298892,72f70be643bd8ca8da6be5b9e8435aa1,1.0,4076906086,901103725,2131055484,2018-08-22,delivered,18.9,18.23,37.13,credit_card,1.0,5.0,-48.0,0.0
3168588534,64e8072af36708bc51f7aa18eed8ea34,1.0,141874791,3032989772,819761952,2018-07-18,delivered,119.49,57.61,177.1,credit_card,3.0,14.0,-6.0,0.0
1839322476,aa29fcf45dcd013f2668ede0eaf806ac,1.0,1386724461,4151761977,3768269081,2018-07-07,delivered,795.0,63.65,858.65,credit_card,10.0,9.0,-14.0,0.0
13560946,a78c0962e6a2425978965be2eabb31f8,1.0,3071808562,3924580625,4194263931,2018-07-23,delivered,65.9,13.8,79.7,credit_card,1.0,10.0,-14.0,0.0
3229355687,bd0d8e38394d7cb075e6c93b3ebe1180,1.0,4223673775,3074567367,2554243760,2018-08-09,delivered,109.7,8.93,118.63,boleto,1.0,4.0,-3.0,0.0
1235247886,da3a18a5159dc21786d4f6726fcc51e5,1.0,3174943121,671057104,2823580135,2018-07-24,delivered,188.9,43.6,232.5,credit_card,6.0,10.0,-12.0,0.0
507752316,4895f8a5926847fbac7dd72661f60dd0,1.0,1453540187,2128215339,1628249471,2018-07-30,delivered,48.99,7.6,56.59,debit_card,1.0,2.0,-6.0,0.0
453379655,1d27a36f2b45a61e1fe2523a056c3561,1.0,1848137695,2542587666,2526411072,2018-07-18,delivered,38.0,18.37,56.37,credit_card,1.0,7.0,-9.0,0.0
2741012259,c704edad3eab2ddaaabdf3fc283d9b67,1.0,825116320,2338770647,3094387524,2018-08-13,delivered,69.9,21.13,91.03,credit_card,8.0,3.0,-12.0,0.0
4008006047,34050aa3fee994fb448fd3d87028f094,1.0,638045236,3470517503,1615213775,2018-07-19,delivered,56.1,19.58,75.68,credit_card,6.0,7.0,-17.0,0.0
2097438095,3dbaee49e261c2196c0b7be676957e0e,1.0,1252387219,2838967170,1379301944,2018-07-31,delivered,57.0,8.14,65.14,credit_card,1.0,3.0,-5.0,0.0
3905033693,ab9e742195daf35a5169f1439b2706b4,1.0,2950331401,1331289252,2580370799,2018-07-28,delivered,229.0,10.73,239.73,boleto,1.0,5.0,-18.0,0.0
2368883575,5136243abaa9e62eafe37f8a7e985930,1.0,378809003,3934130809,3267334493,2018-08-07,delivered,34.99,22.18,57.17,boleto,1.0,15.0,-1.0,0.0
4131898039,9b7e94b15ccd427e75e425bd24133b2b,1.0,537064840,1795108154,2612393066,2018-08-09,delivered,135.0,16.05,151.05,credit_card,1.0,7.0,0.0,0.0
242515405,0725532304d0cfa92301860fe3075a28,1.0,1933228024,349322621,2673328478,2018-08-02,delivered,35.0,8.41,43.41,credit_card,1.0,6.0,-1.0,0.0
1945188696,4d0f637afbd692c3e9fbffbc338de497,1.0,2645399153,2204782347,692566304,2018-08-21,delivered,61.0,8.14,69.14,credit_card,1.0,2.0,-1.0,0.0
4184419927,4d0f637afbd692c3e9fbffbc338de497,2.0,2645399153,2479313371,692566304,2018-08-21,delivered,61.0,8.14,69.14,credit_card,1.0,2.0,-1.0,0.0
2194493889,d40be4e6e8f30d5f4ca1f34d06268fab,1.0,3828256996,3686510176,4109304321,2018-07-14,delivered,139.0,19.07,158.07,credit_card,4.0,10.0,-15.0,0.0
3849575573,d99c7464570fd548f9936438c57f394a,1.0,2108422447,2454261243,1117484406,2018-07-23,delivered,141.12,23.79,164.91,credit_card,3.0,3.0,-18.0,0.0
3713639630,70ee631a6eb795832e5318331fdf56d3,1.0,2338687152,87302301,2082347993,2018-07-31,delivered,149.94,40.66,190.6,credit_card,10.0,22.0,-9.0,0.0
3343778886,70ee631a6eb795832e5318331fdf56d3,2.0,2338687152,87302301,2082347993,2018-07-31,delivered,149.94,40.66,190.6,credit_card,10.0,22.0,-9.0,0.0
1416082027,70ee631a6eb795832e5318331fdf56d3,3.0,2338687152,87302301,2082347993,2018-07-31,delivered,149.94,40.66,190.6,credit_card,10.0,22.0,-9.0,0.0
1131862778,70ee631a6eb795832e5318331fdf56d3,4.0,2338687152,87302301,2082347993,2018-07-31,delivered,149.94,40.66,190.6,credit_card,10.0,22.0,-9.0,0.0
2863292326,922fbc61f8105abc09581252d38103c8,1.0,1462923207,3616676583,3267771422,2018-08-25,delivered,24.9,7.43,32.33,credit_card,1.0,4.0,-1.0,0.0
1471740238,ceb206889bfdb174fa5455fee822c210,1.0,3486826667,2116048782,4055463965,2018-07-23,delivered,22.32,22.09,44.41,boleto,1.0,14.0,-17.0,0.0
3182877073,c943573ef15aaafe66bc4048d2aa6f35,1.0,3079057022,1131534136,487246604,2018-08-21,delivered,119.99,14.42,134.41,credit_card,1.0,5.0,-2.0,0.0
918457680,455fa9dc182a1003b2d78824f8aaf8d5,1.0,1595349690,2395007317,3051201525,2018-08-04,delivered,109.0,33.79,136.53105381165918,credit_card,8.0,6.0,-6.0,0.0
1532449884,455fa9dc182a1003b2d78824f8aaf8d5,2.0,1595349690,210084859,4220048581,2018-08-04,delivered,158.6,33.8,198.6589461883408,credit_card,8.0,6.0,-6.0,0.0
3467253350,08b0cc275164eab92e5797432fa89770,1.0,1332583160,1008850936,2520211235,2018-07-16,delivered,36.2,22.18,58.38,credit_card,1.0,30.0,1.0,1.0
2401141683,a3729d646cfea82533ffe6992fe17539,1.0,1124644106,3767075976,4185397625,2018-08-01,delivered,26.0,16.37,0.0,unknown,0.0,5.0,-21.0,0.0
1725219889,cd2457140ff84327d7d7030053b80fce,1.0,2260914170,3064981304,1806598175,2018-08-04,delivered,150.0,22.87,172.87,credit_card,1.0,5.0,-6.0,0.0
601692588,c81217ac6f729105708524c82fa37172,1.0,2347618757,50247468,177643490,2018-07-31,delivered,89.0,22.55,111.55,credit_card,2.0,8.0,-16.0,0.0
848074786,6c11e4c7d9e5f7769c8090475602f54e,1.0,3541210709,1241208376,2023461531,2018-08-22,delivered,79.99,8.72,88.71,credit_card,1.0,4.0,-2.0,0.0
911119395,2f11e52d9cc6298d5beeccc09e46778d,1.0,1460891035,2922990635,1728046229,2018-08-16,delivered,84.0,12.89,96.89,debit_card,1.0,5.0,-3.0,0.0
593340641,d9f046249ca6beb35e2d00f2eecece56,1.0,426617486,965314385,1868809992,2018-07-20,delivered,70.0,32.63,102.63,credit_card,2.0,11.0,-34.0,0.0
2310191581,2c0f54723f8c8cc17f32514c2cce9449,1.0,1284406131,333982951,759851738,2018-08-19,delivered,269.9,59.9,329.8,credit_card,5.0,9.0,-6.0,0.0
3283254724,00b2d2f2b5f7b98e6b1828764660134e,1.0,2583006143,2952777915,581044507,2018-08-09,delivered,146.01,13.68,159.69,credit_card,4.0,6.0,-15.0,0.0
1748424490,db048ddab46bdb6a29c27f08073e29b2,1.0,3841247458,50927214,3777428918,2018-08-21,delivered,27.19,7.45,34.64,credit_card,2.0,4.0,-4.0,0.0
3077859089,9afc60b16d81f1421b53e9361273009c,1.0,2798823164,1010609886,123833255,2018-07-23,delivered,25.0,12.84,37.84,credit_card,1.0,6.0,-7.0,0.0
1768935927,c473789225d03e3eae1a40d5402f1cca,1.0,4026427257,27626102,2235530015,2018-07-19,delivered,89.0,19.81,108.81,boleto,1.0,13.0,-7.0,0.0
4095852492,847aa72b1ca97537af9c72ce7e99bf94,1.0,3140097533,2275856479,2552174638,2018-08-18,delivered,132.08,10.24,142.32,credit_card,3.0,4.0,-5.0,0.0
2906750123,4fab84dd561f10bb9c98293f34d749fa,1.0,2878283359,507931210,2694359720,2018-07-03,delivered,57.9,18.51,76.41,credit_card,2.0,8.0,-16.0,0.0
2831561460,709757992cd81f180be8b5555ea266f5,1.0,1370761286,3924580625,4194263931,2018-07-23,shipped,65.9,18.56,84.46,boleto,1.0,,,
652024850,709757992cd81f180be8b5555ea266f5,2.0,1370761286,3924580625,4194263931,2018-07-23,shipped,65.9,18.56,84.46,boleto,1.0,,,
2074421641,210ce7edbc6ef043f7af38724f3c2b5d,1.0,3269423565,970602955,1674470983,2018-08-13,delivered,26.0,22.11,48.11,voucher,1.0,10.0,-11.0,0.0
2180791884,21b2689d22f457f04c68814cb269764d,1.0,3675333123,3359991700,2649580695,2018-08-02,delivered,54.9,15.48,70.38,credit_card,1.0,6.0,-7.0,0.0
483093181,356ba836fa22451d49ef0c3eb18a3e09,1.0,2241266928,190689845,3774348967,2018-08-13,delivered,699.4,15.92,715.32,credit_card,2.0,2.0,0.0,0.0
3673090390,d18615ef0019feab117532f76cb5953c,1.0,299437683,3176658341,2384848440,2018-08-09,delivered,129.9,41.89,171.79,credit_card,1.0,7.0,-12.0,0.0
436431957,a58d3e59d65840491ea8914d54ba4693,1.0,1314593861,3837795606,1480205621,2018-08-13,delivered,168.9,38.99,207.89,credit_card,5.0,14.0,-28.0,0.0
1052464403,a9dfd8a8ec4fa0a848fb61986bdc153f,1.0,2690358857,1011615641,1553669565,2018-08-20,delivered,129.9,23.62,153.52,credit_card,3.0,9.0,-1.0,0.0
2330470238,dc15c503e5d31267bef467c8c63476c4,1.0,3066994739,2109542787,1856359935,2018-08-25,delivered,72.99,9.26,82.25,credit_card,1.0,3.0,-17.0,0.0
690104354,c6a45cf151fdf09625a38f65bddc3082,1.0,3489085803,1436402221,3131976384,2018-08-14,delivered,89.9,15.7,105.6,credit_card,1.0,6.0,-2.0,0.0
3684918072,2b3c4e25e8edee43a664159df5afa3ea,1.0,2172619553,1763145574,1755005248,2018-07-29,delivered,199.0,57.87,256.87,credit_card,15.0,7.0,-8.0,0.0
2973701732,c9d520a482f52b364a05d0252cd45852,1.0,1114559476,2659353721,2118540709,2018-08-05,delivered,105.0,14.32,119.32,credit_card,1.0,7.0,-3.0,0.0
2079266448,d583f0fd2e3f3c20be3c87938bfcd21b,1.0,4287059037,1778104473,4185397625,2018-07-30,delivered,19.99,23.75,43.74,boleto,1.0,3.0,-5.0,0.0
3912551747,b4422eb7a5a5d3ec5f0b8fbfb75f5184,1.0,4007362892,2919195591,2612393066,2018-07-16,delivered,69.9,18.59,88.49,credit_card,3.0,7.0,-15.0,0.0
4199194139,d35c1cd70132b8215cbe4c943537d139,1.0,188402177,1952213882,1734769477,2018-07-16,delivered,229.9,14.91,244.81,credit_card,2.0,11.0,2.0,1.0
3416270445,426a9742b533fc6fed17d1fd6d143d7e,1.0,393447403,1461612918,3273942975,2018-08-03,delivered,4399.87,113.45,4513.32,credit_card,10.0,5.0,-12.0,0.0
3069562971,d3582fd5ccccd9cb229a63dfb417c86f,1.0,1358155547,213469508,295331037,2018-08-20,delivered,23.4,15.26,38.66,credit_card,1.0,3.0,-11.0,0.0
2897107722,c144b68c70e421786c9b664b23a13210,1.0,334178532,3582218140,3570815075,2018-07-03,delivered,59.0,15.51,74.51,credit_card,5.0,9.0,-15.0,0.0
224939216,a10ef4b2a1227735d11f3a48a5f5f4b5,1.0,1080886979,3539914692,1379301944,2018-08-18,delivered,35.2,19.44,54.64,credit_card,1.0,10.0,-8.0,0.0
2464244359,bf1884f9aca840a9b8738d4bef0945b0,1.0,3966392453,624980768,1238242724,2018-08-02,delivered,199.9,9.56,209.46,credit_card,4.0,12.0,8.0,1.0
2952560382,bfda845524638cc2eb3e891b4f2ff603,1.0,126116121,1850182147,3552034146,2018-08-19,delivered,527.9,18.0,545.9,credit_card,3.0,9.0,-16.0,0.0
1291039547,cba45d3fa18d26bd7c6935fca4449feb,1.0,76460965,3756611921,733774970,2018-08-22,delivered,33.99,11.26,45.25,credit_card,2.0,6.0,0.0,0.0
499731691,cba45d3fa18d26bd7c6935fca4449feb,2.0,76460965,3756611921,733774970,2018-08-22,delivered,33.99,11.26,45.25,credit_card,2.0,6.0,0.0,0.0
2777133899,8840abe0158f5b148bae2172f8c24423,1.0,2748811285,3025566640,2622583364,2018-07-17,delivered,179.9,13.92,193.82,credit_card,9.0,9.0,-7.0,0.0
233153294,46b822b7e203850a10e485ed02abf2bb,1.0,1204415025,1716446680,4194263931,2018-08-02,delivered,139.0,22.9,161.9,credit_card,2.0,14.0,-4.0,0.0
3793338713,40a9143b2c41f667d625190a5a1bf79d,1.0,3467173677,3298285853,2775148626,2018-08-19,delivered,17.0,18.23,35.23,credit_card,1.0,10.0,-6.0,0.0
1109475803,95549a3370d5fe86da9749cae8d5aa45,1.0,363369554,4109153595,917249301,2018-08-11,delivered,1999.9,32.1,2032.0,credit_card,8.0,5.0,-10.0,0.0
2206792019,44d9570957b8244670f565604344b98e,1.0,2693171100,2233702772,3707894568,2018-07-14,delivered,122.0,67.38,189.38,credit_card,6.0,24.0,-5.0,0.0
2945887775,18a8340e8091e1cec53fad4f26e66a4f,1.0,3780829694,1776620515,2475905934,2018-08-02,delivered,69.99,23.29,93.28,credit_card,3.0,11.0,-1.0,0.0
1438167962,45494452d88e4597bc50ae8584a54eef,1.0,1876489558,4058964725,2681412629,2018-08-25,delivered,44.99,15.42,60.41,voucher,1.0,4.0,-15.0,0.0
2372259996,c124b224a2727ecb4e7c9a378a936d0d,1.0,3214832584,888723650,2949449251,2018-08-03,delivered,62.9,23.16,86.06,credit_card,6.0,12.0,-14.0,0.0
168222664,7f81d8bccb5531846cd177fd590ab260,1.0,315243797,4213707636,2580370799,2018-07-11,delivered,293.9,9.64,303.54,credit_card,10.0,12.0,-3.0,0.0
2443046667,8db9d36f54086daa6e0757d6806cca07,1.0,3682346194,1928443686,3110983423,2018-08-09,delivered,69.99,22.42,92.41,credit_card,1.0,12.0,-1.0,0.0
3498066297,9936b936a209fc553fd0d3790ea06978,1.0,20195221,33593370,3858754978,2018-08-05,delivered,59.99,35.65,95.64,credit_card,1.0,10.0,-6.0,0.0
977058394,9936b936a209fc553fd0d3790ea06978,2.0,20195221,33593370,3858754978,2018-08-05,delivered,59.99,35.65,95.64,credit_card,1.0,10.0,-6.0,0.0
4102498976,450c4a4d9a4f339a59165241cfe113db,1.0,4165541030,1161187107,1555790669,2018-07-09,delivered,98.0,9.38,107.38,credit_card,4.0,2.0,-9.0,0.0
843294838,acfa87544c19d596707d25cf2f7dab61,1.0,212162727,3142532763,934960704,2018-08-17,canceled,47.49,7.59,55.08,credit_card,2.0,,,
121219011,6cac054c444c98466bfa9af759df2f8a,1.0,206033591,826764293,2656671748,2018-07-03,delivered,119.9,20.03,139.93,credit_card,1.0,7.0,-22.0,0.0
3518695992,93c16dd65eef73dbb7c6286bbacdb734,1.0,3712675726,1354020480,1379301944,2018-07-28,delivered,15.19,7.87,23.06,credit_card,1.0,3.0,-5.0,0.0
4020757453,0d536196878234ebc112ee9c2cd160fd,1.0,2729814059,853513835,3154186893,2018-07-18,delivered,84.0,19.5,103.5,credit_card,1.0,6.0,-12.0,0.0
785404619,52b1bc87daf8d1e471663a4715f59310,1.0,697732097,947137430,3267771422,2018-07-05,delivered,26.9,18.29,45.19,boleto,1.0,8.0,-17.0,0.0
1850945765,c306c87c6c9e528a77e95eae0ea575bf,1.0,2561610470,3041404490,2626732951,2018-08-04,delivered,65.0,24.07,89.07,boleto,1.0,8.0,-2.0,0.0
832455810,5f98eca70415773e1187c9309b38acda,1.0,3614051582,2986475846,3667124800,2018-08-06,delivered,49.9,18.45,68.35,credit_card,2.0,7.0,-17.0,0.0
553955571,0c38c51b8a775bccbf8a0e340be3cece,1.0,2195873586,728074818,1659506471,2018-07-29,delivered,69.99,23.21,93.2,credit_card,1.0,33.0,12.0,1.0
1530264314,18f924aff0390f3ff473127ddecc73a0,1.0,2489973107,3822421164,2304947736,2018-07-21,delivered,95.0,18.77,113.77,credit_card,3.0,6.0,-13.0,0.0
4150553030,3d2919530aea3496b5773b143910145f,1.0,272598806,191536991,2023461531,2018-08-14,delivered,39.99,7.54,47.53,boleto,1.0,6.0,0.0,0.0
285033972,54a05520cf3e089ebf5dd8575f9ac38a,1.0,2729334640,2882053803,3012856585,2018-07-18,delivered,20.0,14.44,34.44,credit_card,1.0,6.0,-24.0,0.0
2899624351,cd201e0f6a37139084fa4f76f87e684d,1.0,3495637981,2241889268,1870756114,2018-07-17,delivered,183.0,48.33,231.33,credit_card,1.0,7.0,-20.0,0.0
3514323154,9d62401a06bbb0dc190562ce8b24f0c7,1.0,829672129,2926062330,4185397625,2018-08-07,delivered,85.0,26.9,111.9,debit_card,1.0,8.0,-12.0,0.0
2569956139,91cad3260fc3d7cb677fe27010618ab1,1.0,2189743294,2297739730,1553669565,2018-08-08,delivered,39.9,23.08,62.98,credit_card,2.0,9.0,-10.0,0.0
1721542595,02c9fa29186a8d00b3e73d3837ea40e5,1.0,1425499140,3200531891,204084822,2018-08-18,delivered,25.99,18.25,47.07546343631918,credit_card,3.0,4.0,-22.0,0.0
1785596464,02c9fa29186a8d00b3e73d3837ea40e5,2.0,1425499140,3104313324,368619248,2018-08-18,delivered,19.0,18.25,34.41453656368082,credit_card,3.0,4.0,-22.0,0.0
414900926,ab42eac47de85e36ba4622c26f9c9dcd,1.0,3020841471,2163436565,523493826,2018-07-10,delivered,59.99,19.33,79.32,voucher,2.0,15.0,-6.0,0.0
1795026120,da383ff6aa9558f3bd909b1d76789381,1.0,2205747108,817640397,3521477845,2018-08-20,delivered,49.9,19.54,0.0,unknown,0.0,7.0,-4.0,0.0
3341560168,83c3246595fc5058c7c66a99cf9b74a9,1.0,3603275335,1570888716,53223181,2018-08-15,delivered,29.99,18.31,48.3,credit_card,2.0,5.0,-9.0,0.0
1732672705,344b231153370562595043fd9747b922,1.0,3256796187,1300117779,2060950116,2018-07-16,delivered,99.0,43.49,142.49,credit_card,2.0,3.0,-17.0,0.0
2266016667,77a6d5a1a8e5b3e165b43761f761cb1b,1.0,3289298141,2036129729,261066546,2018-08-11,delivered,116.9,15.92,132.82,boleto,1.0,6.0,-7.0,0.0
1122823627,674ad026128b13d3d0c0bd4a6e0b66c6,1.0,3967200385,2694246563,1993625437,2018-08-16,delivered,44.9,16.5,61.4,credit_card,3.0,6.0,-5.0,0.0
3248993544,a7812cdb3ea9fe478b52292849c0c261,1.0,3824942284,1899795568,1846154139,2018-08-21,delivered,20.0,13.48,33.48,credit_card,1.0,5.0,-23.0,0.0
3883212116,22ee2aa8eabfe51f0ed9d8b92824cd53,1.0,2242173611,3760954042,1480205621,2018-07-18,delivered,199.8,19.5,219.3,credit_card,7.0,9.0,-10.0,0.0
2123410742,b67ec1ba150cc097d3ab518272e6cf3f,1.0,1131640308,2466355469,523493826,2018-07-16,delivered,66.99,27.75,94.74,credit_card,1.0,25.0,7.0,1.0
4251320331,859baae7fe80b6ffdc2904cc16e16431,1.0,592158973,1932939580,351595133,2018-08-02,delivered,1150.0,53.68,1203.68,credit_card,10.0,4.0,-9.0,0.0
1482193782,ba1f6216a5c2428edf225c23708fb2a3,1.0,3237273787,4049058425,3366215599,2018-07-31,delivered,99.9,19.89,119.79,credit_card,3.0,9.0,-18.0,0.0
2994281394,60b17021cb20c803ad265dc1847f06a4,1.0,1671180214,3709179633,1521578955,2018-07-24,delivered,38.9,14.38,47.93103002906037,credit_card,1.0,2.0,-12.0,0.0
3120201088,60b17021cb20c803ad265dc1847f06a4,2.0,1671180214,1840527161,3115096273,2018-07-24,delivered,84.98,14.38,104.7089699709396,credit_card,1.0,2.0,-12.0,0.0
109116693,49410e2fb311cf8b70baeea98a3cdbf1,1.0,4057235775,1429115575,2047495738,2018-08-01,delivered,19.9,27.42,47.32,credit_card,4.0,11.0,-16.0,0.0
2295822054,bdc8e349078c5028fba22d1da1066974,1.0,98535916,177320649,740847726,2018-07-31,delivered,59.99,9.17,69.16,credit_card,2.0,2.0,0.0,0.0
3812556380,1ce624df940711ffea6e5176a18eee87,1.0,2713839852,1375457299,2880307388,2018-07-12,delivered,79.9,19.75,99.65,credit_card,2.0,19.0,-10.0,0.0
980898008,8564fe80e76566e25b05d31fca8a2393,1.0,2014906215,3361113650,3734320862,2018-08-17,delivered,38.79,18.37,57.16,credit_card,2.0,6.0,-19.0,0.0
2821936187,9d70bcdf379a446b3a834de708aa7781,1.0,829530574,2220993801,2622583364,2018-07-03,delivered,164.9,13.81,178.71,credit_card,8.0,3.0,-16.0,0.0
3514051757,0382a4a9c39917c21b842b7c15f4be23,1.0,629101838,3698918344,2304947736,2018-08-14,delivered,55.0,15.49,70.49,boleto,1.0,6.0,-3.0,0.0
1709584173,6727a4e9eed7135cefc6d0f9de7f88a3,1.0,2727706693,646688372,1619469742,2018-07-23,delivered,43.8,14.65,56.80243161094225,credit_card,1.0,4.0,-10.0,0.0
1070236713,6727a4e9eed7135cefc6d0f9de7f88a3,2.0,2727706693,1830053368,1619469742,2018-07-23,delivered,54.9,14.65,71.19756838905776,credit_card,1.0,4.0,-10.0,0.0
3413081446,a14df9fc5ca3766de545916e143acb06,1.0,1998561220,3388342263,1579174796,2018-07-15,delivered,19.9,12.8,32.7,credit_card,3.0,8.0,-7.0,0.0
909661898,bbc6d3daf51cc53198aea4cf9950cfe2,1.0,599598814,3361113650,3734320862,2018-08-18,delivered,38.79,12.93,51.72,credit_card,5.0,6.0,-11.0,0.0
2572027855,0b17b204a1785111272edfadb2aa9e94,1.0,378632297,3430702119,3442674965,2018-08-01,delivered,95.34,14.98,110.32,credit_card,2.0,6.0,-15.0,0.0
2832204797,9b087af1d905d8987ae126797c9d15b1,1.0,615032425,2922990635,1728046229,2018-08-01,delivered,85.0,17.73,0.0,unknown,0.0,6.0,-7.0,0.0
230949070,22a0afb00de21962e96bef9ec5b51223,1.0,4236303719,2478356935,3124966291,2018-08-07,delivered,52.0,8.52,0.0,unknown,0.0,5.0,3.0,1.0
2601200507,17c8db71a75ad66669e25fc85341e6a1,1.0,1184601256,3065192905,4273487192,2018-07-24,delivered,79.9,18.71,98.61,debit_card,1.0,6.0,-10.0,0.0
1832312504,ab478182632e0212e5edd04806d1238c,1.0,2837309335,766132597,2627674247,2018-07-02,delivered,64.9,14.03,78.93,boleto,1.0,8.0,-10.0,0.0
2314013431,b6e190ca29f9376b0743c8e68506a565,1.0,3368886557,2252246381,3522250725,2018-07-25,delivered,24.97,18.28,43.25,credit_card,1.0,9.0,-20.0,0.0
3833021726,4b50fac9970bd5d46f41eab7855101a8,1.0,3164603292,2541577318,1107359178,2018-07-19,delivered,99.9,16.89,116.79,boleto,1.0,11.0,-11.0,0.0
4258771453,482ef538799136578c9ae6ffc2d93252,1.0,929296737,1424785379,391897587,2018-08-02,delivered,19.99,7.4,27.39,credit_card,1.0,5.0,-6.0,0.0
1264092851,b3f1a526de73a85b4e83ac77cd483a05,1.0,522104929,1126532653,1913687861,2018-07-02,canceled,219.0,14.87,233.87,credit_card,6.0,,,
1709682473,a02dc27653c8ef244fd7d8c4d5bc81f5,1.0,2470128124,3890609809,3992947253,2018-08-02,delivered,299.9,34.12,334.02,credit_card,6.0,18.0,-3.0,0.0
3531236777,ccb5c19912ff449794d696899012aa3c,1.0,1761305965,2613996659,4028933957,2018-08-19,delivered,68.8,11.5,80.3,credit_card,1.0,4.0,-6.0,0.0
878905753,66bf8e132d14cff2d0ae1145e3f70795,1.0,347781640,2777188971,1868809992,2018-08-05,delivered,134.0,46.97,165.0276056338028,boleto,1.0,10.0,-5.0,0.0
1959264233,66bf8e132d14cff2d0ae1145e3f70795,2.0,347781640,457248455,1868809992,2018-08-05,delivered,150.0,18.79,184.7323943661972,boleto,1.0,10.0,-5.0,0.0
3569508949,a7ff25f0e4f6914216004204460f5797,1.0,2981886355,692350319,2323899245,2018-08-13,delivered,159.9,20.31,180.21,credit_card,4.0,14.0,1.0,1.0
529856979,4f917f92cc24478eff10b08c7a8d0d3c,1.0,1816650288,1570149614,1147146951,2018-08-14,delivered,25.9,19.09,44.99,boleto,1.0,13.0,-10.0,0.0
134268093,53595a8aa421790cc9d2e85db64cb3c1,1.0,2855436856,729536071,1077946416,2018-07-23,delivered,65.0,22.39,0.0,unknown,0.0,18.0,-3.0,0.0
2392172546,7e41bd90616fbe90fba3dd8989d91af4,1.0,4198577158,1641401928,3968462480,2018-07-21,delivered,149.0,34.8,183.8,voucher,2.0,5.0,-13.0,0.0
4055194741,cebd81d91393b014d64df92a97a7f80c,1.0,2415835673,1676106037,2681412629,2018-07-30,delivered,96.99,7.94,104.93,boleto,1.0,1.0,-1.0,0.0
3707499964,41159ff064a2cebfc663d0eda2a35d32,1.0,4093323997,55576948,1566769201,2018-07-05,delivered,30.0,22.93,52.93,boleto,1.0,18.0,-11.0,0.0
50979999,dc5542aeff4f9a938c0de66cd4384080,1.0,1418306892,3890315685,796664912,2018-07-19,delivered,336.0,20.45,356.45,credit_card,10.0,8.0,-18.0,0.0
3340607324,3f1d84cdd6ee41fd2908f52f5f0bbcd0,1.0,2287918631,1776620515,2475905934,2018-07-10,delivered,99.99,12.43,112.42,credit_card,2.0,14.0,0.0,0.0
2787225317,31c9a3f10eb368b62e102608adbec724,1.0,2877355662,2495106546,2580370799,2018-07-17,delivered,139.9,19.08,158.98,credit_card,7.0,9.0,-19.0,0.0
3083679170,bb11bd84ba7a993e4e1bb28321f8e573,1.0,3253884487,4294399807,2308685613,2018-08-12,delivered,82.5,8.74,91.24,credit_card,1.0,1.0,-3.0,0.0
3073701608,e23b12899aef6772719cbdb98dd5bf8c,1.0,2093741663,801013289,250985049,2018-07-24,delivered,127.9,22.83,150.73,boleto,1.0,8.0,-22.0,0.0
3853348538,ac0f0875604883bfc9fa15344f01a207,1.0,4092036181,1641401928,3968462480,2018-07-22,delivered,149.0,14.34,163.34,credit_card,8.0,3.0,-5.0,0.0
3186623610,b54d41998c16a54f3d93eda0940d1cb8,1.0,3165382610,3588915785,817416274,2018-08-22,delivered,89.0,14.2,103.2,credit_card,3.0,6.0,-7.0,0.0
2122587052,1840aa65dea7f5258483a49b4558417d,1.0,1767250465,3974009103,3346224960,2018-08-15,delivered,48.0,18.14,0.0,unknown,0.0,7.0,-14.0,0.0
1234752761,42837323a59d9927261e3ba712300341,1.0,3039303572,3902770573,3366215599,2018-07-26,delivered,129.9,40.1,170.0,boleto,1.0,11.0,-15.0,0.0
1037149200,649b01370e30b79f0df619bf8ebc9201,1.0,678068802,1635192279,2304947736,2018-08-03,delivered,29.0,7.46,36.46,credit_card,1.0,8.0,3.0,1.0
415584337,149e05c35b52f83ae401b6402b2bf7c8,1.0,1457263432,2993346500,3234005918,2018-08-08,delivered,129.9,15.98,145.88,credit_card,2.0,5.0,-11.0,0.0
1962623636,8264f3d37aec1e2076e41b2af5cd23ac,1.0,1949935970,1155248284,687121961,2018-07-30,delivered,45.99,13.9,59.89,credit_card,2.0,4.0,-10.0,0.0
1065827431,d02b32c3bcfb76481817b2222b990e84,1.0,2984958432,2559836310,3938991848,2018-08-25,delivered,14.9,15.23,30.13,credit_card,3.0,5.0,-11.0,0.0
3061172068,9052b9e9831316aa74d32b45bbcee6c8,1.0,2661410366,1984384427,1008270582,2018-07-31,delivered,126.99,27.19,154.18,credit_card,3.0,14.0,-3.0,0.0
2924634103,255f9f53c24c0cf657d03d7a4b67c1d6,1.0,3181626087,3028400545,1165994279,2018-08-02,delivered,119.9,59.92,0.0,unknown,0.0,11.0,-1.0,0.0
4092342936,08f6cddc0499702a4dbbd26f2b04b986,1.0,514644751,2669220802,3393462886,2018-07-23,delivered,169.9,23.12,193.02,boleto,1.0,8.0,-14.0,0.0
299282799,a2c9ce528c29a470d38bc5085ca59584,1.0,2191195320,3690901812,95925435,2018-07-22,delivered,124.0,63.15,187.15,credit_card,5.0,16.0,-15.0,0.0
2210260541,35cd360339571c02b1d4974ac1807d9c,1.0,1283233620,2720091733,2580370799,2018-08-13,delivered,69.9,16.68,86.58,credit_card,8.0,14.0,-15.0,0.0
606429817,36b12d9500838b05b9b9e8e3e13d2745,1.0,2020837381,3763077621,3626123686,2018-07-28,delivered,26.4,15.29,41.69,credit_card,1.0,9.0,-9.0,0.0
3265589204,0712d5a2573948df98ba556ab362ef06,1.0,1087959687,101048405,2622583364,2018-08-22,delivered,104.0,18.83,122.83,boleto,1.0,8.0,-7.0,0.0
1260484068,ca4b9f3ce6fc19e8533501cf8c6b832e,1.0,3383217515,1122853960,1504971264,2018-07-30,delivered,39.38,13.86,53.24,voucher,1.0,4.0,-7.0,0.0
2039949212,a372a7d11ca9ccad9fae880a4a79cbfc,1.0,3212828194,2706656261,730094745,2018-07-22,delivered,39.9,18.38,58.28,credit_card,2.0,8.0,-20.0,0.0
1319280111,35ae6fcf66dba4f6760a20b921867b2b,1.0,3356855519,1564197897,2602978410,2018-07-21,delivered,68.9,25.59,83.64823757763975,credit_card,2.0,8.0,-18.0,0.0
2474291894,35ae6fcf66dba4f6760a20b921867b2b,2.0,3356855519,98768206,250985049,2018-07-21,delivered,59.9,1.98,72.72176242236024,credit_card,2.0,8.0,-18.0,0.0
3121202090,93f1a4071d3c96b7aa72f3fa4d5be36b,1.0,2391488664,1624419828,3029302831,2018-08-09,delivered,159.95,27.42,187.37,credit_card,5.0,7.0,-11.0,0.0
2180579445,3ffa506c19577dce30f9dbce07028c38,1.0,3116764542,1995838093,838032379,2018-08-15,delivered,180.0,19.36,199.36,credit_card,4.0,7.0,-9.0,0.0
3723863659,a5274036a39a838ac50a4efaf8d0d66d,1.0,1790396726,2160471561,2373578609,2018-07-22,delivered,65.9,9.21,75.11,credit_card,2.0,2.0,-6.0,0.0
1584602494,85514951847547917a4f611d605a9085,1.0,564288701,2488191058,2200182065,2018-08-20,delivered,1230.0,42.67,1272.67,credit_card,10.0,3.0,-1.0,0.0
1080821361,32d264c87f67556abfb9ddeb89d4277b,1.0,3289996584,1923618652,1696683105,2018-07-22,delivered,44.95,18.42,63.37,credit_card,1.0,5.0,-11.0,0.0
2615745926,2292c00843a93f0cff36af4ad5791098,1.0,3919877536,1313487651,1303264640,2018-07-31,delivered,388.35,76.67,465.02,credit_card,10.0,22.0,3.0,1.0
2439767832,0eef7e4ed65516867584806c217bd0f4,1.0,3649858581,3420645120,2082347993,2018-07-07,delivered,179.9,49.34,229.24,credit_card,1.0,25.0,-9.0,0.0
3146342780,a60241fca336b3f14485dff30a172cab,1.0,2089026241,1045753982,1576479322,2018-07-27,delivered,64.99,23.26,88.25,credit_card,2.0,5.0,-18.0,0.0
3422739456,a60241fca336b3f14485dff30a172cab,2.0,2089026241,1045753982,1576479322,2018-07-27,delivered,64.99,23.26,88.25,credit_card,2.0,5.0,-18.0,0.0
787146418,29bd9da0c830f4911275d768a70079ab,1.0,3364195468,4167327632,833796199,2018-07-30,delivered,51.45,47.41,98.86,credit_card,1.0,9.0,-14.0,0.0
1912085924,069d921a767dfeb76fb4a7f39bc4217c,1.0,1121735156,3837708106,412617711,2018-07-05,delivered,144.9,13.31,158.21,credit_card,1.0,6.0,-7.0,0.0
168892186,0cf80be143500050973f324c3e068196,1.0,2566953260,422100425,3503366785,2018-07-26,delivered,36.75,18.36,55.11,credit_card,5.0,4.0,-16.0,0.0
4054136165,97a3784af9d034ddf29b8a15f7a2faa9,1.0,3584288006,359718733,1612681572,2018-08-13,delivered,110.0,23.76,133.76,credit_card,2.0,4.0,-6.0,0.0
2286549321,b218243f33a7a07db609c34312c95c96,1.0,4220569428,4104976151,2373578609,2018-08-05,delivered,295.9,19.87,315.77,debit_card,1.0,3.0,-6.0,0.0
1745125709,60cbc2a85ecd535c911397c150d60627,1.0,3667146252,3876939477,3488828128,2018-08-11,delivered,109.79,35.62,145.41,credit_card,2.0,13.0,-5.0,0.0
2013389259,3032417cfacc8603eb6cec97030060b2,1.0,3019269881,2478356935,2090364660,2018-07-30,delivered,39.99,15.38,55.37,credit_card,2.0,3.0,-11.0,0.0
2921508544,4abc7b5330425bcf9c2f7f48151a88c0,1.0,3640116023,1715611120,2261194409,2018-07-31,delivered,129.9,14.49,144.39,credit_card,6.0,7.0,-10.0,0.0
2109186958,2c23f1e95bc8b5a7a891d3d4a7651c3d,1.0,2230839161,2250000855,2870196462,2018-08-01,delivered,22.5,7.42,29.92,credit_card,1.0,5.0,-4.0,0.0
2889811879,30828ec5d05237d99e2ffd4d77e5b492,1.0,4186428465,3548064169,1868809992,2018-08-17,delivered,35.0,6.33,41.33,credit_card,7.0,7.0,-26.0,0.0
2733421951,30828ec5d05237d99e2ffd4d77e5b492,2.0,4186428465,3548064169,1868809992,2018-08-17,delivered,35.0,6.33,41.33,credit_card,7.0,7.0,-26.0,0.0
1648205124,30828ec5d05237d99e2ffd4d77e5b492,3.0,4186428465,3548064169,1868809992,2018-08-17,delivered,35.0,6.33,41.33,credit_card,7.0,7.0,-26.0,0.0
280049223,495df6b807cb718b99cf24a4609fd323,1.0,800596758,2759412656,2947136883,2018-08-06,delivered,64.8,14.03,78.83,credit_card,2.0,7.0,-1.0,0.0
889879865,e1291e09e6eacd07121773233376f025,1.0,3347267101,2851658713,189635396,2018-07-11,delivered,65.0,9.21,74.21,credit_card,1.0,1.0,-8.0,0.0
1280638291,e1291e09e6eacd07121773233376f025,2.0,3347267101,2851658713,189635396,2018-07-11,delivered,65.0,9.21,74.21,credit_card,1.0,1.0,-8.0,0.0
3533262787,dd12f57a8bc06b6105b3e8c0c1bdbabd,1.0,1609425280,3470517503,1615213775,2018-07-27,delivered,56.1,19.58,75.68,credit_card,2.0,12.0,-7.0,0.0
3340729317,92ae7ea2c6f759b8aa53b32b59e0d142,1.0,36144615,2433518740,2031026716,2018-08-05,delivered,81.9,13.23,95.13,credit_card,1.0,8.0,-24.0,0.0
2526188281,15dd36b746e48dfec9824dcebef22b7f,1.0,2953323014,3681856989,1379301944,2018-07-04,delivered,26.19,18.28,44.47,credit_card,2.0,6.0,-28.0,0.0
4214293936,455c8cc6fcb8015c8fa06b087cf373b1,1.0,1731242199,39268834,2977093912,2018-08-06,delivered,99.99,11.72,111.71,credit_card,1.0,2.0,0.0,0.0
2819933691,591c776946bf5814d5438574a5b42327,1.0,3451889744,1167246573,2566875709,2018-07-31,delivered,149.0,19.14,168.14,credit_card,2.0,6.0,-9.0,0.0
2754666626,444444b7f836b844b14afe3e0fc9929f,1.0,1967522941,2220590473,2804246847,2018-07-22,delivered,69.9,9.62,79.52,credit_card,2.0,4.0,-5.0,0.0
178492634,2027c6ba8a58df2e69194531ff9abfa8,1.0,3709654739,1552957226,1360122595,2018-08-12,delivered,57.7,11.42,69.12,boleto,1.0,3.0,-5.0,0.0
1672382821,e1a818b056b700bd7b25f1089d897239,1.0,601764503,3513669726,900310379,2018-07-31,delivered,98.9,23.84,122.74,credit_card,2.0,7.0,-9.0,0.0
2265734437,aa6e1f3a2b645a2b22e70084a30d2cd0,1.0,3277600401,406379581,1238242724,2018-08-02,delivered,27.9,15.3,43.2,credit_card,2.0,6.0,-13.0,0.0
770173178,cdeefca5ad0ec35c4d7c5b48ab52e85c,1.0,1543432498,763667658,1203697143,2018-08-12,delivered,12.88,7.39,20.27,credit_card,1.0,3.0,-5.0,0.0
2922429583,c5625e0deb904fd1ae3c6c4a3a4a55d5,1.0,3656530594,887893059,3586621305,2018-07-26,delivered,119.0,8.41,127.41,boleto,1.0,5.0,-13.0,0.0
4085417106,ba063008dcde6cd0ecb0c72f82a4542d,1.0,964277453,2837973749,4090021514,2018-08-07,delivered,200.0,28.35,228.35,credit_card,3.0,6.0,-11.0,0.0
1778102328,2c8bf07fcf5c57d898ff1797efa33379,1.0,2743873946,1064166198,3658160762,2018-07-27,delivered,21.9,7.73,29.63,credit_card,1.0,12.0,-7.0,0.0
323073642,50703a5cdfb2b550cebacccaef68c958,1.0,550078292,3546215351,213195857,2018-07-25,delivered,67.9,17.69,85.59,credit_card,1.0,3.0,-5.0,0.0
2639868585,b560ced1765e243b3ebf765d80a8873d,1.0,1747927241,1719457807,1734769477,2018-07-19,delivered,114.9,23.6,138.5,boleto,1.0,6.0,-12.0,0.0
2784428138,b560ced1765e243b3ebf765d80a8873d,2.0,1747927241,1719457807,1734769477,2018-07-19,delivered,114.9,23.6,138.5,boleto,1.0,6.0,-12.0,0.0
742680353,3a572776650593b33c1a7bb4e7f8f650,1.0,2530595850,3286585782,3667124800,2018-08-03,delivered,49.9,15.45,65.35,debit_card,1.0,6.0,-8.0,0.0
3424415932,73421a5bdd55f86529569549055d9e82,1.0,3175695710,3911629916,368619248,2018-08-02,delivered,148.0,19.14,167.14,credit_card,5.0,7.0,-8.0,0.0
2664553016,17e8552f435a2ecca2d7a06c1e7fd085,1.0,1583884019,3969958778,1503930686,2018-08-10,delivered,166.9,47.83,214.73,credit_card,4.0,10.0,-4.0,0.0
3976545142,2b86248935bc0815bedf6857267be978,1.0,3013482982,538787775,1362232683,2018-08-21,delivered,193.0,16.42,209.42,credit_card,10.0,5.0,-4.0,0.0
1359635350,70263f30f6180c7ca277e4dc6c4c19c8,1.0,313016281,2725684015,123833255,2018-07-21,delivered,90.0,9.38,99.38,credit_card,3.0,4.0,-5.0,0.0
4165817966,0918eb0a00743c2cfeb69cce4fe4fe1e,1.0,1597345676,3519634355,367262557,2018-07-10,delivered,37.0,7.52,0.0,unknown,0.0,2.0,-6.0,0.0
458148303,078d2f79c229fd2c2759339ac97242f4,1.0,771441854,3838040118,1734769477,2018-07-26,delivered,199.9,27.7,227.6,credit_card,4.0,5.0,-15.0,0.0
825305080,8b1f6556b4b14ed4fb238e3a2128c592,1.0,3972308297,675350275,4090021514,2018-08-09,delivered,119.9,15.91,135.81,credit_card,5.0,15.0,1.0,1.0
554250882,2c113cbb0811cf0b32479bd0bce3379b,1.0,694834866,2996612687,2297992664,2018-08-12,delivered,319.9,50.32,370.22,boleto,1.0,14.0,-2.0,0.0
3564526147,707a334be449a3283d0312d4290d8077,1.0,1968936248,273479567,1333059511,2018-07-10,delivered,99.18,9.44,108.62,boleto,1.0,3.0,-6.0,0.0
779857195,233dd5ff8fcf29748ef3f96a24750ea8,1.0,1609741676,2105439760,2900036235,2018-07-31,delivered,179.0,27.91,206.91,debit_card,1.0,7.0,-14.0,0.0
1513624802,260e68b2fc1a2d642a00af60af19b0aa,1.0,472011392,691977015,229483877,2018-08-19,delivered,127.9,8.16,136.06,boleto,1.0,3.0,-5.0,0.0
551844487,c43de9faa95d5014569aa1ec9ac83554,1.0,2854631326,2466355469,523493826,2018-07-11,delivered,66.99,27.75,94.74,credit_card,2.0,16.0,-6.0,0.0
3000282665,3a5c53b7345f82b31c0d656d63f3b8fb,1.0,2411727414,1705452331,1017497319,2018-08-08,delivered,28.0,8.36,36.36,boleto,1.0,4.0,0.0,0.0
1516954249,04ca915235b56ef2ce81703cdaa6a24b,1.0,2884345074,1816939174,1550185782,2018-07-04,delivered,89.99,23.43,113.42,credit_card,2.0,5.0,-17.0,0.0
3479666284,21799a54bd487cd78f616aac588377de,1.0,1271832351,3605317528,3667124800,2018-08-23,delivered,49.9,13.01,62.91,credit_card,2.0,7.0,-7.0,0.0
38009154,0739104e30e20de6c0956c0889a9b9dc,1.0,1193583846,2645515026,4265433251,2018-08-17,delivered,369.9,24.41,394.31,credit_card,8.0,9.0,-4.0,0.0
662198780,9b5038dbc6702b00b24b9d493c82c371,1.0,4236950157,3520052168,2304947736,2018-07-05,delivered,56.0,13.05,69.05,credit_card,1.0,6.0,-13.0,0.0
772225615,cf1748350d5972bde01008c436083c4b,1.0,3425339019,3822421164,2304947736,2018-07-03,delivered,95.0,18.77,113.77,boleto,1.0,7.0,-17.0,0.0
3925083401,6d4376b400a766f89e562e40696dc4e0,1.0,866778809,2713028046,1550185782,2018-08-05,delivered,79.99,23.36,103.35,credit_card,5.0,4.0,-13.0,0.0
3529392825,b1b69f51bb6761e529b47d528ba4470e,1.0,2464021570,2743232940,2886549658,2018-07-13,delivered,22.0,37.06,59.06,boleto,1.0,20.0,-5.0,0.0
1597321589,c367f22647d3051bba338f9026973607,1.0,3951536524,3311233139,4109304321,2018-07-28,delivered,152.0,20.25,172.25,credit_card,3.0,8.0,-14.0,0.0
429415362,0216b8a71f44f126ac083fa5d639fe47,1.0,3005202352,1146510429,1553669565,2018-08-19,delivered,59.9,17.63,77.53,credit_card,1.0,5.0,-5.0,0.0
3196510193,1cb9066744dad3ef7abc18134fd8b4cd,1.0,1835689076,3574529082,2023461531,2018-08-10,delivered,49.99,7.61,57.6,credit_card,1.0,1.0,-4.0,0.0
69711789,2b33526ad18e84975c07ed2d5e513b3c,1.0,863195964,1816939174,1550185782,2018-08-10,delivered,85.99,11.62,97.61,credit_card,2.0,8.0,2.0,1.0
4080349377,1105262adc6ab25e5b789a33ea9e977b,1.0,3457172660,3166164777,1696683105,2018-07-03,delivered,19.99,12.8,32.79,credit_card,1.0,8.0,-9.0,0.0
2705189609,c2fdaa1b60c55ac8d318c4adb4b26373,1.0,1819817156,2609951366,4109428959,2018-08-05,delivered,11.87,7.39,19.26,credit_card,1.0,9.0,-7.0,0.0
679590173,4856100f6860747b156ecf6405386b7b,1.0,1391632977,2740299969,1303264640,2018-07-18,delivered,67.7,34.23,101.93,boleto,1.0,6.0,-17.0,0.0
1864629935,49fd5cd566e1e24b0c403afb8996728a,1.0,2585653546,4138505173,1884653127,2018-07-09,delivered,34.9,14.55,49.45,boleto,1.0,4.0,-11.0,0.0
3297184536,421d08636eed6cd2041826b40405c194,1.0,2736665547,3655495200,4156473050,2018-07-05,delivered,24.9,7.43,32.33,credit_card,1.0,2.0,-11.0,0.0
3976780581,421d08636eed6cd2041826b40405c194,2.0,2736665547,3655495200,4156473050,2018-07-05,delivered,24.9,7.43,32.33,credit_card,1.0,2.0,-11.0,0.0
2322161829,23f99f3d6a5974cd50c00ebb3d6540a1,1.0,2586328181,650566202,1763790356,2018-08-07,delivered,219.0,19.63,238.63,debit_card,1.0,12.0,-4.0,0.0
2875972491,372eb74837659ae6a3bc25f662bfa2ff,1.0,2676262541,3452738577,2681412629,2018-07-29,delivered,49.99,19.26,69.25,credit_card,3.0,11.0,-18.0,0.0
1570062807,95d8d3c4c0f3ac475f40696807344776,1.0,1796464431,50247468,177643490,2018-07-05,delivered,89.0,18.72,107.72,credit_card,3.0,5.0,-19.0,0.0
4264591123,1d88068495a8986f241f769664ac98de,1.0,3231776179,2116048782,4055463965,2018-07-28,delivered,22.32,15.26,37.58,boleto,1.0,16.0,-8.0,0.0
4228855780,dfc7b55ee482374556356b94afc9b841,1.0,895806107,3319620110,3900748527,2018-07-19,delivered,72.0,9.43,81.43,credit_card,1.0,3.0,-18.0,0.0
3027234471,9e12d0b2e230c41566ece579e1e88bbe,1.0,42091812,919080661,2845521358,2018-08-13,delivered,59.5,18.52,78.02,credit_card,1.0,14.0,-14.0,0.0
3890543147,cdd61af8ec58bfe7f1fe17f86bf64a28,1.0,3888206471,1345766636,1503930686,2018-07-16,delivered,107.9,18.56,126.46,credit_card,2.0,12.0,-9.0,0.0
447589183,044cbf8cf2b8839acd8f0fbc6faeeabd,1.0,4096830748,3338599894,1696683105,2018-08-16,delivered,38.95,7.53,46.48,credit_card,1.0,4.0,-1.0,0.0
1045808225,e112dc2744c9e024795bee7be6ff73de,1.0,920623894,889429523,1082701225,2018-07-02,delivered,87.99,19.81,107.8,credit_card,2.0,7.0,-21.0,0.0
4264496527,a092499a9f4bcd992aadbcdc2d5f7843,1.0,1614294564,3843154674,2997337676,2018-07-04,delivered,490.9,54.16,545.06,credit_card,5.0,20.0,-9.0,0.0
525993961,a6a81ef0cba0e11e230b4d19a6e8c559,1.0,3756920244,1194057968,854629258,2018-07-12,delivered,99.0,18.27,117.27,credit_card,2.0,25.0,13.0,1.0
1498752217,c2d227e33004969c49215bb63c53cc67,1.0,3084335161,1816939174,1550185782,2018-08-04,delivered,85.99,14.91,100.9,boleto,1.0,6.0,-7.0,0.0
2025687008,d51efba225d758550821c63b23bcf48b,1.0,2394498607,2413621728,2250123381,2018-08-22,delivered,79.0,13.21,92.21,boleto,1.0,6.0,-7.0,0.0
3189933060,2645cc89531b7de88149e18d83a13263,1.0,1448240314,182281350,3552034146,2018-08-12,delivered,239.9,19.73,259.63,credit_card,10.0,8.0,-3.0,0.0
1817704481,c5d63349822280ab188ac2cb0966668c,1.0,1605801032,2871992442,2928255765,2018-08-07,delivered,45.9,7.9,53.8,credit_card,2.0,1.0,-6.0,0.0
3766741724,c5d63349822280ab188ac2cb0966668c,2.0,1605801032,2871992442,2928255765,2018-08-07,delivered,45.9,7.9,53.8,credit_card,2.0,1.0,-6.0,0.0
2106604577,af08253b9001685eb1df111e7134a4c3,1.0,853407062,3478202829,918571473,2018-07-04,delivered,199.9,16.5,216.4,credit_card,3.0,14.0,-14.0,0.0
1457480512,3fc0be2b864e9efc63373bcbafbb16ea,1.0,2799642098,1619330562,123833255,2018-08-03,delivered,50.0,11.37,61.37,boleto,1.0,4.0,0.0,0.0
462916815,3fc0be2b864e9efc63373bcbafbb16ea,2.0,2799642098,1619330562,123833255,2018-08-03,delivered,50.0,11.37,61.37,boleto,1.0,4.0,0.0,0.0
3305587160,4a3798db024e5f7ec925bd803ec5567c,1.0,1202373224,2318902672,1813314038,2018-07-08,delivered,79.9,13.22,93.12,credit_card,2.0,19.0,-17.0,0.0
3720033599,4a3798db024e5f7ec925bd803ec5567c,2.0,1202373224,2318902672,1813314038,2018-07-08,delivered,79.9,13.22,93.12,credit_card,2.0,19.0,-17.0,0.0
3556101162,19d18829a26fa8fcf9fa728de1112893,1.0,956212833,203776631,960009223,2018-07-16,delivered,20.0,15.24,35.24,boleto,1.0,8.0,-20.0,0.0
3969411999,50cb20f783b26639e858a27798b315b6,1.0,2508995148,2573014637,1248838824,2018-08-11,delivered,54.9,67.52,122.42,credit_card,5.0,10.0,-9.0,0.0
1230541571,4cc5e8564e986df9c0189d125236a10a,1.0,1591846059,1104351628,2303787513,2018-07-22,delivered,200.0,24.2,224.2,credit_card,8.0,4.0,-14.0,0.0
1588807238,6e5cff6677f960e7b16b2bae2b941c9d,1.0,1442163199,3637247754,604144110,2018-08-11,delivered,70.9,15.6,86.5,credit_card,2.0,5.0,-11.0,0.0
4026252191,cc37a61fa8201c91170d102918162eec,1.0,592349410,364632874,3633342575,2018-08-19,delivered,15.0,7.39,22.39,credit_card,1.0,1.0,-2.0,0.0
2181660373,bd6a23b926eaaee84f90244b9bcb12ac,1.0,1843512905,3376174489,3845926859,2018-08-10,delivered,29.0,18.3,47.3,credit_card,1.0,11.0,-7.0,0.0
2765728674,3eb9ce2fdb2296e4f0e24e3b55792c3e,1.0,3110101972,469128293,3103215707,2018-08-10,delivered,289.99,16.95,306.94,credit_card,3.0,7.0,-24.0,0.0
1852209745,6df6c9c9af6ef75b4f06f8a7b9f47e9c,1.0,1966884221,1568942760,853272068,2018-07-23,delivered,19.8,8.3,28.1,boleto,1.0,3.0,-5.0,0.0
3532867888,3eaa049d12010ae119bb075092d421d8,1.0,3013813081,3720726719,3051201525,2018-07-19,delivered,59.0,13.99,72.99,credit_card,2.0,5.0,-8.0,0.0
468536516,25727c3a1c2ebe88d357a3ad2450c1ef,1.0,2477114254,174750780,523493826,2018-08-17,delivered,122.99,30.11,153.1,credit_card,3.0,10.0,-13.0,0.0
3679325811,30eee244a7d32cac1de9617e4b9ae312,1.0,1836535407,1715952204,2023461531,2018-08-16,delivered,99.0,23.41,122.41,credit_card,1.0,14.0,-13.0,0.0
3305823349,2dce4900da65c78bfeb7b56efa0dd59e,1.0,2785446006,940921760,1919968767,2018-07-17,delivered,110.32,8.03,118.35,credit_card,1.0,6.0,-3.0,0.0
1301048254,08d3b6ee17b7cb32e530f4488c3f6abf,1.0,3508539840,2295367010,3919369145,2018-07-27,delivered,36.99,14.57,51.56,credit_card,5.0,6.0,-7.0,0.0
561581811,2af130bb551b499de50516b1cd687d0c,1.0,737654262,199515803,4271935289,2018-08-10,delivered,58.59,19.6,78.19,credit_card,2.0,11.0,-3.0,0.0
4127460991,9244c5e7b61a5ec0c86191bb1a727ed2,1.0,1694465691,4176774171,3773013363,2018-07-22,delivered,219.0,17.72,236.72,credit_card,8.0,5.0,-13.0,0.0
1440041065,8a7c3a3a48dbc1c76fb4e7e5844d5584,1.0,3506052233,2637793719,1021285084,2018-07-25,delivered,209.9,39.64,249.54,credit_card,2.0,21.0,-1.0,0.0
1685051506,631e74e14da293fc4c6a8f02253aac6e,1.0,1826649048,1047487471,3078723279,2018-08-26,delivered,59.7,18.52,78.22,credit_card,4.0,4.0,-13.0,0.0
3009067104,b94d017913e0b697201de9ec22c23f46,1.0,2582336937,3574529082,2023461531,2018-08-16,delivered,49.99,7.61,57.6,boleto,1.0,4.0,-2.0,0.0
3663081357,b94d017913e0b697201de9ec22c23f46,2.0,2582336937,3574529082,2023461531,2018-08-16,delivered,49.99,7.61,57.6,boleto,1.0,4.0,-2.0,0.0
3442103423,3c49ac24936ce58ff09050d9878c2130,1.0,2666757235,546666890,4229910683,2018-08-16,delivered,102.9,8.88,111.78,credit_card,2.0,1.0,-13.0,0.0
1647960806,dcb29bfbbef4b1df25a15c4e182e8dd4,1.0,4143211179,359153045,2465488481,2018-07-18,delivered,117.99,44.63,162.62,credit_card,10.0,8.0,-11.0,0.0
3519736272,d06353378a1ff1ae9d69e21e97c78906,1.0,39331408,1984114889,2629314654,2018-07-04,delivered,19.99,18.24,38.23,boleto,1.0,8.0,-20.0,0.0
2375524716,5d5d392da798eba40e212a051377510a,1.0,4022579120,1788069387,1970316074,2018-08-13,delivered,119.0,20.02,139.02,credit_card,1.0,11.0,-20.0,0.0
3044294786,556c0a42a8e9e57a6e411701908f0fd3,1.0,858489051,3000129386,2746700703,2018-07-09,delivered,59.9,39.02,98.92,credit_card,1.0,14.0,-4.0,0.0
1098288045,34ae480fe2cec3fa921d33b72b32572a,1.0,2033876075,3380929161,2417067144,2018-08-17,delivered,190.0,17.66,207.66333333333333,boleto,1.0,10.0,-28.0,0.0
182495960,34ae480fe2cec3fa921d33b72b32572a,2.0,2033876075,3380929161,2417067144,2018-08-17,delivered,190.0,17.66,207.66333333333333,boleto,1.0,10.0,-28.0,0.0
2401595735,34ae480fe2cec3fa921d33b72b32572a,3.0,2033876075,3380929161,2417067144,2018-08-17,delivered,190.0,17.66,207.66333333333333,boleto,1.0,10.0,-28.0,0.0
2264458837,d14f47d31b1e3717cd25c3876b276523,1.0,276709685,1962687574,2565070737,2018-07-19,delivered,105.0,22.67,127.67,credit_card,1.0,8.0,-13.0,0.0
876185356,6fc7f8b453f5c366762afbf392ef9b37,1.0,4021642540,1458105883,4109428959,2018-07-03,delivered,13.47,15.23,28.7,debit_card,1.0,23.0,-7.0,0.0
2174152214,3be113c6f46b175e08325d580637fa4a,1.0,428084841,289558685,1868809992,2018-08-17,delivered,239.7,19.45,259.15,credit_card,5.0,4.0,-3.0,0.0
2144157546,80a26b4ee1a6aff31f37986403491366,1.0,1382394758,1712289192,2927311822,2018-07-31,delivered,196.9,37.71,234.61,boleto,1.0,22.0,6.0,1.0
508510188,03e2511c3ad8af9188ef59218b1e8a2c,1.0,1200929625,3478202829,918571473,2018-07-13,delivered,154.91,16.18,171.09,boleto,1.0,25.0,-1.0,0.0
1157967038,67e2b633b65efc08fed5fb68e325761b,1.0,3814148526,1831397307,1467775728,2018-08-12,delivered,29.9,19.77,49.67,credit_card,3.0,11.0,-7.0,0.0
3768872443,3d7c4455b009850d0c83c70fae3df22b,1.0,4240774497,98179416,2533375300,2018-07-14,delivered,24.9,22.1,47.0,boleto,1.0,10.0,-20.0,0.0
2623688035,8849f02bf66502f56ce8c5173bb954df,1.0,1186500881,50927214,3777428918,2018-07-29,delivered,27.19,18.29,45.48,boleto,1.0,8.0,-35.0,0.0
267669455,8fabd912f4e4dd0372ada8ca6633a738,1.0,1771947659,809097655,2286617973,2018-07-18,delivered,17.99,18.23,36.22,credit_card,1.0,7.0,-8.0,0.0
2835062199,332cccabf2107750bda6430e1696198d,1.0,2756611228,592096461,2304947736,2018-07-23,delivered,78.0,18.65,96.65,credit_card,4.0,6.0,-15.0,0.0
1358252016,7db0ac143ad1d1fdb64f9ddf710979f2,1.0,3754497219,1913017858,4120033478,2018-07-24,delivered,199.9,20.59,220.49,credit_card,8.0,6.0,-11.0,0.0
3931535364,2a9acc818cc4e94fd11325509013b433,1.0,4075193775,3230948426,2566875709,2018-08-14,delivered,149.0,44.84,193.84,credit_card,2.0,4.0,-10.0,0.0
3226275408,61e23a6264d97339d6e7f3d113582713,1.0,581281852,3577950010,487246604,2018-08-18,delivered,79.99,19.75,99.74,boleto,1.0,10.0,-14.0,0.0
339841387,d802b8adcfb2cc03772c0645c9257a4a,1.0,328364338,677691022,2312430349,2018-08-06,delivered,109.9,51.06,160.96,credit_card,4.0,10.0,-14.0,0.0
2408514605,230cb5ffb43a10662e4b64e7d02cd171,1.0,747107706,2297145869,740847726,2018-07-31,canceled,39.99,20.72,60.71,credit_card,3.0,,,
4003398694,230cb5ffb43a10662e4b64e7d02cd171,2.0,747107706,2297145869,740847726,2018-07-31,canceled,39.99,20.72,60.71,credit_card,3.0,,,
2350072919,940e9dfa68e117c7227f0f20cb1bd2af,1.0,3756680716,3306076659,4038371640,2018-08-13,delivered,89.99,18.43,108.42,credit_card,3.0,4.0,-7.0,0.0
149072025,778ecbd9f15071b1fdcb6047e26a6acd,1.0,1054579728,2955141554,261066546,2018-07-19,delivered,132.2,16.03,148.23,credit_card,3.0,4.0,-10.0,0.0
3153702609,3282779fe3b8973d9139f7b8fd8e22c0,1.0,660311207,2377881843,3361221497,2018-08-15,delivered,40.9,9.04,49.94,credit_card,1.0,5.0,-2.0,0.0
1233636642,77ef3216467887c78ddec18de86a58b9,1.0,468598601,3911629916,368619248,2018-07-18,delivered,148.0,19.14,167.14,boleto,1.0,13.0,-3.0,0.0
3652444077,dd43808dd9194cb01cc2f50bef6092a4,1.0,1568038230,572174851,316395269,2018-07-26,delivered,79.99,19.47,99.46,credit_card,9.0,14.0,-13.0,0.0
1764431689,4ae41a4932898dbf49f39d10745ba16f,1.0,1164624106,3757130222,1203697143,2018-08-17,delivered,13.9,7.39,21.29,credit_card,1.0,3.0,-7.0,0.0
3294172332,9a2e51589ecc5ce80f0403a55a8f789c,1.0,4052257857,3759249835,213195857,2018-07-30,delivered,44.9,18.11,63.01,voucher,1.0,8.0,-9.0,0.0
3352940394,a9cd27fff067ca1c5289e063ba082022,1.0,1971446342,3572759019,764872307,2018-07-17,delivered,50.4,8.51,58.91,credit_card,1.0,3.0,-6.0,0.0
2653253227,933824572e25f2482e2b59e73b1c9858,1.0,2996935329,619505521,2581947206,2018-07-04,delivered,89.6,15.73,105.33,credit_card,1.0,6.0,-26.0,0.0
4008084547,6b2db6289d13d627596a319150551fe2,1.0,1227833458,2892364559,2356191125,2018-07-02,delivered,60.0,34.5,94.5,credit_card,8.0,9.0,-13.0,0.0
2066776506,b8e11074d7fd4b6123ebcc4af964381c,1.0,1582631667,2413621728,2250123381,2018-08-14,delivered,75.0,13.19,88.19,boleto,1.0,8.0,-5.0,0.0
131237094,5cd1f67d76b653cb354391539321edf4,1.0,1935834005,3417047400,2622226838,2018-08-26,delivered,79.9,7.98,87.88,debit_card,1.0,2.0,-3.0,0.0
366358088,b198ccd6b70f2462922861e8c5a571cf,1.0,3965572231,3404082432,3914719098,2018-08-10,delivered,432.3,69.62,501.92,credit_card,5.0,7.0,-10.0,0.0
3137726311,53bc886b1ad60443b3169542b7947f3b,1.0,3720654559,1767205982,1615213775,2018-07-26,delivered,26.4,19.38,45.78,boleto,1.0,8.0,-10.0,0.0
4278723636,6711d32f6b3652ef28afeb71bcf586f3,1.0,215124597,2331673455,3208753650,2018-08-05,delivered,55.0,15.49,70.49,credit_card,7.0,12.0,-14.0,0.0
171837307,4765a33a4ab50002a81f461694f64563,1.0,2382622874,3437381620,818072497,2018-07-31,delivered,121.75,18.65,140.4,credit_card,2.0,5.0,-7.0,0.0
1914291591,759ceb2a861358153b8c0727e3552c65,1.0,2327464637,818561453,357383673,2018-08-03,delivered,139.9,20.54,160.44,credit_card,2.0,10.0,-8.0,0.0
3059382850,50d4fe343ec872ddb397502ccd3afeed,1.0,567408727,720659732,2014339942,2018-07-05,delivered,135.0,41.93,0.0,unknown,0.0,6.0,-15.0,0.0
1014889974,a66196d313e431749d0ac48fe827ab1b,1.0,3421906157,1378147945,4055463965,2018-08-18,delivered,24.9,16.36,41.26,credit_card,1.0,11.0,-20.0,0.0
2694375703,4e83394be5549984fa381766d2e989da,1.0,3183100445,898335490,3529100504,2018-08-20,delivered,38.0,8.43,46.42999999999999,boleto,1.0,1.0,-1.0,0.0
2006153568,4e83394be5549984fa381766d2e989da,2.0,3183100445,898335490,3529100504,2018-08-20,delivered,38.0,8.43,46.42999999999999,boleto,1.0,1.0,-1.0,0.0
3272741340,4e83394be5549984fa381766d2e989da,3.0,3183100445,898335490,3529100504,2018-08-20,delivered,38.0,8.43,46.42999999999999,boleto,1.0,1.0,-1.0,0.0
1841995696,74df7f96ed0e23d9290b02f3534eb597,1.0,200646850,157563364,2170108011,2018-08-05,delivered,329.0,17.4,346.4,credit_card,3.0,12.0,3.0,1.0
1277235615,4d2997398817763e25ae074190f98a32,1.0,1026548318,1402906775,1423184178,2018-07-19,delivered,145.0,16.12,161.12,credit_card,2.0,4.0,-15.0,0.0
218239682,116f5088fd9393bef556fc932533e3dc,1.0,1443925961,3138985478,3554345266,2018-08-07,delivered,169.9,19.29,189.19,credit_card,2.0,9.0,-14.0,0.0
2883197826,55d03c0ad1a4743f9845da6d9444beaa,1.0,3007935879,2562824348,3485175421,2018-07-07,delivered,69.9,14.8,84.7,credit_card,2.0,8.0,-9.0,0.0
1329030196,3e238891b4618a7a2224ea32becc04d2,1.0,108130443,720284162,3799418531,2018-07-23,delivered,220.0,24.34,244.34,credit_card,4.0,3.0,-12.0,0.0
1149222625,6192897f85cb2aff6dd1fca56fddb45e,1.0,4001008956,4084145374,727074973,2018-07-18,delivered,199.99,19.5,219.49,credit_card,4.0,8.0,-8.0,0.0
3431854355,a57ec1ab15e32bbd96dc388716a9193d,1.0,1788462047,592096461,2304947736,2018-07-17,delivered,78.0,18.65,96.65,credit_card,3.0,6.0,-17.0,0.0
3134898462,6912f9577b4156d72ee607f78328ed11,1.0,3479606928,1740007191,2373578609,2018-08-26,delivered,35.9,7.51,43.41,credit_card,1.0,2.0,-2.0,0.0
1173217074,955905cdf6d624f57f4eed64285077da,1.0,3342298394,1506192027,4193115790,2018-07-22,delivered,38.9,16.46,55.36,credit_card,1.0,7.0,-7.0,0.0
2421897579,03d9d682de9c41158e00e17ee26d9070,1.0,2614179731,2252575582,604144110,2018-08-11,delivered,199.9,10.53,210.43,credit_card,1.0,4.0,-6.0,0.0
1777145693,a887a98a44fd41090859072971661ece,1.0,3332202069,1174547904,1266529499,2018-08-02,delivered,219.0,16.83,235.83,credit_card,8.0,1.0,-5.0,0.0
521969862,1788d3cfde665564a327c52dd1bcb7c3,1.0,1894025643,1570888716,53223181,2018-08-08,delivered,29.99,7.47,0.0,unknown,0.0,2.0,-3.0,0.0
2219487891,07a394899e1b5de598df8ff3ea5edf37,1.0,477621516,747045981,2356191125,2018-08-09,delivered,8.9,18.23,27.13,boleto,1.0,8.0,-4.0,0.0
1604858651,17635bd7488306e5da70e0c945e5fe83,1.0,3979141339,3900236847,1604814988,2018-08-09,delivered,28.9,9.33,38.23,credit_card,8.0,5.0,0.0,0.0
1034573613,17635bd7488306e5da70e0c945e5fe83,2.0,3979141339,3900236847,1604814988,2018-08-09,delivered,28.9,9.33,38.23,credit_card,8.0,5.0,0.0,0.0
1703735165,17635bd7488306e5da70e0c945e5fe83,3.0,3979141339,3900236847,1604814988,2018-08-09,delivered,28.9,9.33,38.23,credit_card,8.0,5.0,0.0,0.0
1902026709,a5e7b733ac9f9e3d9bafeacd10b5aff9,1.0,544574103,359718733,1612681572,2018-08-21,delivered,110.0,17.75,127.75,boleto,1.0,5.0,3.0,1.0
2746968061,a1fbfc9aab174eae636440b4c8930479,1.0,42331632,4064384028,3583083943,2018-07-14,delivered,29.7,16.4,0.0,unknown,0.0,6.0,-11.0,0.0
412085070,7a36ddcacbdd80a7dd8771aa4c6e465e,1.0,2767709298,3104424839,2270995335,2018-08-06,delivered,25.32,18.28,43.6,debit_card,1.0,10.0,-11.0,0.0
305392205,3d3796e51ab31becaee3237763ecd690,1.0,555608351,3562369157,1716536501,2018-08-08,delivered,134.9,20.13,0.0,unknown,0.0,9.0,-5.0,0.0
1212335873,b1060e1be953d38ce9cdf6140c7d27a7,1.0,200003496,3772877346,2271746174,2018-08-22,delivered,55.0,22.32,77.32,credit_card,2.0,7.0,-19.0,0.0
633095625,8b86d33f9f1ddd6dd357b35d1670bc29,1.0,2860419479,2090197337,730094745,2018-07-19,delivered,36.89,7.52,44.41,credit_card,4.0,5.0,-13.0,0.0
4252024272,13917780488fcc5fa2f9fa3c45549c80,1.0,3582007989,3936216330,730094745,2018-08-07,delivered,33.99,11.26,45.25,credit_card,2.0,7.0,1.0,1.0
315827998,2078512e84c5104a45f4a1b80cce3ed1,1.0,2798473291,2871547998,1072758820,2018-08-06,delivered,99.9,23.85,123.75,boleto,1.0,11.0,-3.0,0.0
1686366483,ac8a707fb4b1197afa70e75fa66f187d,1.0,4052408453,3406972176,2262232400,2018-08-03,delivered,25.0,8.34,33.34,credit_card,1.0,3.0,-2.0,0.0
1719158149,bca32e22d44a9179359d3ee73a26ce49,1.0,805241320,3607966932,581044507,2018-08-12,delivered,143.8,13.67,157.47,credit_card,5.0,9.0,-7.0,0.0
2134831752,14f71e03c472d2b37384b55708ac8354,1.0,3669961441,1668855605,3147574442,2018-07-19,delivered,99.77,19.89,119.66,boleto,1.0,6.0,-15.0,0.0
1577412667,d5da3d3e9a68ba109b6f8f0d2ad567cf,1.0,4053050046,4066462833,1702792411,2018-07-04,delivered,19.9,37.05,56.95,credit_card,1.0,44.0,18.0,1.0
3815788506,469dba1d869ad7ac257e09c9f8947b4e,1.0,231461499,1578751941,2580370799,2018-07-15,delivered,49.9,14.65,64.55,credit_card,2.0,4.0,-11.0,0.0
163132994,469dba1d869ad7ac257e09c9f8947b4e,2.0,231461499,1578751941,2580370799,2018-07-15,delivered,49.9,14.65,64.55,credit_card,2.0,4.0,-11.0,0.0
60585210,a1ebec3b404746545a11186a23a88baa,1.0,1620863304,3278894165,4212863027,2018-08-07,delivered,19.9,15.24,35.14,credit_card,3.0,3.0,-12.0,0.0
486523107,80f206a25c4f2cfb8f12febcb3c3baba,1.0,4010101225,189786779,879645702,2018-07-12,delivered,76.05,38.8,114.85,credit_card,2.0,11.0,-13.0,0.0
315550237,6a1a1bf2fd36dee014df573300dc3ac0,1.0,2881463982,2369825940,242663277,2018-07-06,delivered,129.0,60.13,189.13,credit_card,2.0,17.0,-7.0,0.0
3714889713,2372d0c3ea71f023b269f1c1ba34f675,1.0,884265898,295151353,2892609914,2018-08-08,delivered,39.0,13.85,52.85,credit_card,3.0,5.0,-8.0,0.0
3722178904,2372d0c3ea71f023b269f1c1ba34f675,2.0,884265898,4282510626,2892609914,2018-08-08,delivered,39.0,13.85,52.85,credit_card,3.0,5.0,-8.0,0.0
826244944,749309f96df588c96621963117e9530f,1.0,670846462,510018152,3243706070,2018-08-14,canceled,59.99,11.44,71.43,credit_card,7.0,,,
544277773,b1873e7f1c0220c132db2642ecf2bf1b,1.0,3741985940,2943935365,91315182,2018-07-16,delivered,135.0,27.72,162.72,credit_card,2.0,21.0,-15.0,0.0
812667782,b1873e7f1c0220c132db2642ecf2bf1b,2.0,3741985940,2943935365,91315182,2018-07-16,delivered,135.0,27.72,162.72,credit_card,2.0,21.0,-15.0,0.0
582473369,b1873e7f1c0220c132db2642ecf2bf1b,3.0,3741985940,2943935365,91315182,2018-07-16,delivered,135.0,27.72,162.72,credit_card,2.0,21.0,-15.0,0.0
1123109218,1886d25a5ec0c9494c99ef246359cde6,1.0,3709494879,2192278604,388368993,2018-07-15,delivered,31.9,15.32,47.22,credit_card,2.0,9.0,-6.0,0.0
3560967562,97d2d4d4e4016a1ea008f1e3a3e35ea5,1.0,2183897933,3058529619,596468350,2018-08-15,delivered,46.0,19.51,65.51,debit_card,1.0,7.0,-12.0,0.0
712387421,e1fa2787ce8e0bf4ddf128a263acad6c,1.0,2249746492,1118237897,753329531,2018-08-09,delivered,179.9,20.45,200.35,credit_card,2.0,7.0,-19.0,0.0
2079015800,44b87222a39cf1f615e23599913b099d,1.0,3465688855,3822421164,2304947736,2018-08-16,delivered,95.0,7.93,102.93,boleto,1.0,4.0,-1.0,0.0
3045967238,862510fc0a355d6cfe5c4add63ae9566,1.0,2092617834,21635534,4027816933,2018-08-07,delivered,161.0,84.0,245.0,credit_card,3.0,13.0,-7.0,0.0
2113968755,a850819097762e4dd825ae3d911f5861,1.0,2792287327,4125557941,926823165,2018-07-22,delivered,25.9,18.23,44.13,credit_card,1.0,9.0,-13.0,0.0
1353619104,d87739e1a489341831ec68b0876174f0,1.0,3762136502,3787745449,4120033478,2018-08-21,delivered,49.9,9.28,59.18,credit_card,4.0,2.0,-5.0,0.0
2029744256,444baeba76a46804ce48bc19d0d45453,1.0,1015528560,1729627261,2420294011,2018-07-19,delivered,36.9,18.36,55.26,credit_card,1.0,14.0,-14.0,0.0
2694922686,8163efda614023e2abc96657b804f15d,1.0,999042968,1436402221,3131976384,2018-07-05,delivered,89.9,27.58,117.48,credit_card,4.0,7.0,-21.0,0.0
4046219217,d191ac7a9642a12d39419f26f43f800c,1.0,266826552,3196166540,3129531441,2018-07-17,delivered,160.0,23.92,183.92,credit_card,8.0,5.0,-9.0,0.0
2429243754,c577af5e9d5dbecf0ac65ff28cb8ad45,1.0,2082506760,1720060514,9861004,2018-08-09,delivered,49.9,28.88,68.99869219440353,credit_card,4.0,12.0,-14.0,0.0
2109979021,c577af5e9d5dbecf0ac65ff28cb8ad45,2.0,2082506760,1016099936,2880307388,2018-08-09,delivered,119.85,36.09,165.72130780559644,credit_card,4.0,12.0,-14.0,0.0
1661531809,6370ed5bf9fc597975726885bde6ccce,1.0,3633543036,2499443980,3809290688,2018-08-21,delivered,19.0,12.79,31.79,credit_card,3.0,3.0,-10.0,0.0
1154916586,8284b00d4745bed4c4823f738941718f,1.0,4097900847,3124087969,1027933367,2018-08-24,delivered,50.0,18.15,68.15,credit_card,4.0,6.0,-21.0,0.0
3406286607,318f17dd3da19e3c819d905940547755,1.0,1316112684,463014650,3807170672,2018-08-06,delivered,36.9,18.36,55.26,credit_card,5.0,7.0,-8.0,0.0
3945863028,2d56f831faff17de02fb49d2155fb2e5,1.0,737340598,807782517,3826842713,2018-07-24,delivered,100.0,23.42,123.42,credit_card,1.0,15.0,-14.0,0.0
93187691,9a58639b7ba6a6e4983d68f50694f34f,1.0,2369902801,2238545428,3485175421,2018-08-24,delivered,52.9,14.68,67.58,credit_card,1.0,5.0,-6.0,0.0
971777430,51520d3bdef580c2ffd3b8fea209172a,1.0,584801327,302400981,2304947736,2018-08-06,delivered,49.0,7.6,56.6,debit_card,1.0,3.0,0.0,0.0
730854101,93be45ffc4c8eaecb1eaf7654308acc1,1.0,783429268,774870517,4109304321,2018-07-20,delivered,124.0,14.21,138.21,credit_card,2.0,5.0,-15.0,0.0
2833728096,9ff8a9b56d0dc60ce426a0c27ad77953,1.0,2743134626,3008450872,1138917008,2018-07-13,delivered,44.0,13.65,57.65,credit_card,1.0,7.0,-21.0,0.0
2515902377,1924c6aa8ef1e715f7593d5b36bc596f,1.0,3837163475,1567030015,2812297156,2018-08-07,delivered,330.0,24.24,354.24,credit_card,8.0,9.0,-13.0,0.0
3648552511,5fb3f389f87dba24283f9926bddbf546,1.0,2842281035,3930209056,915215172,2018-08-17,delivered,20.0,16.33,36.33,credit_card,1.0,10.0,-3.0,0.0
3274810319,b819d4bf7ee713f4efbbf5328a3eeeaa,1.0,1101138646,1340777010,58373499,2018-07-14,delivered,126.0,23.68,149.68,debit_card,1.0,11.0,-33.0,0.0
1896724470,dc8e7d66422ec37c6fa1cd4f6d29a85a,1.0,282221876,3286585782,3667124800,2018-07-15,shipped,49.9,17.28,67.18,credit_card,3.0,,,
2596261774,2b7348f9efa4c873465d66aba3fa20a0,1.0,3232397286,430874349,618561824,2018-08-20,delivered,106.9,15.85,122.75,credit_card,4.0,6.0,-14.0,0.0
986109917,b67b6f2b2675c892382cac4ba30ef88d,1.0,3400128135,3822421164,2304947736,2018-07-18,delivered,95.0,18.77,113.77,boleto,1.0,7.0,-8.0,0.0
3114505130,620f2b2f6cabdf0426262c47bf3a883c,1.0,2368272462,3820662577,2060950116,2018-08-01,delivered,119.0,35.9,154.9,credit_card,3.0,2.0,-10.0,0.0
3885234038,30912e56cd416bbcbd9d3282e643c27e,1.0,42411356,1443347937,305748041,2018-07-26,delivered,15.0,8.29,23.29,boleto,1.0,4.0,-11.0,0.0
2649816719,c4ce02b0d68f5bf60e5d6bac4701350d,1.0,367334224,2612565760,3049278770,2018-08-04,delivered,359.0,25.45,384.45,credit_card,5.0,9.0,-3.0,0.0
2791755626,0b3e1c68302779e0c67d97c5b8ed17f7,1.0,1959347733,1424978507,2068067571,2018-08-01,delivered,319.0,24.51,343.51,credit_card,10.0,7.0,-13.0,0.0
2267010648,c832d3bb0e9e7f7eaead6a21ed509d83,1.0,45664122,3561404005,2304947736,2018-07-05,delivered,55.0,7.65,62.65,boleto,1.0,6.0,-7.0,0.0
2412150484,035a721e5bfc1bc3f4e1ba0d7923cc84,1.0,3337513535,2170354304,3659481684,2018-08-10,delivered,99.89,8.28,108.17,boleto,1.0,4.0,-1.0,0.0
2794922565,cc9760bf7b5d5b74c4d1eb1ab6405b50,1.0,3067378705,866772139,1019155836,2018-07-17,delivered,9.8,13.68,16.17647577092511,boleto,1.0,6.0,-4.0,0.0
2937318275,cc9760bf7b5d5b74c4d1eb1ab6405b50,2.0,3067378705,3813606445,3723740414,2018-07-17,delivered,12.9,1.09,21.293524229074887,boleto,1.0,6.0,-4.0,0.0
2803154386,62c58d2be94d38380892b7e984d67bf1,1.0,1765898173,947047832,2304947736,2018-07-18,delivered,249.0,19.84,268.84,credit_card,8.0,6.0,-13.0,0.0
1008563055,47d3b12983a4e86dee49b220a689f1c7,1.0,1346563676,3370036278,2845521358,2018-07-27,delivered,59.5,22.35,0.0,unknown,0.0,12.0,-12.0,0.0
573507489,8aa3866b203e8d7afaf21d53331f716c,1.0,2276921507,1221457373,935749508,2018-07-14,delivered,56.99,19.59,76.58,credit_card,1.0,9.0,-22.0,0.0
3335199005,25f43575fa101103e2246a97e03fb705,1.0,358876361,3273559576,3845613896,2018-08-06,delivered,32.99,15.33,48.32,boleto,1.0,7.0,-28.0,0.0
3947178127,03c8468d3001db38cadd59ac670341cc,1.0,1188162176,2048751412,1696683105,2018-07-22,delivered,24.53,15.27,39.8,boleto,1.0,10.0,-5.0,0.0
2051168475,061b13cf87863db16e1a03178285ecfe,1.0,3462495986,1012308845,2201845614,2018-08-11,delivered,26.88,38.46,65.34,voucher,1.0,13.0,-4.0,0.0
497254586,90a6ce43261478f0aab250a72e3cdfce,1.0,2310265763,1173623609,2490225171,2018-08-26,delivered,30.0,18.31,48.31,credit_card,1.0,4.0,-13.0,0.0
670304949,497a5004e62efcb3e0bfc7606c4fd50d,1.0,2999363554,3373458811,604861625,2018-08-13,delivered,74.99,14.84,89.83,credit_card,1.0,4.0,-5.0,0.0
2635967341,497a5004e62efcb3e0bfc7606c4fd50d,2.0,2999363554,3373458811,604861625,2018-08-13,delivered,74.99,14.84,89.83,credit_card,1.0,4.0,-5.0,0.0
3824567261,cb4fa9a6d95ef2b84743087f2cac2b17,1.0,990576179,462330126,4120033478,2018-08-20,delivered,39.9,12.85,52.75,credit_card,1.0,4.0,-3.0,0.0
3636690579,148634e0774ce5a1273806a9e639bb93,1.0,2304353147,27626102,2235530015,2018-08-06,delivered,89.0,14.2,103.2,credit_card,2.0,4.0,-5.0,0.0
3988852523,790e0b2139af1d5c7719c82db89f56d1,1.0,865322292,4001993098,3402013889,2018-08-24,delivered,29.15,7.46,36.61,credit_card,1.0,4.0,-29.0,0.0
2166653819,99496f27b38d83724e8dea944a320b44,1.0,4247387101,1879404810,2351927611,2018-07-23,delivered,39.9,11.3,0.0,unknown,0.0,2.0,-6.0,0.0
3801617042,a3d09160e24a1850b3ab0d86e6281ab1,1.0,2596465653,1058717146,123833255,2018-07-25,delivered,29.0,8.36,37.36,boleto,1.0,2.0,-6.0,0.0
3181858376,0214781b6f9215eb09fb1b78de35b07e,1.0,4031221534,2697482035,1624456352,2018-08-12,delivered,109.9,8.93,118.83,credit_card,3.0,2.0,-2.0,0.0
2083435398,35feb4a5e2fa951053a5bf703cd631ef,1.0,2883446092,1061787668,854910483,2018-08-08,delivered,115.99,22.11,138.1,credit_card,4.0,5.0,-13.0,0.0
299609515,0f75f2844ce21ea30f36b770fe2459c3,1.0,2140728868,3748770859,2533375300,2018-07-03,delivered,18.9,22.06,40.96,credit_card,1.0,6.0,-22.0,0.0
2088454466,7916e8283be68b0f8c475ec68cf0f333,1.0,31356286,2493813346,935749508,2018-07-03,delivered,34.99,18.35,53.34,boleto,1.0,10.0,-14.0,0.0
1368785447,8c2189f32103647dde2d19e9045c2a76,1.0,671900812,4208494697,1813314038,2018-07-18,delivered,17.9,12.79,30.69,credit_card,2.0,5.0,-14.0,0.0
2398759392,8c2189f32103647dde2d19e9045c2a76,2.0,671900812,4208494697,1813314038,2018-07-18,delivered,17.9,12.79,30.69,credit_card,2.0,5.0,-14.0,0.0
2018852804,aad035e568a4d856b8cfe95cd55907f2,1.0,1421540538,1915496357,358900552,2018-08-04,delivered,19.0,18.23,37.23,credit_card,1.0,9.0,-9.0,0.0
733046003,54a33eb07a24da26f790d99fa2adfd7c,1.0,1639168934,1334101982,3643812432,2018-08-06,invoiced,60.03,15.52,75.55,boleto,1.0,,,
2692944541,d68d5c93a1000f0278b511ffa6aeaa50,1.0,206367874,169006356,1867257412,2018-08-06,delivered,37.5,9.01,46.51,credit_card,1.0,7.0,0.0,0.0
1810023341,6df5ccb6ecd13e123c2a9a0a5ed0ae9f,1.0,866211256,2448812675,528293807,2018-08-04,delivered,44.9,12.61,57.51,credit_card,2.0,6.0,-3.0,0.0
221541108,d3f661b49e6bea433759048d761d2035,1.0,1645688807,497563068,3067264533,2018-07-05,delivered,43.99,15.41,59.4,credit_card,2.0,7.0,-13.0,0.0
3011016947,cf236022e4e2a6dd53ae41f8c87ea653,1.0,1738308382,1093017079,1884653127,2018-08-09,delivered,69.0,19.67,88.67,credit_card,1.0,4.0,-10.0,0.0
633114517,0343fa2096b6d04743321f9b9f62c1e0,1.0,818164128,2243779645,3267334493,2018-08-22,delivered,44.99,8.49,53.03306380290587,credit_card,10.0,2.0,-12.0,0.0
1036117212,0343fa2096b6d04743321f9b9f62c1e0,2.0,818164128,647839799,3267334493,2018-08-22,delivered,49.99,8.49,58.92693619709412,credit_card,10.0,2.0,-12.0,0.0
599174236,851ca56d98d52355e12410122fe07fa6,1.0,1205111745,4212106671,1555790669,2018-07-19,delivered,69.0,8.64,77.64,credit_card,3.0,14.0,2.0,1.0
1082096806,a932657c2a8f532655a478c7170642b1,1.0,1961200583,894245840,926823165,2018-07-11,delivered,9.0,7.39,16.39,credit_card,1.0,2.0,-6.0,0.0
1407554522,982d82bc18646c6288463c134c89fc3e,1.0,1419333312,2160789852,528827331,2018-07-26,delivered,101.0,19.9,120.9,boleto,1.0,12.0,-6.0,0.0
4288313883,d1bc18e9f697ab4e206197e4ee23494e,1.0,3231777752,2091940572,2636346249,2018-07-20,delivered,21.99,7.41,29.4,credit_card,1.0,2.0,-8.0,0.0
3952922826,819c95d80987748e1ce29b9b637cc920,1.0,3660630351,2866679879,3873348354,2018-07-20,delivered,49.9,19.54,69.44000000000001,credit_card,1.0,7.0,-26.0,0.0
3658645658,819c95d80987748e1ce29b9b637cc920,2.0,3660630351,2866679879,3873348354,2018-07-20,delivered,49.9,19.54,69.44000000000001,credit_card,1.0,7.0,-26.0,0.0
537485125,819c95d80987748e1ce29b9b637cc920,3.0,3660630351,2866679879,3873348354,2018-07-20,delivered,49.9,19.54,69.44000000000001,credit_card,1.0,7.0,-26.0,0.0
2280099607,92513c17b1e446ae2b162527361b595e,1.0,4107549333,1393903013,3542197976,2018-07-14,shipped,46.99,21.63,68.62,credit_card,3.0,,,
1592480480,b8831de8421ce05d880cb13b8610f9c3,1.0,3805155323,3786286984,726665638,2018-08-10,delivered,219.9,33.33,253.23,credit_card,10.0,6.0,-4.0,0.0
2426142966,b8831de8421ce05d880cb13b8610f9c3,2.0,3805155323,3786286984,726665638,2018-08-10,delivered,219.9,33.33,253.23,credit_card,10.0,6.0,-4.0,0.0
3400230160,d8ff993abef623e4c9956f245c4345e9,1.0,448830380,1425614791,3485175421,2018-08-04,delivered,77.9,14.86,92.76,credit_card,9.0,9.0,-2.0,0.0
1107604082,a0f6d215b0e99072f27854fe0b1945b3,1.0,2786666210,1934518943,96764808,2018-07-19,delivered,14.9,15.23,30.13,credit_card,1.0,7.0,-11.0,0.0
896195009,9bc5cf55f8c2f895c92856ca5a179139,1.0,1876674299,3561404005,2304947736,2018-07-26,delivered,55.0,37.3,92.3,debit_card,1.0,8.0,-18.0,0.0
1147140048,cfbf0360f6ea9dfe49992b49018f6ceb,1.0,922598813,2580960808,3402013889,2018-08-23,delivered,157.41,9.85,167.26,credit_card,1.0,4.0,-2.0,0.0
1133451423,b14127bfb817fb9d5883aacd257bb447,1.0,86842658,115840973,2622583364,2018-08-05,delivered,179.9,19.36,199.26,boleto,1.0,11.0,-5.0,0.0
3311393790,419cedb4dcae30595f71c28370d1a7dc,1.0,921190445,675137346,1639782334,2018-07-11,delivered,139.0,27.92,166.92,debit_card,1.0,13.0,-12.0,0.0
2025499624,a84a154c67bdaf74f92aa059d7f84025,1.0,2818546283,487467127,4055463965,2018-07-18,delivered,70.0,8.07,78.07,credit_card,1.0,5.0,-14.0,0.0
4050841452,61472244e66c39a49da3b3ffb3d28f7a,1.0,558480628,4183852735,1361108180,2018-07-22,delivered,79.99,18.66,98.65,credit_card,2.0,9.0,-8.0,0.0
1374304033,99441b33a55fabb1cf8b56dc883a29e9,1.0,1420521665,803693,112649996,2018-07-26,delivered,29.99,22.14,52.13,credit_card,5.0,7.0,-15.0,0.0
2539980445,28f6e619a89b10d9c70bc35eb43adca1,1.0,1119098655,3733095180,1432305819,2018-08-18,delivered,29.99,22.93,52.92,credit_card,1.0,4.0,-12.0,0.0
433342378,da3b31201f3eb351160956d5aa12deb6,1.0,1887641023,3064981304,1806598175,2018-07-30,delivered,150.0,17.32,167.32,credit_card,4.0,1.0,-2.0,0.0
684577462,5b46b8a8da766ab67735748a7d1542dd,1.0,2378761266,876621589,1480205621,2018-08-10,delivered,259.0,19.91,278.91,credit_card,8.0,6.0,-12.0,0.0
2527609690,b653d11a2d36e5f0ef423e03e28e7682,1.0,4059238628,171982050,4244246896,2018-08-02,delivered,59.0,18.51,77.51,boleto,1.0,7.0,-8.0,0.0
1406850472,256aeafecb4d20915af4655d87085173,1.0,2249023610,1269066546,1013540066,2018-07-06,delivered,119.9,14.18,134.08,credit_card,1.0,5.0,-13.0,0.0
2299052293,0897cfdc3612d0942f33b22a3dd9cd8c,1.0,2437071020,949957549,835306859,2018-07-13,delivered,389.0,21.91,410.91,credit_card,10.0,10.0,-9.0,0.0
794925808,9ac3e0dd6aeb10079e605b2e0f1cd7de,1.0,437716192,1316129150,2997337676,2018-08-12,delivered,554.9,21.98,576.88,credit_card,10.0,12.0,-13.0,0.0
2482681717,4cb385f74038f0750930b7baa3aaa3fc,1.0,2191763251,1624419828,3029302831,2018-08-15,delivered,139.99,27.78,167.77,credit_card,6.0,8.0,-13.0,0.0
207901221,13f13b57aacaec347d9d8f974528cf62,1.0,89685361,1159501270,1868809992,2018-07-24,delivered,150.0,42.03,192.03,boleto,1.0,6.0,-17.0,0.0
460826693,62019f35fab0f9f60e1f25a8b17de426,1.0,3166668228,3846183757,3877577216,2018-08-21,delivered,84.0,22.52,106.52,credit_card,2.0,6.0,-3.0,0.0
4054502145,87ce6f9094188f36623b250901635869,1.0,930236273,3298285853,2775148626,2018-08-27,delivered,17.0,7.39,24.39,boleto,1.0,2.0,-2.0,0.0
759987945,87ce6f9094188f36623b250901635869,2.0,930236273,3298285853,2775148626,2018-08-27,delivered,17.0,7.39,24.39,boleto,1.0,2.0,-2.0,0.0
436137548,87ce6f9094188f36623b250901635869,3.0,930236273,3298285853,2775148626,2018-08-27,delivered,17.0,7.39,24.39,boleto,1.0,2.0,-2.0,0.0
4143277873,601316c0f92a0da733702a7b89304189,1.0,1970840845,2602029005,642218148,2018-08-06,delivered,12.9,15.23,28.13,credit_card,1.0,7.0,-16.0,0.0
3672139467,b8d94c2eac635cfb72f45c947793d1e0,1.0,3122233124,3900236847,1604814988,2018-08-18,delivered,29.9,38.48,68.38,credit_card,1.0,10.0,-2.0,0.0
2590021911,2074522aabccf07984a2e77f7219ece5,1.0,3113814071,4169339193,3322827135,2018-08-11,delivered,599.99,69.41,669.4,credit_card,10.0,6.0,-6.0,0.0
1151667020,30f6b446907427d28df6c87fe5ef5947,1.0,3819920277,1335732817,596468350,2018-08-19,delivered,69.0,27.43,96.43,credit_card,3.0,9.0,-15.0,0.0
389432591,61af896f4ec21290693a537f0671f6ae,1.0,1163679809,651409141,3632234477,2018-07-24,delivered,209.9,24.62,234.52,credit_card,4.0,6.0,-11.0,0.0
3990581967,5577ca55c1ff01d19567de9f6ba00a7c,1.0,4033620555,2169362394,213195857,2018-08-26,delivered,67.9,18.25,86.15,credit_card,1.0,2.0,-2.0,0.0
2961343184,7af964692dbab0c7e5f70ff30f03b7df,1.0,4004641917,3195456401,819761952,2018-08-14,delivered,33.49,7.97,41.46,credit_card,1.0,3.0,-6.0,0.0
1633659200,430cd6b6d3066421a8bc48ce72541ba3,1.0,326724274,1923618652,1696683105,2018-07-01,delivered,46.99,12.99,59.98,credit_card,1.0,4.0,-15.0,0.0
1436725759,dfeb385531b47a17e24ab43992ebf15e,1.0,928428959,1409775457,983102131,2018-07-12,delivered,129.9,36.14,166.04,credit_card,8.0,7.0,-14.0,0.0
1167988185,daf7a55aa310de14e9b2409edfedc2b4,1.0,348691845,4090906669,3094387524,2018-07-21,delivered,173.68,67.81,241.49,credit_card,1.0,30.0,-13.0,0.0
365744023,a548bc6afbda383e174fdcfb79a92581,1.0,2836344494,3973183363,2304947736,2018-07-12,delivered,49.0,15.44,64.44,credit_card,2.0,11.0,-14.0,0.0
2899237246,157972ad87ad74e792dc1c49ead0f733,1.0,993343239,1672925611,854629258,2018-07-08,delivered,69.99,17.12,87.11,credit_card,1.0,4.0,-22.0,0.0
3234500358,b6900b09afec4ea5ef8879a9b1e3881c,1.0,1910227230,1255262239,2384848440,2018-07-21,delivered,129.9,44.83,174.73,credit_card,1.0,14.0,-4.0,0.0
3739481972,c6b91873827689f33c1a45cd4bccd049,1.0,3899147182,1241208376,2023461531,2018-07-16,delivered,69.99,8.65,78.64,boleto,1.0,9.0,2.0,1.0
509444343,e1bea0700731c9179b4e7e2e0183aa14,1.0,280428174,2291171051,3546486894,2018-08-03,delivered,19.0,12.79,31.79,credit_card,3.0,5.0,-7.0,0.0
774271574,26f078c600b86ed6c916be331d3dc1b0,1.0,3464521325,1597415275,1503930686,2018-08-14,delivered,95.9,11.69,107.59,credit_card,4.0,2.0,0.0,0.0
1600880103,84b3b056e8c005f680939ef08864292d,1.0,2774479828,3569719807,3147574442,2018-08-07,delivered,149.0,51.33,200.33,boleto,1.0,17.0,4.0,1.0
3392770618,7687a7e01201cd5d9a13d6caaf17949e,1.0,3808807634,264784434,1550185782,2018-07-23,delivered,85.99,18.4,104.39,credit_card,1.0,4.0,-11.0,0.0
3475432528,0ab3d92f71090c758d1df7ff889a9335,1.0,4209297313,2286553091,1930594773,2018-07-10,delivered,225.0,12.6,237.6,voucher,1.0,1.0,-6.0,0.0
3897814505,7b186487147f406839316cb0a719d4b1,1.0,3217894355,1149781595,3728141027,2018-08-04,delivered,42.01,19.48,61.49,boleto,1.0,11.0,-12.0,0.0
2584050942,7b186487147f406839316cb0a719d4b1,2.0,3217894355,1149781595,3728141027,2018-08-04,delivered,42.01,19.48,61.49,boleto,1.0,11.0,-12.0,0.0
1648290468,7b186487147f406839316cb0a719d4b1,3.0,3217894355,1149781595,3728141027,2018-08-04,delivered,42.01,19.48,61.49,boleto,1.0,11.0,-12.0,0.0
3351147910,7b186487147f406839316cb0a719d4b1,4.0,3217894355,1149781595,3728141027,2018-08-04,delivered,42.01,19.48,61.49,boleto,1.0,11.0,-12.0,0.0
1096829905,7b186487147f406839316cb0a719d4b1,5.0,3217894355,1149781595,3728141027,2018-08-04,delivered,42.01,19.48,61.49,boleto,1.0,11.0,-12.0,0.0
2408574741,7b186487147f406839316cb0a719d4b1,6.0,3217894355,1149781595,3728141027,2018-08-04,delivered,42.01,19.48,61.49,boleto,1.0,11.0,-12.0,0.0
191581255,a75dc59fb32aa2b2ba7db8573eabd774,1.0,1122965980,2283326249,3670166590,2018-07-04,delivered,29.99,16.4,46.39,credit_card,1.0,4.0,-15.0,0.0
313084168,b394c91714441e1146cc0091a94f99bd,1.0,1237375942,940569555,3124966291,2018-07-18,delivered,125.2,18.98,144.18,credit_card,2.0,5.0,-13.0,0.0
3882175697,983416e50ec1adc19bffa333e3dc5bdd,1.0,1398917148,1424785379,391897587,2018-08-01,delivered,19.99,7.4,0.0,unknown,0.0,6.0,-6.0,0.0
463423976,9451af299c7a1f4f25e00283ec35f778,1.0,1500722305,2495106546,2580370799,2018-07-12,delivered,119.9,18.94,138.84,credit_card,1.0,11.0,-25.0,0.0
2105138269,186d853ccb29e4bc2470952ec61dbb39,1.0,2831286025,3519169227,87958484,2018-07-13,delivered,79.0,14.85,93.85,boleto,1.0,7.0,-13.0,0.0
2098424868,8b030516b5067d6a711fad2df0bab663,1.0,2614402938,1869118913,2483225557,2018-08-05,delivered,199.99,86.61,286.6,credit_card,5.0,16.0,-6.0,0.0
3880442999,9bd46627fb3249657cec3b1320aea004,1.0,3834693346,3686510176,3681078781,2018-08-01,delivered,149.0,8.3,157.3,credit_card,6.0,15.0,2.0,1.0
1453777071,9190e04b74994426c12aaf9723f5d959,1.0,3061591107,4006261562,1125369443,2018-08-09,delivered,35.9,11.51,47.41,credit_card,4.0,6.0,-1.0,0.0
382085543,62a67b702512a0fa8e5b70d26369bdd3,1.0,4235979983,1039834863,3169644834,2018-07-07,delivered,29.0,62.45,91.45,boleto,1.0,17.0,-17.0,0.0
34028190,a24a47282e13a3896fb83d6f49403e95,1.0,1109767948,1525732197,2228420128,2018-07-12,delivered,199.9,55.48,255.38,boleto,1.0,8.0,-12.0,0.0
535962283,3d15ff4099fc39d6eed5f8c1200521b7,1.0,40815737,2435879454,4086780073,2018-08-05,delivered,139.0,22.79,161.79,credit_card,1.0,9.0,-6.0,0.0
2328930563,defab1e640d2aed0c5c98b1465ceb7b7,1.0,1531918088,3396286263,1734769477,2018-07-09,delivered,99.9,12.19,112.09,credit_card,3.0,3.0,-6.0,0.0
4072474293,ace3b21c5c57456d2e2215452829073b,1.0,2482729850,1381614497,3106288757,2018-07-19,delivered,15.9,7.39,23.29,boleto,1.0,5.0,-3.0,0.0
2435557831,b1737a1ef657350ee5e90c4035ad2aeb,1.0,2849203261,4207344648,3734963615,2018-07-25,delivered,146.99,22.96,169.95,credit_card,2.0,7.0,-28.0,0.0
1117586581,9d53272cfdce55bd62a920f66ad66e47,1.0,3342301358,11484826,1003179062,2018-07-04,delivered,64.9,19.36,84.26,credit_card,1.0,5.0,-23.0,0.0
2146522553,dda0996054bec18cafa1ede0d62dd3cb,1.0,446641053,1292520299,1799866159,2018-08-03,delivered,49.99,44.88,67.47854086506567,boleto,1.0,6.0,-32.0,0.0
1534947211,dda0996054bec18cafa1ede0d62dd3cb,2.0,446641053,1064224699,4137313542,2018-08-03,delivered,139.0,11.22,187.6278691787183,boleto,1.0,6.0,-32.0,0.0
330864598,dda0996054bec18cafa1ede0d62dd3cb,3.0,446641053,3079415144,1609007163,2018-08-03,delivered,62.5,4.49,84.36504909115033,boleto,1.0,6.0,-32.0,0.0
1770578398,dda0996054bec18cafa1ede0d62dd3cb,4.0,446641053,3753077789,1799866159,2018-08-03,delivered,49.99,44.88,67.47854086506567,boleto,1.0,6.0,-32.0,0.0
1491700773,c0902caa9df6e499f3aa6d5acb55f6c5,1.0,2602414435,3759249835,213195857,2018-07-16,delivered,44.9,22.59,67.49,credit_card,1.0,27.0,7.0,1.0
2004812150,19eb6d9e0eec2ce9755aa5c2a0969eb2,1.0,187671683,3380481028,3942029387,2018-07-27,delivered,56.0,18.49,74.49,credit_card,1.0,11.0,-14.0,0.0
1904058036,d2c1f29355ffc2e07756f267aa965c28,1.0,2628897571,2323768122,1503904388,2018-08-07,delivered,18.95,13.47,32.42,boleto,1.0,16.0,-4.0,0.0
2407954469,2d1442daed29bb41ee9c31649d1b76ac,1.0,2366812197,3216599867,1919968767,2018-07-16,delivered,110.32,13.43,123.75,credit_card,6.0,8.0,-7.0,0.0
3568504310,2846eb8607ac61c072c49f8c3d928691,1.0,3878538223,3490772157,4028933957,2018-07-17,delivered,97.8,37.6,135.4,boleto,1.0,13.0,-15.0,0.0
1445711951,29366ce497e0e082bda891ae3513f2ee,1.0,1222223348,2030609465,3806568862,2018-08-16,delivered,161.0,8.39,169.39,credit_card,1.0,3.0,-3.0,0.0
3086308,4b90912a086907b087947c385e8d13b1,1.0,2122507748,2041681476,1778061601,2018-08-01,canceled,99.9,10.01,109.91,boleto,1.0,,,
150543478,b0fc04e9a0f041eda1412e119b4046b4,1.0,3672707181,2502027796,447945570,2018-07-27,delivered,78.9,19.74,98.64,boleto,1.0,11.0,-20.0,0.0
2058630684,b41cc5a0872a7fd886b2cb2e300dbe7a,1.0,241365406,1765458751,1919968767,2018-07-16,delivered,110.32,8.03,118.35,boleto,1.0,8.0,-2.0,0.0
2581047335,c0671cda25f7253fc814a9d6c9171583,1.0,2097127121,941915673,1195323413,2018-08-18,delivered,123.6,22.8,146.4,credit_card,1.0,6.0,-19.0,0.0
1791468570,107c13bd61028594c5dd87a1acf92f45,1.0,127568361,162657869,3366215599,2018-08-03,delivered,124.9,51.74,0.0,unknown,0.0,15.0,-5.0,0.0
4247254982,9476b4b16d22b40903f24895e4038590,1.0,1418665725,3373458811,604861625,2018-08-06,delivered,74.99,18.33,93.32,credit_card,8.0,6.0,-11.0,0.0
3892991349,8af6e63a87680604c9bb2098f866505b,1.0,2129576651,3304200972,2250123381,2018-08-12,delivered,64.0,18.55,82.55,boleto,1.0,8.0,-16.0,0.0
1153723924,e289e03a994a1caeb6035f1a6a7c3627,1.0,2428062845,1920796201,2173695781,2018-07-13,delivered,99.99,50.99,150.98,debit_card,1.0,12.0,-8.0,0.0
4193962616,9d525e537711d24dba959b750dd6fbbc,1.0,1450831119,2071693893,1040030263,2018-07-23,delivered,120.0,13.5,133.5,credit_card,1.0,15.0,1.0,1.0
3558988795,9d525e537711d24dba959b750dd6fbbc,2.0,1450831119,2071693893,1040030263,2018-07-23,delivered,120.0,13.5,133.5,credit_card,1.0,15.0,1.0,1.0
3527726852,becc93b30e0f67e640b3a43ef08f396d,1.0,326007440,3728513534,989903952,2018-08-09,delivered,49.99,38.62,88.61,credit_card,8.0,11.0,-6.0,0.0
2944346393,238652e39c5fdf89a8fd44776f532501,1.0,771367930,3360511537,1547468088,2018-07-25,delivered,118.13,20.02,138.15,boleto,1.0,54.0,38.0,1.0
862751084,1206cebaf41495dd699545d37c1b3e64,1.0,1318362080,3460354221,487055631,2018-07-05,delivered,99.0,14.27,113.27,boleto,1.0,7.0,-12.0,0.0
2411090764,8cf765eeef8f04ca929a1cf64ffa2584,1.0,1025231116,1389968214,4109304321,2018-08-17,delivered,187.0,45.11,232.11,credit_card,1.0,10.0,-9.0,0.0
1253722599,7a944e7886782c8767505df5fcdc0604,1.0,2775183679,3248178789,212815993,2018-07-26,delivered,107.99,15.86,123.85000000000002,credit_card,6.0,7.0,-18.0,0.0
1391872771,7a944e7886782c8767505df5fcdc0604,2.0,2775183679,3248178789,212815993,2018-07-26,delivered,107.99,15.86,123.85000000000002,credit_card,6.0,7.0,-18.0,0.0
3062873650,7a944e7886782c8767505df5fcdc0604,3.0,2775183679,3248178789,212815993,2018-07-26,delivered,107.99,15.86,123.85000000000002,credit_card,6.0,7.0,-18.0,0.0
2148740840,6b092965cc5bcd955107ed81c1acd489,1.0,2654584042,331020976,2276188592,2018-07-20,delivered,169.0,57.26,226.26,credit_card,3.0,4.0,-10.0,0.0
1281372684,c13a062c19003147450d2f42e7b7239b,1.0,2374159126,1718437464,1755005248,2018-07-04,delivered,39.9,9.41,0.0,unknown,0.0,1.0,-11.0,0.0
13326013,d10471750e335e783fff1bc755988a86,1.0,3977715649,454900987,2304947736,2018-07-23,delivered,49.0,7.6,56.6,credit_card,1.0,2.0,-6.0,0.0
2959927865,df0a2eff6f0fc7262189d138f3defa0b,1.0,3002461726,2665841440,1912895863,2018-08-18,delivered,405.89,20.05,425.94,credit_card,4.0,10.0,4.0,1.0
4204484611,bee08350422327a5173380c04d5e9fbd,1.0,2645110197,2235810262,196831707,2018-07-24,delivered,209.99,29.95,239.94,credit_card,4.0,9.0,-13.0,0.0
2667831840,4537d337a107a7bc0ea9212bd197d624,1.0,1612175313,2362068829,4120033478,2018-08-18,delivered,269.9,19.99,0.0,unknown,0.0,9.0,-8.0,0.0
2224320675,133a94aa41cab8ad1d4cf02c2636b9cc,1.0,2153192292,2141840509,4242829885,2018-07-26,delivered,95.0,59.9,154.9,voucher,1.0,11.0,-22.0,0.0
525973783,133a94aa41cab8ad1d4cf02c2636b9cc,2.0,2153192292,2141840509,4242829885,2018-07-26,delivered,95.0,59.9,154.9,voucher,1.0,11.0,-22.0,0.0
4247071433,cadf799bab2fdd6d82d549d720595d8b,1.0,2368962184,1672925611,854629258,2018-08-14,delivered,74.99,17.16,92.15,boleto,1.0,10.0,2.0,1.0
192640877,4c6f9b20086e811c15722d15f8becee1,1.0,905448005,168007586,605810449,2018-07-25,delivered,38.99,13.85,52.84,credit_card,1.0,4.0,-9.0,0.0
750994939,995b5da66f9cd51fa907e9a10e91054b,1.0,2949385576,2819724593,1008270582,2018-08-07,delivered,72.0,23.3,95.3,boleto,1.0,9.0,-7.0,0.0
1933617637,dd6080fd238b70c9ebb44a038b77c410,1.0,4231629521,545984355,819761952,2018-08-14,delivered,99.9,42.99,142.89,boleto,1.0,14.0,-35.0,0.0
255778421,1cc1119de21902e3e78c9c2a217a9ad4,1.0,1401423640,1114695816,123833255,2018-08-14,delivered,90.0,9.38,99.38,credit_card,4.0,1.0,-2.0,0.0
787741504,ad7b0c3373368e658cc9cf31893c6413,1.0,4254056195,540641024,926823165,2018-07-15,delivered,13.65,12.79,26.44,credit_card,1.0,5.0,-10.0,0.0
3239577085,b4472226dccdf2b8b06bbc4256cf7b64,1.0,887593527,1309935087,3066591355,2018-08-07,delivered,60.99,18.53,79.52,boleto,1.0,6.0,-8.0,0.0
2088980296,2222dbaded2c9c8406d1cbdeae118948,1.0,365338053,544683621,2340679812,2018-07-03,delivered,29.59,8.37,37.96,credit_card,1.0,7.0,-9.0,0.0
554122307,4c103cf6b4ea5afded1030501ce5fb3f,1.0,599381724,968379889,1615213775,2018-08-22,delivered,55.99,13.97,69.96,credit_card,1.0,5.0,-4.0,0.0
2676420737,7a8f4f62037bb98afd289fc2ee3da497,1.0,179425101,1573791876,1248838824,2018-07-14,delivered,125.0,61.16,186.16,credit_card,3.0,9.0,-21.0,0.0
480230387,57a7b18332c1b9b26d96e35379af3a38,1.0,2544245021,2544566836,3622402055,2018-08-06,shipped,59.9,13.08,72.98,boleto,1.0,,,
76271400,27d4565688530c96555c05e21f6740c1,1.0,414142767,3286585782,3667124800,2018-07-01,delivered,49.9,7.61,57.51,credit_card,1.0,3.0,-15.0,0.0
1012241992,707c884622a611c1c2c7b247c01f0121,1.0,2800064624,623053235,372703792,2018-07-05,delivered,130.0,11.93,141.93,credit_card,10.0,8.0,-7.0,0.0
241579651,707c884622a611c1c2c7b247c01f0121,2.0,2800064624,1562078083,372703792,2018-07-05,delivered,130.0,11.93,141.93,credit_card,10.0,8.0,-7.0,0.0
2469909417,38d53048cadc43042f82188a761f6765,1.0,987035744,1954901884,3485175421,2018-07-15,delivered,84.9,57.36,142.26,credit_card,1.0,11.0,-13.0,0.0
4242557713,1d1f85267347878da2291cbb1bf6ba84,1.0,2696856469,3681205796,4071751220,2018-07-01,delivered,79.9,18.66,98.56,credit_card,6.0,8.0,-16.0,0.0
1139917425,c410d85093b93e495da87d8041af5ffa,1.0,527525367,3986391110,4055463965,2018-07-21,delivered,28.9,15.3,0.0,unknown,0.0,11.0,-15.0,0.0
2287105653,8462f0be98b582991e37cc159d74781e,1.0,3316285791,39268834,2977093912,2018-07-23,delivered,99.99,11.72,111.71,credit_card,3.0,2.0,-6.0,0.0
2408433903,1bc2c38cb1ae7c211bef71067808a22f,1.0,4096248891,2736881773,1140572287,2018-08-19,delivered,29.9,7.47,37.37,credit_card,7.0,3.0,-6.0,0.0
3147325059,1bc2c38cb1ae7c211bef71067808a22f,2.0,4096248891,2736881773,1140572287,2018-08-19,delivered,29.9,7.47,37.37,credit_card,7.0,3.0,-6.0,0.0
820236010,1bc2c38cb1ae7c211bef71067808a22f,3.0,4096248891,2736881773,1140572287,2018-08-19,delivered,29.9,7.47,37.37,credit_card,7.0,3.0,-6.0,0.0
1555410905,1bc2c38cb1ae7c211bef71067808a22f,4.0,4096248891,2736881773,1140572287,2018-08-19,delivered,29.9,7.47,37.37,credit_card,7.0,3.0,-6.0,0.0
1908452425,1bc2c38cb1ae7c211bef71067808a22f,5.0,4096248891,2736881773,1140572287,2018-08-19,delivered,29.9,7.47,37.37,credit_card,7.0,3.0,-6.0,0.0
1395303194,04b3135bf087618b410a00680576242f,1.0,1738811712,1980195712,2204703959,2018-07-29,canceled,34.9,8.99,43.89,credit_card,2.0,,,
3213175840,6e25453a992842c74dad4997432fa104,1.0,87198762,570543782,4038371640,2018-08-15,delivered,79.99,9.49,89.48,credit_card,4.0,5.0,0.0,0.0
1986325597,8c3fc6bc1bb3cd515f5e18c50935c472,1.0,1772640376,3621970897,2622583364,2018-07-19,delivered,168.9,19.28,188.18,credit_card,4.0,12.0,-9.0,0.0
3624809479,35df0cf1d7650c5c0ad88837c4dfde89,1.0,2757607651,3208613485,817416274,2018-07-04,delivered,109.0,14.34,123.34,boleto,1.0,6.0,-14.0,0.0
2617131271,66308a10b1b08b360f9a7378a2ff254a,1.0,3585983173,2093636419,1379301944,2018-07-13,delivered,10.0,12.79,22.79,credit_card,1.0,11.0,-6.0,0.0
791085974,93360105ca495a4a0a6f794ceb678ffa,1.0,1627780706,1722694306,3720921821,2018-08-13,delivered,59.0,15.51,74.51,credit_card,1.0,7.0,-7.0,0.0
4227875935,31a9fc3107df7fca6d3e9d14f7b2da84,1.0,822240297,671354944,3371283952,2018-07-26,delivered,37.69,13.36,51.05,credit_card,2.0,4.0,-11.0,0.0
3111924474,719c1d51ad40a458c511ebcfcdd0ebda,1.0,507691701,2741379063,1529760359,2018-07-17,delivered,14.99,15.23,30.22,credit_card,3.0,3.0,-13.0,0.0
4215063337,719c1d51ad40a458c511ebcfcdd0ebda,2.0,507691701,2741379063,1529760359,2018-07-17,delivered,14.99,15.23,30.22,credit_card,3.0,3.0,-13.0,0.0
1135946658,719c1d51ad40a458c511ebcfcdd0ebda,3.0,507691701,2741379063,1529760359,2018-07-17,delivered,14.99,15.23,30.22,credit_card,3.0,3.0,-13.0,0.0
782919741,0132f39e8ad9b42ad2d41c847f44c0ed,1.0,267658575,211704435,3129531441,2018-07-05,delivered,28.8,8.36,37.16,credit_card,3.0,1.0,-12.0,0.0
852382659,bcdc0a3ff14ce03999d56620cb4e1a01,1.0,1920762667,2093313918,4217217442,2018-07-25,delivered,49.9,13.93,63.83,boleto,1.0,7.0,-9.0,0.0
38177587,bcdc0a3ff14ce03999d56620cb4e1a01,2.0,1920762667,2093313918,4217217442,2018-07-25,delivered,49.9,13.93,63.83,boleto,1.0,7.0,-9.0,0.0
2128774648,5daa414749c292efd9d970aca5097a8e,1.0,4068626602,1880950498,2023461531,2018-07-24,delivered,24.99,7.44,32.43,credit_card,3.0,1.0,-6.0,0.0
638230057,30b3bd0e05a2c3cb7022f019e9798a57,1.0,1824113716,911356405,1755005248,2018-07-02,delivered,249.9,35.83,285.73,credit_card,3.0,3.0,-19.0,0.0
2078715052,121272279b30a29c68123cd40843a040,1.0,2881889183,2559090387,737969628,2018-08-15,delivered,79.9,23.36,103.26,boleto,1.0,6.0,-13.0,0.0
1582656535,a729a5577a90047af954bb2210ebca66,1.0,935439635,511571128,819761952,2018-07-23,delivered,14.49,7.87,22.36,boleto,1.0,7.0,-3.0,0.0
549313376,9f49bd16053df810384e793386312674,1.0,671693059,3435249088,3557978736,2018-07-29,delivered,1149.0,339.59,1488.59,boleto,1.0,8.0,-16.0,0.0
1900870792,bfe0ea9bbed24adc7b8264ebe10401e8,1.0,1639094811,2454038810,299968277,2018-07-30,delivered,78.0,16.74,94.74,credit_card,2.0,10.0,-7.0,0.0
1580417741,b3096cede7bf1dd20ff6607c7ee786e7,1.0,4086793515,3627253837,91113541,2018-08-01,delivered,119.9,14.18,134.08,credit_card,2.0,5.0,0.0,0.0
1253723426,af3b41ce890eefbd6ee273bf7df396dc,1.0,2341876479,594978375,4055463965,2018-07-07,delivered,22.32,15.26,37.58,credit_card,1.0,15.0,-10.0,0.0
45587886,823e4c9d908f5ec1cad58e1e3e7d716d,1.0,351313415,1929773636,766667350,2018-08-22,delivered,19.0,12.79,31.79,credit_card,3.0,8.0,0.0,0.0
2237971566,19d1e5344936559f5f7b21099fdadd0e,1.0,1435885955,1528604297,989903952,2018-07-02,delivered,59.9,19.61,79.51,boleto,1.0,8.0,-20.0,0.0
2493597766,80234ed83f65ba58f3424c43b86f8bd3,1.0,2365380353,1705452331,1017497319,2018-08-22,delivered,27.0,8.35,35.35,boleto,1.0,7.0,-21.0,0.0
2445634673,9e0584f7d8ecc18347e6ce7eb7922628,1.0,3460022884,663483396,3404539086,2018-07-15,delivered,142.9,14.58,157.48,credit_card,7.0,5.0,-10.0,0.0
1755182923,0519649fc6c78b0e228b6ea8e6767095,1.0,4250199409,226581046,53223181,2018-07-13,delivered,29.29,18.31,47.6,boleto,1.0,11.0,-8.0,0.0
348526497,c43d9824271456d761379296996811fc,1.0,499087832,1997121583,2304947736,2018-07-22,delivered,58.0,13.07,71.07,credit_card,2.0,4.0,-11.0,0.0
3770764501,02de39953ce1cf1f7c6d46aac400ee82,1.0,1852508949,2911624243,2304947736,2018-07-23,delivered,69.0,18.58,87.58,debit_card,1.0,7.0,-11.0,0.0
2895627341,1fbe0504bb91684a36cb3bc56b4f0171,1.0,213338578,592096461,2304947736,2018-07-20,delivered,78.0,7.81,85.81,boleto,1.0,6.0,-4.0,0.0
2474486767,bd61cca18344a303e8e6bef9861d64c5,1.0,668760738,4191747464,2237272714,2018-08-02,delivered,32.0,12.88,44.88,boleto,1.0,11.0,-8.0,0.0
1716601708,0de9012381a06cf0b025e60e60c7dbc5,1.0,2063552159,2863438594,1809103188,2018-07-02,delivered,59.9,13.08,72.98,credit_card,1.0,7.0,-10.0,0.0
4075701055,2f547e1278ec9e38b722447379fa08b7,1.0,3403399689,3952644137,1556741257,2018-08-05,delivered,349.99,13.47,363.46,credit_card,4.0,3.0,-5.0,0.0
1255914876,b575e62716d36f28049cdafc28bd9d99,1.0,4108801236,2353618580,313823481,2018-08-10,delivered,139.9,19.08,158.98,credit_card,2.0,7.0,-5.0,0.0
773581734,0f34156bfdc1f9ea431eebf0b9343d42,1.0,1308365404,2261652455,2788104624,2018-07-01,delivered,73.02,41.49,114.51,credit_card,6.0,5.0,-28.0,0.0
3035184637,0faf8d02fc7c032316ae70b90e6e1fec,1.0,3002335537,1879930742,407461500,2018-07-31,delivered,369.0,19.51,388.51,credit_card,7.0,12.0,-15.0,0.0
297606285,5128bbf180434cd939884e273629de98,1.0,2753578298,899860769,53223181,2018-08-07,delivered,28.99,7.46,36.45,credit_card,1.0,5.0,3.0,1.0
3693154952,74af727a6c0d520a3943330d3cf93b42,1.0,2595147044,569533256,4185397625,2018-08-17,delivered,39.0,11.29,50.29,credit_card,3.0,4.0,-2.0,0.0
4009407286,b1b42afa1e73f34f90872f5f1ec48391,1.0,816225280,382228588,1018258220,2018-07-26,delivered,529.65,54.43,584.08,credit_card,6.0,7.0,-13.0,0.0
1494277405,cd5d896429fb41469e5414dd0b56cd01,1.0,314994505,3569719807,3147574442,2018-08-06,delivered,149.0,24.26,173.26,boleto,1.0,6.0,-2.0,0.0
805930910,86bc68d61da741ce223415cef6a13799,1.0,1625866790,126430251,1415924549,2018-08-22,delivered,55.27,18.49,73.76,credit_card,7.0,5.0,-8.0,0.0
2903115451,818682a31ca442be80d20a2ae4330156,1.0,3451878314,1443347937,305748041,2018-07-30,delivered,22.9,8.32,31.22,credit_card,1.0,1.0,-9.0,0.0
187399321,6d482de66fa3ace9fc873ae40f19c4a6,1.0,3571538721,1060521812,2636346249,2018-07-20,delivered,24.99,7.44,32.43,boleto,1.0,9.0,-1.0,0.0
3089884421,65c103df35abbe57462ae508a41fe3a3,1.0,3839126093,3650793473,4125702247,2018-07-03,delivered,124.89,14.21,139.1,debit_card,1.0,8.0,-21.0,0.0
1106426108,4e6e19799199fdb9bc1439118a8de912,1.0,214462697,1205223205,3103215707,2018-08-10,delivered,259.99,10.75,270.74,credit_card,2.0,7.0,-7.0,0.0
277402753,20db59f6705840a0ce5c76b77487ad03,1.0,1587648227,1818981982,2622226838,2018-08-28,delivered,84.9,8.01,92.91,credit_card,2.0,2.0,-4.0,0.0
46835612,20db59f6705840a0ce5c76b77487ad03,2.0,1587648227,1818981982,2622226838,2018-08-28,delivered,84.9,8.01,92.91,credit_card,2.0,2.0,-4.0,0.0
2967914969,6b69ff282afcd40fc4dc7b4e429d5149,1.0,1784261716,959229642,3401834617,2018-07-28,delivered,190.0,16.63,206.63,credit_card,2.0,3.0,-1.0,0.0
1126699144,722551f92737b15702800d3c63dcda10,1.0,2174918153,1427149018,1003179062,2018-07-04,delivered,124.9,23.15,148.05,credit_card,4.0,6.0,-21.0,0.0
378021463,a56073f17e070c784c5eb0d85da530f5,1.0,1235015492,1161958469,1361108180,2018-08-14,delivered,30.0,18.31,48.31,credit_card,2.0,3.0,-12.0,0.0
4091408293,9e8b358ee10c7f0194a7a017f1334dfa,1.0,1314098491,897415163,1868809992,2018-07-23,delivered,349.3,46.44,395.74,credit_card,7.0,4.0,-13.0,0.0
200148690,7d941bda521698c6df74824010ddcb36,1.0,4014811263,3584728792,1521578955,2018-08-02,delivered,36.9,9.01,45.91,voucher,1.0,1.0,-4.0,0.0
902902588,7d941bda521698c6df74824010ddcb36,2.0,4014811263,3584728792,1521578955,2018-08-02,delivered,36.9,9.01,45.91,voucher,1.0,1.0,-4.0,0.0
1135592577,2743f5c8d8d1bcee7337f51c781ee474,1.0,628456893,601011074,391897587,2018-08-07,delivered,49.9,11.37,61.27,credit_card,1.0,6.0,0.0,0.0
2738437167,64958ed60e12bac04474ff739271a3b3,1.0,4227039178,3107917148,604861625,2018-07-30,delivered,118.0,13.05,134.49510548523207,credit_card,4.0,2.0,-5.0,0.0
2699293206,64958ed60e12bac04474ff739271a3b3,2.0,4227039178,3170625311,3134199008,2018-07-30,delivered,119.0,20.08,135.63489451476792,credit_card,4.0,2.0,-5.0,0.0
747016298,dd42be32e12fb6ede27f5debb852e94a,1.0,69876587,3478202829,918571473,2018-07-15,delivered,155.97,8.35,164.32,credit_card,3.0,10.0,-7.0,0.0
1096332676,357577189f4230e0d5fcda6ba4b8dec8,1.0,3910708972,104553482,2622583364,2018-07-13,delivered,219.9,19.64,239.54,credit_card,5.0,10.0,-14.0,0.0
1904247405,52550cee1dda83b2c06260891897dc60,1.0,2296237533,382228588,2997337676,2018-08-06,delivered,527.9,21.8,549.7,credit_card,2.0,28.0,5.0,1.0
1974718395,4dea4753bef29a866f8cc4a9c7ccbf40,1.0,3289448705,920357489,519564207,2018-08-07,delivered,134.99,23.75,158.74,credit_card,2.0,5.0,-9.0,0.0
1841987299,2c7030a7601b763ef0395501c6063ab3,1.0,122787468,1997121583,2304947736,2018-07-30,delivered,58.0,7.67,65.67,credit_card,1.0,4.0,-6.0,0.0
3520271886,708e9dad5dc7867bc3c61cee01f1f311,1.0,3366421677,964855801,1716536501,2018-08-21,delivered,94.95,9.42,104.37,credit_card,2.0,2.0,-5.0,0.0
3673735875,708e9dad5dc7867bc3c61cee01f1f311,2.0,3366421677,964855801,1716536501,2018-08-21,delivered,94.95,9.42,104.37,credit_card,2.0,2.0,-5.0,0.0
1225336044,363c3c7c87e46fc1262fbd46cf22daad,1.0,2641084762,885706209,3103215707,2018-08-02,delivered,679.0,19.85,698.85,credit_card,6.0,13.0,-4.0,0.0
1791340249,4c393aa9849047431a6c20ff36adbfb7,1.0,1794884344,2542894067,3743845763,2018-08-06,delivered,848.9,24.04,872.94,credit_card,8.0,8.0,-7.0,0.0
2585724857,9c893d6ab03661d6f07382306b4de688,1.0,1385424499,1894479903,3485175421,2018-08-06,delivered,77.9,35.9,113.8,credit_card,10.0,4.0,-6.0,0.0
2890443388,c5d4547def055b1ec943673892380a0c,1.0,537808113,458673453,1734769477,2018-08-17,delivered,29.9,18.31,48.21,boleto,1.0,10.0,-16.0,0.0
3705667997,7c218bc00f2be6633548cd5ba71e2268,1.0,4026386822,3119051720,819761952,2018-08-14,delivered,59.0,9.1,68.1,credit_card,4.0,3.0,-3.0,0.0
3944740574,07279e06272270e7cb604d1901a4f374,1.0,1396990369,2166122064,3565939507,2018-07-11,delivered,90.0,51.35,141.35,credit_card,2.0,9.0,-19.0,0.0
218305411,9226ec3974c021b8d68869985603b685,1.0,2213521773,1093017079,1884653127,2018-08-15,delivered,69.0,9.23,78.23,credit_card,10.0,5.0,0.0,0.0
3562174855,9226ec3974c021b8d68869985603b685,2.0,2213521773,1093017079,1884653127,2018-08-15,delivered,69.0,9.23,78.23,credit_card,10.0,5.0,0.0,0.0
2869958896,33526a04c7941ab386cc410962b171a0,1.0,859015544,3325830056,1077319521,2018-07-24,delivered,39.9,22.21,62.11,credit_card,1.0,5.0,-18.0,0.0
3908970249,bcbd3afc999b3fa9dbd61efb370239dd,1.0,3310453848,1852611840,989880648,2018-08-16,delivered,42.89,13.6,56.49,boleto,1.0,6.0,1.0,1.0
1227253040,2d5acf84910c01604545f999c9188e5a,1.0,1210563123,1829109311,604861625,2018-08-19,delivered,74.99,18.63,93.62,credit_card,8.0,9.0,-13.0,0.0
1659002889,6fcd9bd1d3dfdfc1490067e83d7bb63d,1.0,3824264100,2820529371,1615213775,2018-08-14,delivered,119.0,27.13,146.13,credit_card,10.0,6.0,-7.0,0.0
683320363,9117caf70eb0fe8d15d5a79da085be5a,1.0,2908671441,2622978926,900310379,2018-07-29,delivered,104.6,23.53,128.13,voucher,1.0,4.0,-14.0,0.0
1543731251,e0889e0656d981add4b6c940b595193a,1.0,1485872659,1959605107,740847726,2018-08-13,delivered,69.99,9.24,79.23,credit_card,1.0,1.0,-1.0,0.0
3192342718,38289de96763d9d81470f67583f4b2f0,1.0,2151436730,2466355469,523493826,2018-08-22,delivered,66.99,9.16,76.15,boleto,1.0,7.0,2.0,1.0
2651692070,1b3d029e5f088cea5910cccc6f480c33,1.0,33222174,3700359098,2627125470,2018-08-15,delivered,199.99,18.99,218.98,credit_card,8.0,12.0,-20.0,0.0
1463563437,74c7bfdb692393ddd530050d9e775b95,1.0,1859020571,451860383,2554243760,2018-08-17,delivered,16.9,7.39,24.29,credit_card,1.0,3.0,-2.0,0.0
4291771084,74c7bfdb692393ddd530050d9e775b95,2.0,1859020571,451860383,2554243760,2018-08-17,delivered,16.9,7.39,24.29,credit_card,1.0,3.0,-2.0,0.0
4010269479,a9eee8decd3e1383ae72091607768f03,1.0,3821218322,949013637,250985049,2018-07-21,delivered,119.5,22.77,142.27,debit_card,1.0,9.0,-35.0,0.0
3782358784,74e3bb00b7a683932b6fddb70716b39f,1.0,1196168962,592096461,2304947736,2018-07-18,delivered,78.0,18.65,96.65,credit_card,5.0,5.0,-13.0,0.0
2001386009,83c21ad12bc2a9a586aabd1334ee4a22,1.0,3974074687,174750780,523493826,2018-07-08,delivered,122.99,17.05,140.04,credit_card,3.0,12.0,-14.0,0.0
1256776878,8681c22dbe2b9bc1d6a1c524d4ee4c4e,1.0,3480534128,3861936744,2490225171,2018-08-24,delivered,65.0,15.56,80.56,boleto,1.0,6.0,-15.0,0.0
3034817513,dd0f4670de46d15e75e42d522cb73443,1.0,468956178,3811307185,2373578609,2018-07-08,delivered,23.9,7.43,31.33,credit_card,2.0,3.0,-8.0,0.0
971271902,836410a2fc31591815fe79d66ec24f10,1.0,1161474806,1446171434,353620887,2018-07-20,delivered,99.9,15.01,114.91,boleto,1.0,16.0,-10.0,0.0
2505035820,1a4514c5462bbdb806d15e6b241c7a70,1.0,3629089920,2656764697,3418676544,2018-07-18,delivered,22.0,18.25,40.25,credit_card,1.0,5.0,-9.0,0.0
3904069034,72b129617546be2b0e88c7ccb961378e,1.0,1943776829,1551261746,2997337676,2018-07-27,delivered,549.9,25.78,575.68,credit_card,2.0,21.0,-17.0,0.0
1117102055,5b67d5593db6802b11d266e3c4d0e0b1,1.0,4197205216,2432517048,1919968767,2018-07-16,delivered,91.55,13.3,104.85,credit_card,5.0,8.0,-8.0,0.0
841460269,bf7035d2beda25b2a6b98c676ad04895,1.0,63891628,2391209663,2911716792,2018-07-22,delivered,62.9,15.54,78.44,credit_card,4.0,3.0,-25.0,0.0
2476657987,6b51309cb191abb919de57f626c06719,1.0,1107809360,2061300598,1577801571,2018-08-02,delivered,189.99,20.56,204.2954487343859,credit_card,9.0,5.0,-12.0,0.0
1962113193,6b51309cb191abb919de57f626c06719,2.0,1107809360,1035479979,1577801571,2018-08-02,delivered,355.99,20.55,382.7945512656141,credit_card,9.0,5.0,-12.0,0.0
520877700,02333096645cf1743050acd043b76e69,1.0,3434941730,2395151785,1755005248,2018-08-09,delivered,119.0,27.13,146.13,credit_card,2.0,7.0,-11.0,0.0
2917501454,b776d14b6ced11d944e2a04f0fb06376,1.0,475325972,1072672973,2478533570,2018-07-19,delivered,72.2,14.81,87.01,credit_card,3.0,10.0,-9.0,0.0
3386598558,a90caee2f02cc59cf28469ec71681116,1.0,3452955555,1808073267,2580370799,2018-08-17,delivered,89.9,19.99,109.89,boleto,1.0,10.0,-28.0,0.0
1200261019,c5d249c736d0e3a5b29868b9c59e30fd,1.0,2618102128,3452541247,2368201577,2018-08-19,delivered,119.0,22.76,141.76,credit_card,3.0,6.0,-6.0,0.0
91943171,00b4c651133c06fb175123a492f1cac3,1.0,3785922779,1879620740,2598814270,2018-08-17,delivered,158.9,14.59,173.49,credit_card,2.0,6.0,-5.0,0.0
2240165031,77af255581f9105559c089f67f770dc3,1.0,1455151500,4023401323,1751079328,2018-07-23,delivered,54.9,13.44,65.71107692307692,credit_card,8.0,6.0,-15.0,0.0
1486222781,77af255581f9105559c089f67f770dc3,2.0,1455151500,4086444695,2880307388,2018-07-23,delivered,39.95,13.44,47.817076923076925,credit_card,8.0,6.0,-15.0,0.0
2402526933,77af255581f9105559c089f67f770dc3,3.0,1455151500,291106632,1751079328,2018-07-23,delivered,109.9,13.44,131.54184615384614,credit_card,8.0,6.0,-15.0,0.0
572113916,be83e11958329610a35de1f743052c66,1.0,390525726,538787775,1362232683,2018-07-09,delivered,193.0,24.15,217.15,debit_card,1.0,3.0,-25.0,0.0
2524325596,1c1f0315904930fe04e649a6eb20c4e4,1.0,339709963,1143116433,2478533570,2018-07-21,delivered,32.99,21.53,46.79648653902225,credit_card,1.0,12.0,-13.0,0.0
330025382,1c1f0315904930fe04e649a6eb20c4e4,2.0,339709963,367521361,853272068,2018-07-21,delivered,69.9,21.53,99.15351346097772,credit_card,1.0,12.0,-13.0,0.0
2930152697,06a31d324c43e3350e4a83fb663c151a,1.0,2163511804,1177392779,1734769477,2018-07-04,delivered,124.9,27.82,152.72,boleto,1.0,20.0,-7.0,0.0
2057651803,4c3a834add3595c42eaefa65d28d6fbe,1.0,3197232773,2644001207,1987382822,2018-08-13,delivered,682.98,45.76,728.74,debit_card,1.0,7.0,-6.0,0.0
3697595326,0eb9e3204a220fb573180f4e6cd1c63a,1.0,2626581366,3927719327,3169330328,2018-08-08,delivered,13.99,18.23,32.22,credit_card,1.0,5.0,-3.0,0.0
616233046,10d68bf5b2b29ed413ad7b19c7c601de,1.0,1436091752,1672925611,854629258,2018-08-20,delivered,74.99,17.16,92.15,credit_card,1.0,8.0,1.0,1.0
2427894605,af249ad76f0a378300eb8de655b82166,1.0,396671256,204401816,3743845763,2018-07-18,delivered,516.9,23.89,540.79,credit_card,8.0,7.0,-18.0,0.0
217916657,35bd296a8ad55ea37b88e2d4c04dca4e,1.0,2435780523,509627493,1018330744,2018-08-07,delivered,29.89,12.87,42.76,credit_card,8.0,6.0,-4.0,0.0
1893270750,35bd296a8ad55ea37b88e2d4c04dca4e,2.0,2435780523,509627493,1018330744,2018-08-07,delivered,29.89,12.87,42.76,credit_card,8.0,6.0,-4.0,0.0
1455990018,c6772701a7cff60ffa313b5854c7d503,1.0,134808407,1823541488,53223181,2018-08-08,delivered,1460.99,17.49,1478.48,credit_card,10.0,5.0,-3.0,0.0
2670787949,518f64553f1bdccfe47ed290584a60a3,1.0,1904410671,1672925611,854629258,2018-07-04,delivered,69.99,17.12,87.11,credit_card,1.0,2.0,-11.0,0.0
1120457406,78be8a4c5a531df37c34de28d78a33be,1.0,1532813499,899110512,2982880934,2018-08-16,delivered,18.9,8.88,27.78,credit_card,1.0,5.0,-1.0,0.0
737122990,5dabb1e690a8366ee254e5ed03022359,1.0,1891829415,2963255669,1555790669,2018-08-13,delivered,189.99,8.59,198.58,credit_card,4.0,4.0,-4.0,0.0
3344694886,2c9e182f7a193ad787c1e4dda16768c1,1.0,1524996521,2278858490,2845521358,2018-07-31,delivered,69.5,13.15,82.65,credit_card,1.0,5.0,-7.0,0.0
2979631762,1a4868eff22fe0b0291f69c37cd178be,1.0,3446821476,151674622,3446539219,2018-08-13,delivered,114.08,18.9,132.98,credit_card,5.0,6.0,-17.0,0.0
2475094631,371e27e3d55b474e52bbb9cb27bee200,1.0,1195313622,534315013,1734769477,2018-07-20,delivered,14.99,18.23,33.22,credit_card,1.0,6.0,-26.0,0.0
168167840,df75241689bd24e168f5796f7d7fc115,1.0,2101217636,4059015285,1921184264,2018-08-03,delivered,119.9,15.15,135.05,credit_card,10.0,5.0,-8.0,0.0
3837781714,462713cbc1abe1d91797604551133abf,1.0,2336633392,2905745107,738004747,2018-08-10,delivered,179.0,87.84,266.84,credit_card,2.0,7.0,-18.0,0.0
3467567278,5b33495590a02d7e9ce6fbdc52f143d9,1.0,3613684710,2554004033,4033467469,2018-07-17,delivered,29.9,15.31,45.21,voucher,1.0,7.0,-7.0,0.0
564328071,a4058b92f127efc4a6eaa3d11d0b1432,1.0,2363165478,3223670663,1716536501,2018-08-02,delivered,48.9,9.09,57.99,boleto,1.0,6.0,-2.0,0.0
1867852899,0025c5d1a8ca53a240ec2634bb4492ea,1.0,1991544390,4195285289,123833255,2018-07-08,delivered,390.0,29.39,419.39,credit_card,7.0,23.0,-3.0,0.0
4242573897,51cab0235fdd0e37f744024696d8e66a,1.0,928573072,3700886554,1303264640,2018-07-28,delivered,415.17,98.94,514.11,credit_card,10.0,17.0,-2.0,0.0
1034440605,2a797f1dfd6274ca81b660f4c59d0269,1.0,2576266036,2689976208,357383673,2018-07-02,delivered,179.0,23.07,202.07,boleto,1.0,8.0,-14.0,0.0
1305480777,3bef345f66e6215315fa59acd680c863,1.0,3927146409,2397286120,753329531,2018-07-04,delivered,149.9,25.4,175.3,boleto,1.0,8.0,-15.0,0.0
42139748,72ac5a7945d55c3fd45160f365353fae,1.0,3877451546,4050262436,1813314038,2018-08-05,delivered,31.9,39.41,71.31,boleto,1.0,16.0,6.0,1.0
3167973725,a92bb0beb3fd226d50671cf17587f289,1.0,3431717099,3652136957,2758705202,2018-07-26,delivered,15.0,7.39,22.39,boleto,1.0,4.0,-8.0,0.0
3377945571,a92bb0beb3fd226d50671cf17587f289,2.0,3431717099,3652136957,2758705202,2018-07-26,delivered,15.0,7.39,22.39,boleto,1.0,4.0,-8.0,0.0
927450538,a92bb0beb3fd226d50671cf17587f289,3.0,3431717099,3652136957,2758705202,2018-07-26,delivered,15.0,7.39,22.39,boleto,1.0,4.0,-8.0,0.0
3271365303,a92bb0beb3fd226d50671cf17587f289,4.0,3431717099,3652136957,2758705202,2018-07-26,delivered,15.0,7.39,22.39,boleto,1.0,4.0,-8.0,0.0
2152850354,a92bb0beb3fd226d50671cf17587f289,5.0,3431717099,3652136957,2758705202,2018-07-26,delivered,15.0,7.39,22.39,boleto,1.0,4.0,-8.0,0.0
3065625900,a92bb0beb3fd226d50671cf17587f289,6.0,3431717099,3652136957,2758705202,2018-07-26,delivered,15.0,7.39,22.39,boleto,1.0,4.0,-8.0,0.0
2411223037,31baa0ae964c43e70c451e1928483669,1.0,675248925,2891075542,2554243760,2018-08-23,delivered,32.7,15.33,48.03,credit_card,2.0,2.0,-19.0,0.0
3916129030,31baa0ae964c43e70c451e1928483669,2.0,675248925,2891075542,2554243760,2018-08-23,delivered,32.7,15.33,48.03,credit_card,2.0,2.0,-19.0,0.0
2843334927,2ae01dafe3790417726f148d9f1a90a4,1.0,3236810501,1345766636,1503930686,2018-08-23,delivered,107.9,15.07,0.0,unknown,0.0,6.0,-15.0,0.0
507312230,6a30d0e1fc7dd7c00dc07bcba79c589f,1.0,2065457463,1217121856,989903952,2018-08-12,delivered,77.99,23.35,101.34,debit_card,1.0,8.0,-3.0,0.0
655804130,3569dcadd0374718b87bead0d7241d6d,1.0,2048425156,1218009760,2636346249,2018-07-22,delivered,27.99,7.46,35.45,credit_card,1.0,4.0,-6.0,0.0
861982937,dce9a381febe6ed5e017df5f134a8980,1.0,2294340943,592096461,2304947736,2018-07-25,delivered,78.0,13.21,91.21,credit_card,3.0,4.0,-9.0,0.0
413388354,722ca8c3ff8da3acca640833e79f8804,1.0,4279983845,2624836638,1379301944,2018-07-27,delivered,121.0,18.95,139.95,boleto,1.0,11.0,-3.0,0.0
1762987506,3143dab57ae1317b6911e1330ebd4dac,1.0,271436056,1534164356,292598503,2018-07-13,delivered,15.97,38.99,54.96,credit_card,5.0,10.0,-30.0,0.0
1445977820,23878b3366bb97c4877f944c685fc546,1.0,2291507411,2108610471,4190919575,2018-08-23,delivered,44.9,9.44,54.34,credit_card,3.0,6.0,-2.0,0.0
2976451753,bc5e4a6b788f29265c3075648d98ef03,1.0,1122980252,54050933,1716536501,2018-07-11,delivered,134.9,10.07,144.97,boleto,1.0,3.0,-5.0,0.0
3752221401,78e503838fe18fbfd57a901cbddd1769,1.0,3054231020,1641352817,1480205621,2018-08-08,delivered,148.9,8.3,157.2,boleto,1.0,2.0,-4.0,0.0
4241598209,3c18b2ddaa9cdf16188ac0ca3ad8dee4,1.0,152853931,3101675611,1367815669,2018-08-10,delivered,129.99,14.55,144.54,boleto,1.0,7.0,-18.0,0.0
3588732604,7be2814aa6db9f9f8652edee423f5863,1.0,1514916387,837030655,292598503,2018-07-03,delivered,29.97,13.55,43.52,credit_card,1.0,3.0,-14.0,0.0
3535754174,7ffcdcd61ff7eb4f55adfcfe5940b9e2,1.0,4292532061,2577064211,2356191125,2018-08-01,delivered,49.0,11.36,60.36,credit_card,1.0,4.0,0.0,0.0
4233364852,0229bc966620f05d9d8fc29c704aa6ff,1.0,584168096,1529402584,3522250725,2018-07-21,delivered,45.97,13.9,59.87,boleto,1.0,6.0,-9.0,0.0
2788656596,09ec142bfa34576d3914bdf8c19927c2,1.0,732478437,766636143,1782108900,2018-07-20,delivered,14.9,9.22,22.103228511530403,credit_card,1.0,10.0,-2.0,0.0
628829297,09ec142bfa34576d3914bdf8c19927c2,2.0,732478437,444361721,1782108900,2018-07-20,delivered,17.9,4.61,26.553542976939205,credit_card,1.0,10.0,-2.0,0.0
3764408306,09ec142bfa34576d3914bdf8c19927c2,3.0,732478437,766636143,1782108900,2018-07-20,delivered,14.9,9.22,22.103228511530403,credit_card,1.0,10.0,-2.0,0.0
3630843658,b3c763d35ce46cf0a205b217814323ee,1.0,1652169251,831867178,2580370799,2018-08-02,delivered,239.9,28.96,268.86,credit_card,10.0,14.0,-20.0,0.0
4294556181,627275b5ff757bdc2c6bc89946ac43d3,1.0,2593188656,2049677026,2880307388,2018-08-11,delivered,119.85,23.64,143.49,credit_card,10.0,16.0,-9.0,0.0
1998346327,3486059e0a7914ff9133784944751b3e,1.0,2547695866,2434217352,1919968767,2018-08-11,delivered,110.32,15.87,126.19,credit_card,3.0,10.0,-13.0,0.0
3690744347,53571e4877460790f5910534d81d533d,1.0,3086281393,3110347092,4185397625,2018-07-04,delivered,29.0,18.37,47.37,credit_card,4.0,1.0,-13.0,0.0
4020602508,490a97982e956ca7dcafe2282467dccb,1.0,3207885001,3776793963,3733516067,2018-07-12,delivered,43.0,23.02,66.02,credit_card,2.0,21.0,-10.0,0.0
898633240,2e0a57a3d7b55da441c3d59bd020a100,1.0,3300961528,179114597,2629314654,2018-07-30,delivered,15.99,7.39,23.38,boleto,1.0,3.0,-1.0,0.0
2666181009,83b38224c814740db730aad1c72c7a3f,1.0,3670930531,4239875717,3575513113,2018-08-07,delivered,189.9,16.43,206.33,credit_card,4.0,6.0,-9.0,0.0
198362813,b91b97488347f484d82bd38acd8d0bbf,1.0,3969897620,537150831,605810449,2018-08-19,delivered,109.99,27.07,137.06,credit_card,3.0,10.0,-6.0,0.0
2237262528,d8efc4afe919de73af09d4319b503f08,1.0,3155273630,2105439760,2900036235,2018-07-30,delivered,179.0,27.91,206.91,credit_card,8.0,8.0,-13.0,0.0
114274924,47d160e3b388f73aa2dfad3c508f4ca3,1.0,780666830,1602649755,519564207,2018-08-05,delivered,135.0,27.9,162.9,credit_card,2.0,6.0,-9.0,0.0
2581556018,771f66be24ca215d4d3415b63bae9d97,1.0,1929991719,2319512374,2636346249,2018-08-21,delivered,37.99,18.37,56.36,credit_card,1.0,7.0,-28.0,0.0
1543447796,5a359fd847978055438c2563b425d343,1.0,1032649399,1051085177,2566875709,2018-08-22,delivered,169.0,22.93,191.93,credit_card,3.0,6.0,-6.0,0.0
2985867394,18c9ffd31feb9e895c186827f10f53bf,1.0,2036916484,2550445107,3840018432,2018-07-17,delivered,23.92,18.27,42.19,credit_card,4.0,12.0,-8.0,0.0
315915618,28389b71d3f42441624656e3b733ca4e,1.0,3042970388,3719642679,694667428,2018-07-19,delivered,239.9,20.59,260.49,boleto,1.0,11.0,-14.0,0.0
3002825924,2fbdcda31c80ac239b8a4b7192416b25,1.0,353574912,3035303683,3665199732,2018-07-08,delivered,198.0,39.66,237.66,credit_card,9.0,12.0,-19.0,0.0
2252535433,43ee68cd19f18fcf7dfc4ea167554e40,1.0,4246632447,2979916595,3539593625,2018-08-25,delivered,99.0,7.95,106.95,credit_card,2.0,2.0,-2.0,0.0
2166325898,0f4ac89389a25eb2b1d923e4ed43c0a6,1.0,2709117662,553412510,2100815658,2018-07-04,delivered,95.2,20.62,115.82,credit_card,2.0,10.0,-12.0,0.0
1507928967,3e5d9d4bd8c8fb94162c7aa9013240c9,1.0,3176589252,1996211280,2580370799,2018-08-10,delivered,269.9,11.02,280.92,credit_card,2.0,6.0,-11.0,0.0
599824176,1315d21afe8cc17fff429dac7ed6370f,1.0,930836503,525068697,1480205621,2018-08-03,delivered,658.9,55.33,714.23,boleto,1.0,14.0,-19.0,0.0
153527837,5869e8a5c993e83fd00128ca4c8478fc,1.0,1077168220,973331926,3723740414,2018-07-12,delivered,69.59,17.42,87.01,credit_card,3.0,13.0,-8.0,0.0
3815480384,a6145b6681d0b1556afbcf25131f2952,1.0,2936697336,3478202829,918571473,2018-07-14,delivered,155.97,19.19,175.16,credit_card,4.0,16.0,-10.0,0.0
947028952,06ba8c77c2419a72756b5660b04e3188,1.0,591053866,3138985478,3554345266,2018-08-14,delivered,179.9,51.98,231.88,boleto,1.0,15.0,-14.0,0.0
1391738086,3f156a4b06647bd900a87618d08a860e,1.0,1605759173,2746646393,3774023096,2018-07-25,delivered,76.0,12.83,88.83,credit_card,1.0,2.0,-6.0,0.0
1449941088,28c949172daaa2b250fc70ed64a45517,1.0,1969778762,2245581716,1562587860,2018-08-27,delivered,110.77,8.04,118.81,credit_card,2.0,2.0,-6.0,0.0
1444331657,3f1b0c2225f2dd5ac1856881d53a440f,1.0,1475819690,3314370692,1379301944,2018-08-23,delivered,122.73,19.77,142.5,boleto,1.0,6.0,-2.0,0.0
2325211010,9e9388221b25d449765ae3b8b908c4dd,1.0,885904056,3769206070,35460556,2018-08-13,delivered,14.99,7.39,22.38,credit_card,2.0,3.0,-6.0,0.0
2645014657,155581701d726e5261052c3e6fa83dfe,1.0,2857269104,1982727993,2082146367,2018-07-15,delivered,1099.0,69.71,1168.71,credit_card,5.0,12.0,-10.0,0.0
3442874166,aa9c455b2d9888927e1b006b22980c5e,1.0,429251967,2667364133,1367109462,2018-08-12,delivered,249.0,88.33,337.33,credit_card,2.0,15.0,1.0,1.0
4003589783,8203c6a0f836ad28ea9043e6db95cb71,1.0,1121504390,149717489,389971305,2018-07-23,delivered,24.9,18.27,43.17,credit_card,1.0,6.0,-14.0,0.0
3591611086,a5849d6f70582d4c5217bac6616a45fa,1.0,3158278615,1722694306,3720921821,2018-08-14,delivered,59.0,15.51,74.51,boleto,1.0,6.0,-11.0,0.0
2920338780,1376e45f46b5feb758e020fd9cc7608f,1.0,1903975373,1950168686,1047686341,2018-07-23,delivered,89.9,18.73,108.63,credit_card,6.0,7.0,-15.0,0.0
28412489,13bc75256bad09f3273a88f49cff00e1,1.0,2122232813,36070494,549759410,2018-08-13,delivered,158.0,8.37,166.37,credit_card,1.0,2.0,-1.0,0.0
3191060199,b115422b830bf2840fccf6f0d6678ab2,1.0,2442427750,3466647513,2248653413,2018-08-16,delivered,65.0,15.38,80.38,credit_card,2.0,6.0,-15.0,0.0
1510174078,9da388551ea23281b9bb4cbf12376992,1.0,3832767934,718071674,1734769477,2018-08-01,delivered,29.9,12.87,42.77,credit_card,4.0,6.0,-2.0,0.0
1257452181,657516e76af3d3776fa65ce47ce04d57,1.0,251039475,2702386596,2308685613,2018-08-18,delivered,112.49,8.95,121.44,credit_card,2.0,3.0,-3.0,0.0
2992898955,782656b57c879a8c0d6a326048331e91,1.0,1232512548,1337097882,670746873,2018-08-03,delivered,1277.5,90.25,1367.75,credit_card,4.0,13.0,-11.0,0.0
3117544964,cc0c2816e800ee2d10ad0d51f37ab289,1.0,1499449762,1335391954,918571473,2018-07-17,delivered,1084.9,25.69,1110.59,credit_card,8.0,14.0,-10.0,0.0
4167244295,1a46a59c4c13f2c52e453f8f490b7840,1.0,3402042136,3435845487,1540428892,2018-07-31,delivered,115.35,15.12,130.47,boleto,1.0,9.0,0.0,0.0
1985117742,7c32a0c8814b54f798f9359f20699633,1.0,4171454513,381471834,1456299548,2018-07-14,delivered,139.0,37.56,176.56,credit_card,3.0,11.0,-15.0,0.0
2585496795,2a45f09e63c6b3aadad03e534d9c5a1e,1.0,2287635740,4160760841,1345082375,2018-07-07,delivered,149.0,16.34,165.34,credit_card,1.0,3.0,-9.0,0.0
962022386,0754d33c0d259d6851e811948048324a,1.0,3708694601,1254469685,4260964609,2018-08-15,delivered,110.0,13.07,123.07,credit_card,2.0,2.0,-7.0,0.0
1765722098,91bd30c2bb59d00a3f3710013e7c4365,1.0,661277844,2863438594,1809103188,2018-08-20,delivered,46.9,12.99,59.89,credit_card,2.0,7.0,-3.0,0.0
3405076310,69fe44146033a055ffc2ac0b670c4b11,1.0,3559782599,462937979,2490225171,2018-07-26,delivered,12.5,7.39,19.89,debit_card,1.0,5.0,-8.0,0.0
1607679874,7ab8357ecb12f6b03ee66996c0250c6d,1.0,802139259,1277571969,1763790356,2018-08-03,delivered,170.0,25.54,195.54,credit_card,3.0,10.0,-9.0,0.0
3431129318,20512b4674a770930ecdcd3634e64cbe,1.0,3512669982,678160341,2047495738,2018-07-24,delivered,19.9,7.56,27.46,boleto,1.0,17.0,8.0,1.0
3070268827,ba5c577357e3f0b4d142808039a7ada5,1.0,2391931432,1673173089,1868809992,2018-08-11,delivered,35.0,13.83,48.83,credit_card,3.0,12.0,-1.0,0.0
2222289689,ba5c577357e3f0b4d142808039a7ada5,2.0,2391931432,1673173089,1868809992,2018-08-11,delivered,35.0,13.83,48.83,credit_card,3.0,12.0,-1.0,0.0
937152365,c94edffab2f10ec24645c62b40881e88,1.0,2631332461,2036129729,261066546,2018-08-25,delivered,116.9,15.92,132.82,credit_card,5.0,3.0,-13.0,0.0
3353614086,c94edffab2f10ec24645c62b40881e88,2.0,2631332461,2036129729,261066546,2018-08-25,delivered,116.9,15.92,132.82,credit_card,5.0,3.0,-13.0,0.0
3315186833,c17ecfaa63fd9b920c822d5361a8dbb0,1.0,2131795786,3248178789,212815993,2018-07-26,delivered,107.99,22.69,130.68,boleto,1.0,11.0,-11.0,0.0
1175745052,a735bad6e096fa8051a92301a1543c6c,1.0,1010739119,3457846061,3883719590,2018-08-22,delivered,34.0,11.5,45.5,credit_card,1.0,5.0,-2.0,0.0
3975323435,1166ac5af4262300b61e079c496223c6,1.0,117811641,2952777915,2622583364,2018-08-14,delivered,145.0,19.12,164.12,credit_card,3.0,7.0,-9.0,0.0
343603494,12212c72d1bc207ff5bb823d711dbe88,1.0,3003111753,1277571969,1763790356,2018-08-01,delivered,170.0,39.46,209.46,credit_card,4.0,8.0,-12.0,0.0
3151033676,5c16fa790786ce85165190a91ebc6f85,1.0,3133379829,2942473443,3583083943,2018-07-27,delivered,58.32,27.18,85.5,credit_card,1.0,11.0,-12.0,0.0
332286461,7312e901d22a5fa199104da9e0996c2d,1.0,1682936745,3470517503,1615213775,2018-08-16,delivered,56.1,13.97,70.07,credit_card,1.0,6.0,-7.0,0.0
3075218617,b5b79bbbc8693953906951dad6a55f07,1.0,2486563614,3354756736,604144110,2018-07-03,delivered,109.9,18.82,128.72,boleto,1.0,6.0,-23.0,0.0
2028496132,43f65aac05e035a88e4479f89cf12ea5,1.0,2342532451,251415224,1423184178,2018-07-25,delivered,135.0,16.05,151.05,boleto,1.0,7.0,-8.0,0.0
973598445,4bbdafbc757c7f5a88e6fea3d982fe90,1.0,2581624242,781668836,4071751220,2018-08-09,delivered,49.49,14.66,64.15,debit_card,1.0,5.0,-8.0,0.0
3950037376,7c7730a9be0a2cd5d43285e6e53476d8,1.0,3182632575,2417878707,1360109385,2018-08-05,delivered,45.0,18.42,63.42,voucher,1.0,5.0,-10.0,0.0
1214925453,40c3b608098b72f21af4a0a9006af9d2,1.0,649270120,1923618652,1696683105,2018-08-07,delivered,42.93,15.4,63.1,credit_card,6.0,7.0,-8.0,0.0
1033055441,b47e99738e09a5fbc57553b59ad7380c,1.0,83858253,2422012691,196831707,2018-07-16,delivered,209.99,24.23,234.22,credit_card,2.0,8.0,-7.0,0.0
3375716655,6436250baf46915dc740c392fcfc5c1b,1.0,2107418107,153220677,112649996,2018-08-21,delivered,39.99,15.38,55.37,boleto,1.0,6.0,-7.0,0.0
1746162486,30a75160cb7835cf044e45a5ad7abf0a,1.0,2819994385,1108286060,96764808,2018-08-13,delivered,79.9,15.66,0.0,unknown,0.0,9.0,-7.0,0.0
1462860361,5b9b46528e4b091b07263899854f79f2,1.0,4271122334,3246882022,605810449,2018-07-07,delivered,58.99,14.72,73.71,boleto,1.0,13.0,-5.0,0.0
2077134859,bf605ab91479a9fb68eadab4406c8064,1.0,2458739038,3294414530,9861004,2018-07-25,delivered,49.9,20.99,70.89,credit_card,5.0,5.0,-9.0,0.0
519478303,0a2820ea58a627b97ba956f38567cae8,1.0,309092602,3985290164,250985049,2018-08-02,delivered,50.2,13.69,63.89,boleto,1.0,14.0,-5.0,0.0
2273102170,1edc1b84ccb3322ee9f3c206a12c17ce,1.0,1847089234,4103616564,3659481684,2018-07-20,delivered,46.89,7.91,54.8,credit_card,1.0,6.0,-7.0,0.0
2308254268,79e339edd187057a60d7cbe59df7526f,1.0,2818314663,1362039947,3418625173,2018-08-14,delivered,139.99,41.96,181.95,credit_card,5.0,8.0,-1.0,0.0
3666017025,90eb7899e0ba01c27fc128e31e0c872e,1.0,117806586,3732208729,3067264533,2018-08-06,delivered,114.9,27.78,142.68,credit_card,1.0,7.0,-1.0,0.0
1396245661,25f606824a2b8532c1d6a6d38f501b02,1.0,819274513,2774209321,305748041,2018-07-23,delivered,14.9,8.88,23.78,credit_card,1.0,7.0,-7.0,0.0
1915231150,249907441e345229204263360b34edd7,1.0,3883353914,1257766999,3348204618,2018-08-06,delivered,49.99,7.61,57.6,credit_card,1.0,4.0,-2.0,0.0
167327357,2ad4df0af7a71d632dccc0129bee3268,1.0,2605971048,1984041254,64290190,2018-07-30,canceled,239.0,10.42,249.42,credit_card,3.0,,,
2186629215,d4fae577806d683110e00e18a5e181be,1.0,811409514,2562008481,1521578955,2018-08-28,delivered,17.9,10.72,24.06979457999807,boleto,1.0,1.0,-13.0,0.0
4226929798,d4fae577806d683110e00e18a5e181be,2.0,811409514,2562008481,1521578955,2018-08-28,delivered,17.9,10.72,24.06979457999807,boleto,1.0,1.0,-13.0,0.0
1805810526,d4fae577806d683110e00e18a5e181be,3.0,811409514,2562008481,1521578955,2018-08-28,delivered,17.9,10.72,24.06979457999807,boleto,1.0,1.0,-13.0,0.0
547100663,d4fae577806d683110e00e18a5e181be,4.0,811409514,1418364909,3003602011,2018-08-28,delivered,49.99,3.57,67.2206162600058,boleto,1.0,1.0,-13.0,0.0
3040530473,1d843e22f87fd9181266898d32d23a63,1.0,3667566948,945817104,2312430349,2018-08-03,delivered,59.9,18.52,78.42,credit_card,1.0,10.0,-4.0,0.0
2307874519,68e04d66b10f8b3ce33634655717a23a,1.0,616056395,4081925990,1919968767,2018-08-05,delivered,110.32,18.87,129.19,boleto,1.0,10.0,-11.0,0.0
2498042748,9270e213f22a5c0c65322feea6979af1,1.0,351370261,2634562564,1367109462,2018-08-13,delivered,395.0,221.5,616.5,credit_card,1.0,10.0,-11.0,0.0
1781169634,a971cf0a515e6051941bd05ff3efc0d7,1.0,1353202122,918245143,392238237,2018-08-02,delivered,74.8,27.47,102.27,credit_card,5.0,12.0,-13.0,0.0
101078503,3cc3880ee6731dbeea8ec3d2d9f5b24a,1.0,291397800,2692615688,3643812432,2018-08-09,delivered,71.4,13.16,84.56,credit_card,4.0,8.0,-10.0,0.0
1718362700,55a0d264704ff411b81f421c73eef60e,1.0,3837671789,2777461862,3115096273,2018-07-12,delivered,49.98,13.01,62.99,credit_card,6.0,8.0,-6.0,0.0
1522626116,60d0d7f6e4119e9a4630876994978c2b,1.0,3197083531,1556473158,2280322224,2018-07-26,delivered,243.0,20.89,263.89,credit_card,2.0,6.0,-16.0,0.0
4124769700,67274e3826cb110f3d0cb45f33c2275e,1.0,1651107320,2704270240,1930594773,2018-07-03,delivered,32.0,7.48,39.48,credit_card,1.0,2.0,-11.0,0.0
3198395876,996763a377a7e96ea28f02058d1e1883,1.0,2088310786,1964155017,3554345266,2018-08-11,delivered,199.0,19.49,218.49,credit_card,10.0,10.0,-8.0,0.0
793497768,996763a377a7e96ea28f02058d1e1883,2.0,2088310786,1964155017,3554345266,2018-08-11,delivered,199.0,19.49,218.49,credit_card,10.0,10.0,-8.0,0.0
2160243155,695ace9dfd0a459275108b5c71aba45d,1.0,124858025,3030224413,2082347993,2018-08-01,delivered,149.98,23.76,173.74,debit_card,1.0,19.0,-1.0,0.0
485489312,43e22b919baf176fe28fb243217cc90c,1.0,2747307877,2154414236,1765806340,2018-07-01,delivered,105.0,16.04,121.04,credit_card,2.0,4.0,-13.0,0.0
501625718,66eb7d660558e315f693ce906b85e261,1.0,3637938127,411603854,926823165,2018-08-10,delivered,25.9,12.84,38.74,boleto,1.0,6.0,-6.0,0.0
144468711,c695330abad3cd98237dc4604401af7b,1.0,132181628,475111750,3734320862,2018-08-10,delivered,45.95,18.42,0.0,unknown,0.0,19.0,-11.0,0.0
3612709537,5f862e4fe640e66110b40cced6911038,1.0,2777601184,4182838189,4185397625,2018-08-06,delivered,22.0,7.41,29.41,credit_card,1.0,6.0,3.0,1.0
1371824791,4d1eeeb5922d5d55dbe1be7623dc18cd,1.0,700876584,1373798263,650241730,2018-08-11,delivered,69.0,30.6,97.7265306122449,boleto,1.0,10.0,-36.0,0.0
348135967,4d1eeeb5922d5d55dbe1be7623dc18cd,2.0,700876584,1819643303,1868809992,2018-08-11,delivered,78.0,30.6,110.4734693877551,boleto,1.0,10.0,-36.0,0.0
881903774,9d6ebf13c4103f0a747d86c3c93f7af5,1.0,565939295,3015911725,2289569342,2018-08-06,delivered,171.9,34.96,206.86,boleto,1.0,16.0,-2.0,0.0
1331070897,9f4dd20e89f7d039db0a8eb572042c1c,1.0,104364054,3609320755,72832377,2018-08-19,delivered,24.99,12.84,37.83,credit_card,1.0,8.0,-8.0,0.0
4010540133,86d4161fe71f1209143ca255d8be20e4,1.0,1311069453,2141840509,4242829885,2018-07-26,delivered,95.0,24.75,119.75,credit_card,3.0,10.0,-7.0,0.0
2381697627,86d4161fe71f1209143ca255d8be20e4,2.0,1311069453,2141840509,4242829885,2018-07-26,delivered,95.0,24.75,119.75,credit_card,3.0,10.0,-7.0,0.0
4153656620,1347acf3fe05018c48139ce35aca77a6,1.0,2576630186,1263314793,2289569342,2018-07-23,delivered,171.9,19.5,191.4,boleto,1.0,16.0,0.0,0.0
3114870305,b90228d9050d13c266a67be0e92ccd00,1.0,1543581754,1233811828,305748041,2018-08-03,delivered,23.9,8.92,32.82,credit_card,1.0,3.0,-8.0,0.0
1759628588,b153668d9576aeae5c424bf7b125eea2,1.0,74424633,1012308845,2201845614,2018-08-08,delivered,26.88,19.38,0.0,unknown,0.0,8.0,-5.0,0.0
2639083166,166ff8289e3c5748d7aab1c820f43731,1.0,1358905931,4124400813,796664912,2018-08-06,delivered,83.88,23.31,107.19,boleto,1.0,16.0,-1.0,0.0
106924860,a46e7e8e02915adecb392ad065121a51,1.0,1760188701,3236925440,1823190993,2018-08-17,delivered,1788.0,110.61,1898.61,credit_card,10.0,12.0,-29.0,0.0
73270561,a4725f98a7344d345bb2fab1c3c39c54,1.0,3298286087,3352806647,2082146367,2018-08-23,delivered,548.0,12.77,560.77,credit_card,10.0,5.0,0.0,0.0
407251646,3268eb4ec8dd57e0ec471da34e35f5e8,1.0,1838655786,1843120919,4185397625,2018-07-24,delivered,30.0,13.79,43.79,voucher,1.0,6.0,-8.0,0.0
864562636,7aa4279cc25c67bbcf033b0ffa8e5587,1.0,3351959365,235820193,2612393066,2018-08-15,delivered,105.0,22.04,127.04,credit_card,1.0,12.0,3.0,1.0
2203932557,cb9628da43a976b479b45230984a05b8,1.0,281343031,2472042391,123833255,2018-08-28,delivered,712.9,0.0,712.9,credit_card,10.0,2.0,-6.0,0.0
4070519314,9674b842cc1b2c01f254872763800c1e,1.0,1500902945,682919018,1379301944,2018-07-31,delivered,54.9,8.12,63.02,credit_card,1.0,3.0,-4.0,0.0
3522609879,dffe39ab35d34d2dc19f4969b4db43e1,1.0,2081025276,1715952204,2023461531,2018-08-20,delivered,99.0,15.79,114.79,credit_card,1.0,3.0,-12.0,0.0
571912377,75518a45c276d9863de563ed245edfc5,1.0,2829866053,318609913,2746700703,2018-07-10,delivered,34.9,18.41,53.31,boleto,1.0,20.0,-2.0,0.0
377869655,97bdf6b97499737a72115988c76e1111,1.0,1907087241,1150114816,1716536501,2018-08-08,delivered,48.9,38.61,87.51,credit_card,1.0,6.0,-14.0,0.0
1710169099,7b224eec76af59d82b7cc8a830c70f93,1.0,1396354027,1549950629,1107359178,2018-08-09,delivered,99.9,27.0,126.9,boleto,1.0,13.0,-5.0,0.0
4103674499,a2f52e92cd1090e316f0f92c3615c179,1.0,3871416147,973761524,2622226838,2018-08-10,delivered,45.0,15.42,60.42,credit_card,3.0,6.0,-10.0,0.0
1059943834,231f0baccdba5c1d4ec4dd711da58b1e,1.0,1466937328,1914379048,1125369443,2018-07-04,delivered,120.0,44.64,164.64,credit_card,1.0,8.0,-14.0,0.0
1539246877,519d2277452787b455e35df047b6476f,1.0,3879264010,3170899511,3034887517,2018-08-20,delivered,151.72,28.01,179.73,credit_card,10.0,6.0,-29.0,0.0
3242285364,1778680c0dd08f2bcd27642d236a91f0,1.0,3284506511,3673761331,2133600640,2018-08-07,delivered,101.62,41.69,143.31,credit_card,2.0,10.0,-5.0,0.0
1036094549,668afd295fa33d9d9b78c4916baee712,1.0,2472936004,3546215351,213195857,2018-07-06,delivered,67.9,32.96,100.86,credit_card,5.0,6.0,-27.0,0.0
2095974867,a0ac0049119c70e88509f0c8e30564e8,1.0,2293907944,3261333318,3332609256,2018-07-19,delivered,29.99,14.51,44.5,boleto,1.0,8.0,-10.0,0.0
1181472224,36815333081d25c7dcb347185e93d073,1.0,266891255,2704175451,1839874894,2018-07-27,delivered,1189.0,21.62,1210.62,credit_card,10.0,5.0,-5.0,0.0
632007354,ca2bf936bb1f3bc31d83dd119beb1efc,1.0,1468857580,2759890386,3734640654,2018-07-13,delivered,36.9,38.53,75.43,credit_card,7.0,13.0,-13.0,0.0
1291314279,2a5c45b004d16284b462d61b46ed1460,1.0,2309709692,204401816,3743845763,2018-07-13,delivered,516.9,55.97,572.87,credit_card,8.0,13.0,-18.0,0.0
764645932,96cf7ecd8c676d61be261ffdda90b008,1.0,928923286,3211903509,123833255,2018-07-17,delivered,39.0,8.43,47.43,boleto,1.0,3.0,-5.0,0.0
799107983,bd9c7d72943c5118f03bb7524043e0fd,1.0,1504834870,3987684668,123833255,2018-08-27,delivered,180.0,12.28,0.0,unknown,0.0,2.0,-5.0,0.0
662544936,45a641de1ae2ac645aa11afeb528e0c9,1.0,203938278,71000695,1813314038,2018-07-29,delivered,72.9,14.09,0.0,unknown,0.0,6.0,-9.0,0.0
3908091012,1c036a86b23c31b9383c1e6f67a94652,1.0,3692832406,930967428,2715074256,2018-07-18,delivered,10.0,12.79,22.79,voucher,1.0,5.0,-9.0,0.0
1653874205,63f8151f2afc1d5465d47f4c00c029ae,1.0,3019853883,718071674,1734769477,2018-07-24,delivered,29.9,7.47,37.37,credit_card,1.0,10.0,2.0,1.0
1099121305,63f8151f2afc1d5465d47f4c00c029ae,2.0,3019853883,718071674,1734769477,2018-07-24,delivered,29.9,7.47,37.37,credit_card,1.0,10.0,2.0,1.0
1291640699,5039f5a43f5ff6b05bce59d10fba8cbf,1.0,4272837331,1241208376,2023461531,2018-07-20,delivered,69.99,15.59,85.58,credit_card,1.0,5.0,-15.0,0.0
1417676898,5039f5a43f5ff6b05bce59d10fba8cbf,2.0,4272837331,1241208376,2023461531,2018-07-20,delivered,69.99,15.59,85.58,credit_card,1.0,5.0,-15.0,0.0
2452755994,d8c637c43a0a5a1c7ee79aad5ae359a2,1.0,3699489334,3169693149,1912895863,2018-07-08,delivered,118.44,12.56,131.0,credit_card,6.0,5.0,-7.0,0.0
3864439834,6da26425f18bd6e1d4be0e8be50162a3,1.0,1002309991,2387192286,3195430028,2018-07-18,delivered,49.99,22.28,72.27,credit_card,2.0,13.0,-9.0,0.0
107493285,867318eda451a721d23a5e0fbc82fcc9,1.0,1333337131,498348596,3065096262,2018-07-10,delivered,25.45,13.52,38.970000000000006,credit_card,1.0,10.0,-10.0,0.0
3403709585,867318eda451a721d23a5e0fbc82fcc9,2.0,1333337131,3514252466,3065096262,2018-07-10,delivered,25.45,13.52,38.970000000000006,credit_card,1.0,10.0,-10.0,0.0
3547579631,867318eda451a721d23a5e0fbc82fcc9,3.0,1333337131,818808291,3065096262,2018-07-10,delivered,25.45,13.52,38.970000000000006,credit_card,1.0,10.0,-10.0,0.0
2034596336,9d8b70a59accfd6e1344d2d23d5b8ceb,1.0,3616251745,2787435028,2837110182,2018-07-21,delivered,179.99,19.41,199.4,credit_card,1.0,8.0,-15.0,0.0
347911609,1b2ea47a491df032b8a995d37f045681,1.0,4286233607,2040040410,2115375135,2018-08-03,delivered,489.06,26.22,515.28,credit_card,4.0,10.0,0.0,0.0
858878547,bb2f21010cd5289802f3b79c1bcdface,1.0,714542289,4256177069,1868809992,2018-08-05,delivered,230.0,19.99,249.99,voucher,1.0,9.0,-27.0,0.0
1670256096,35ee767c6d8dd29df4b683ac20d34c9b,1.0,779878923,2323768122,1503904388,2018-07-30,delivered,18.95,22.06,41.01,credit_card,1.0,18.0,-11.0,0.0
737577989,4345c17bd8c32982e0456521679480bb,1.0,1972885782,1672925611,854629258,2018-08-11,delivered,74.99,50.82,125.81,credit_card,2.0,11.0,-7.0,0.0
306619130,5dbdb8a54c3c54da706c4b123ea075bc,1.0,851019625,3382982970,4071751220,2018-07-02,delivered,39.49,12.94,52.43,credit_card,1.0,7.0,-10.0,0.0
2025714260,1e09b85a1e6ef1c95b4c08e874ef7ff0,1.0,624940790,1449938477,1408312966,2018-08-16,delivered,62.4,8.6,71.0,credit_card,3.0,2.0,-3.0,0.0
1110034949,bff383eef89a311b25dbb9e0432402a3,1.0,1357021376,1802206990,1925879045,2018-08-08,delivered,49.9,14.51,64.41,credit_card,1.0,5.0,-1.0,0.0
3970686078,3083d0620c7cc835cb4c90a8b4895eda,1.0,2990054392,1746990951,734125444,2018-07-01,delivered,269.9,162.64,432.54,credit_card,10.0,9.0,-17.0,0.0
2148892354,c594dcc4076734aead2277d898c2d187,1.0,3698364525,95156946,2031026716,2018-08-15,delivered,24.8,15.27,40.07,credit_card,1.0,5.0,-28.0,0.0
4000745747,86a8dda933d2f5ead748b61f816fd181,1.0,2183909482,2567094425,2821648493,2018-07-05,delivered,79.9,19.75,99.65,boleto,1.0,17.0,-4.0,0.0
2638466342,6359393f5003c79bab5ff0e3f3b42656,1.0,3593572210,3435155904,1357333497,2018-08-26,delivered,169.0,20.37,189.37,credit_card,8.0,3.0,-26.0,0.0
1233189445,1801ac1e33ecd0aaf015d7b7c0e70204,1.0,320219475,4225820862,1144498750,2018-07-29,delivered,44.9,12.97,57.87,boleto,1.0,4.0,-7.0,0.0
1285326342,00a1e977cf6e672402963940db55d919,1.0,1548146238,950652113,3659481684,2018-07-25,delivered,24.89,7.75,32.64,credit_card,1.0,1.0,-6.0,0.0
3361215207,400aa5c769fda1017c9b3a3075a8aac3,1.0,1485278399,1368867325,796664912,2018-08-19,delivered,88.83,8.78,97.61,credit_card,1.0,3.0,-1.0,0.0
2604124150,4ee4c7c2fa34f8e2a66accd827f53d1f,1.0,3842708903,1544271762,1188075721,2018-07-02,delivered,10.0,15.23,25.23,boleto,1.0,3.0,-19.0,0.0
4037429537,acee82e21828ddd887e48ad3afc6704e,1.0,1618339123,3487350534,3106288757,2018-08-06,delivered,88.99,99.65,188.64,credit_card,4.0,7.0,-13.0,0.0
3158359210,74973f83083be040a56dfc7209f45fc8,1.0,1372000239,592096461,2304947736,2018-07-20,delivered,78.0,18.65,96.65,credit_card,2.0,17.0,-1.0,0.0
3410798310,74973f83083be040a56dfc7209f45fc8,2.0,1372000239,592096461,2304947736,2018-07-20,delivered,78.0,18.65,96.65,credit_card,2.0,17.0,-1.0,0.0
3369658827,62d4317f23a821e49febfee95a41b0d5,1.0,3226212189,2919195591,2612393066,2018-08-13,delivered,69.9,18.59,88.49,credit_card,8.0,4.0,-4.0,0.0
1431472387,68b37c61acb057cd5047ff23bfeb540b,1.0,1509117315,1822286319,1868809992,2018-07-21,delivered,105.0,13.04,118.04,credit_card,2.0,3.0,-10.0,0.0
2349461518,88e2adba13194300be8cfaeee4512133,1.0,2624953177,498073736,3100986973,2018-07-18,delivered,175.0,13.89,188.89,credit_card,8.0,7.0,-9.0,0.0
117704283,06093968558c2db43ddc36679aacc280,1.0,3389686258,4139210103,2364738006,2018-07-16,delivered,104.9,19.92,124.82,credit_card,2.0,7.0,-15.0,0.0
2429004818,051d564ccb0a1e50070ac26704a2ba72,1.0,1925259288,3992877448,351595133,2018-08-23,delivered,585.0,37.86,622.86,credit_card,10.0,6.0,-7.0,0.0
3825454313,d1e1299424589b6fbfa531fc49452f01,1.0,874562546,1111958688,462891282,2018-08-13,delivered,24.9,8.33,0.0,unknown,0.0,4.0,-4.0,0.0
1902157123,9317022d5ffa1f322c79fb62a5871291,1.0,1787471836,3102119213,1379301944,2018-07-26,delivered,25.7,7.92,33.62,credit_card,1.0,5.0,-6.0,0.0
2552251723,9e02d72f347640b319a659ea810f90b9,1.0,2678727245,2326893088,4046977664,2018-08-08,delivered,38.9,19.46,58.36,credit_card,5.0,13.0,0.0,0.0
1598029778,a8666b29dbc635b3a029b1ed84fa8df5,1.0,3190157682,3569719807,3147574442,2018-08-10,delivered,149.0,44.84,193.84,voucher,1.0,5.0,-5.0,0.0
331123289,4e0db43ba51c0e0ede8c48b094526132,1.0,3230971786,1362225999,2235530015,2018-08-14,delivered,895.0,62.6,957.6,credit_card,10.0,7.0,0.0,0.0
1905009461,56a458ff4a4d0dc8ecd97b7dc2ba33b0,1.0,1546396243,1159501270,1868809992,2018-08-03,delivered,150.0,28.03,178.03,credit_card,5.0,10.0,-4.0,0.0
2235903532,36e58b4c22ccc72a859dd70a840db411,1.0,3740630268,1822286319,1868809992,2018-08-11,delivered,105.0,27.04,132.04,credit_card,2.0,13.0,-20.0,0.0
663549276,62194497cd66edf084b172f8cdff8235,1.0,2629833445,2811552375,2304947736,2018-08-02,delivered,59.0,7.67,66.67,credit_card,2.0,4.0,-3.0,0.0
1020823951,3213c825fd43c3d2aa27fed77ef29519,1.0,3580001042,311950730,3774348967,2018-08-07,shipped,729.0,13.85,742.85,boleto,1.0,,,
80803344,99e33e27f532877aa1da2d36a5d88066,1.0,2890503826,691593057,2358549127,2018-07-25,delivered,369.0,21.77,390.77,credit_card,2.0,5.0,-16.0,0.0
760632943,5fa163d53dbfa40c6363e9e47f6bb809,1.0,121166101,1345766636,1503930686,2018-08-05,delivered,107.9,15.07,122.97,boleto,1.0,3.0,-8.0,0.0
3401793063,7844d2f4784ca5e03bf47dd1ac050bc2,1.0,2026851969,3832133250,1984995671,2018-08-02,delivered,25.9,8.52,34.42,credit_card,1.0,6.0,-6.0,0.0
3361480156,7844d2f4784ca5e03bf47dd1ac050bc2,2.0,2026851969,3832133250,1984995671,2018-08-02,delivered,25.9,8.52,34.42,credit_card,1.0,6.0,-6.0,0.0
725210870,73b1defe09cb47bd521306b506af7d3a,1.0,2494755732,48946246,3267771422,2018-07-03,delivered,449.9,214.86,664.76,boleto,1.0,9.0,-13.0,0.0
3937275071,9a316a6a199c61a2a5d4204f49c22f52,1.0,3481160795,1804213884,3085186048,2018-08-09,delivered,16.9,8.29,25.19,credit_card,2.0,4.0,-2.0,0.0
4181080374,05f44408d29a64126c4abc87d2b2b038,1.0,2488685608,884465011,3851041961,2018-08-10,delivered,95.9,7.93,103.83,credit_card,3.0,3.0,-8.0,0.0
2153434442,bdb52fcc684d212ff85ba88d4acc3b7b,1.0,367682857,1597972666,4143496513,2018-07-30,delivered,56.0,18.49,0.0,unknown,0.0,4.0,-16.0,0.0
1957209009,d66d818e0e5486b4382bdaad63390b53,1.0,1368945543,2986475846,3667124800,2018-07-20,delivered,49.9,37.26,87.16,boleto,1.0,11.0,-16.0,0.0
1167949222,6b6de07ee5e837bde4aead95e9891f0e,1.0,2159714957,1096483887,1106471770,2018-07-27,delivered,35.9,7.51,43.41,boleto,1.0,4.0,-2.0,0.0
3358059645,e1cef1d9d9cdf18eb3f06c9ac41e3b50,1.0,1395968788,1802398487,250985049,2018-07-31,delivered,69.9,37.4,107.3,credit_card,1.0,23.0,-7.0,0.0
1830035206,25cbbd756ea300d0566add5ebb8b3a25,1.0,1979116392,73798823,1919968767,2018-08-16,delivered,110.32,8.03,118.35,credit_card,5.0,6.0,-4.0,0.0
3253163271,0bfa8870838091fe8171ed69f6b89fee,1.0,3500278053,1880950498,2023461531,2018-08-22,delivered,24.99,7.44,32.43,credit_card,1.0,2.0,-4.0,0.0
2318392498,0bfa8870838091fe8171ed69f6b89fee,2.0,3500278053,1880950498,2023461531,2018-08-22,delivered,24.99,7.44,32.43,credit_card,1.0,2.0,-4.0,0.0
449336182,3f728c09846bd39666acf05416a9fefa,1.0,370695712,1767964114,1202653486,2018-07-10,delivered,670.0,20.88,690.88,credit_card,3.0,6.0,-10.0,0.0
3927487269,0467205a89711e4ec8e70ef2277e3287,1.0,3083689138,2697482035,1624456352,2018-07-03,delivered,109.9,8.93,118.83,credit_card,1.0,1.0,-12.0,0.0
223034891,d793a2f7a07ce993cbdd2d6ffac8972e,1.0,817704239,2781219658,1562587860,2018-07-20,delivered,139.77,19.08,158.85,credit_card,2.0,5.0,-15.0,0.0
2918307263,73a8ed1078e1d475d2b1fb7216a52e1a,1.0,3464757367,3892081410,3533610550,2018-08-10,delivered,178.0,19.55,197.55,boleto,1.0,7.0,-5.0,0.0
1472605037,b357c263e1f33cd68e28110443a2d2ea,1.0,2070693160,949013637,250985049,2018-07-17,delivered,119.5,14.18,0.0,unknown,0.0,3.0,-25.0,0.0
669903596,06be8b2c2a6e818814aa5416c3512ca3,1.0,365131849,1218009760,2636346249,2018-07-23,delivered,27.99,15.3,43.29,credit_card,1.0,6.0,-15.0,0.0
1491998080,498cdac3b77bd13d44a8cfd3e26b768b,1.0,2771261611,3679015686,1902553100,2018-07-29,delivered,148.0,14.62,162.62,credit_card,1.0,4.0,-7.0,0.0
3235432748,dbc3b0665b060a97f3298ba46f58ce1b,1.0,932308002,4089584457,1783127307,2018-08-22,delivered,19.9,12.8,32.7,credit_card,1.0,8.0,-6.0,0.0
1120714956,4dddc24327ff6d738f2a72abf2b2bc71,1.0,2857625938,1844443610,3728838497,2018-08-08,delivered,489.0,25.35,514.35,credit_card,8.0,7.0,-19.0,0.0
964509602,c171a641ce5deb8a4f8ec640d78dde03,1.0,2729045450,1287384360,3681078781,2018-07-22,delivered,172.0,13.86,185.86,credit_card,2.0,10.0,-13.0,0.0
1090218712,b14970227d9071f5930ab1774bc471dd,1.0,1945556257,592096461,2304947736,2018-08-13,delivered,78.0,7.81,85.81,credit_card,3.0,1.0,-2.0,0.0
391031186,36d80fa68ee43c6ee60518067a8d667b,1.0,951990077,174750780,523493826,2018-07-18,delivered,122.99,30.11,153.1,boleto,1.0,19.0,0.0,0.0
1467372035,37404c7e8f026ab1b81aef92a59939b5,1.0,2746468436,671057104,2823580135,2018-08-04,delivered,188.9,19.12,208.02,credit_card,4.0,9.0,-15.0,0.0
3546025643,3d7b9f89c8227047efa43e1c557e0966,1.0,3751710752,1987235264,879502040,2018-08-14,delivered,89.9,19.82,109.72,credit_card,2.0,3.0,-17.0,0.0
938751340,1ecfa320a6763da8b71ad1fbd4df6550,1.0,3846291982,4151863183,96764808,2018-07-31,delivered,24.9,17.97,42.87,boleto,1.0,6.0,-7.0,0.0
729336749,997e6bea52d4cfdae5cbbf67c2ded47b,1.0,2050836383,3373458811,604861625,2018-08-13,delivered,74.99,11.55,86.54,credit_card,1.0,2.0,-2.0,0.0
2038249489,c8437ae2370954848655235ebb274b59,1.0,1911265919,1502424385,1248801594,2018-08-04,delivered,44.99,12.98,57.97,credit_card,4.0,6.0,-6.0,0.0
3897339684,728795566669c2f36ab5118fcde3af33,1.0,986342245,2468346663,784349447,2018-08-09,delivered,89.0,18.42,107.42,voucher,1.0,8.0,-6.0,0.0
1219279301,914ee15dc01a54f3bcb1df425276d627,1.0,2546646687,2703664508,9861004,2018-07-28,delivered,49.9,20.99,0.0,unknown,0.0,11.0,-4.0,0.0
2338381422,914ee15dc01a54f3bcb1df425276d627,2.0,2546646687,2703664508,9861004,2018-07-28,delivered,49.9,20.99,0.0,unknown,0.0,11.0,-4.0,0.0
3255311662,56e26a902ce7881f0a64c34a8192b537,1.0,3510730827,3464170025,1207458958,2018-07-23,delivered,48.9,19.53,68.43,credit_card,1.0,4.0,-13.0,0.0
1208365751,06136e6a6532fabbd5675f8090fca4b3,1.0,1567510174,886979481,3883719590,2018-07-20,delivered,30.09,42.49,72.58,credit_card,1.0,13.0,-7.0,0.0
4060842514,85f1556f734e21409383816d518c8101,1.0,2112593372,3596392449,2286765136,2018-08-04,delivered,102.0,15.16,117.16,boleto,1.0,9.0,-9.0,0.0
2010276929,027b81ccdf72434e7346aafdf630ff31,1.0,2017251816,3478202829,918571473,2018-07-13,delivered,154.91,16.18,171.09,boleto,1.0,19.0,-19.0,0.0
768050159,22648d496637318d8713a49b4e628a87,1.0,2150087198,1245653087,819761952,2018-07-30,delivered,43.0,8.04,51.04,credit_card,2.0,3.0,-7.0,0.0
2359029158,22648d496637318d8713a49b4e628a87,2.0,2150087198,1245653087,819761952,2018-07-30,delivered,43.0,8.04,51.04,credit_card,2.0,3.0,-7.0,0.0
155480166,22648d496637318d8713a49b4e628a87,3.0,2150087198,1245653087,819761952,2018-07-30,delivered,43.0,8.04,51.04,credit_card,2.0,3.0,-7.0,0.0
1678170731,181f3a2409fbfd9640a4e017c3b9971f,1.0,2176926505,1424785379,391897587,2018-07-02,delivered,19.99,7.88,27.87,credit_card,2.0,1.0,-12.0,0.0
3782574274,5274d9c61b31f846b8b51562f1f6d3d2,1.0,2488545954,3478202829,918571473,2018-07-14,delivered,155.97,16.19,172.16,credit_card,8.0,18.0,-20.0,0.0
3266081348,e06507fb1e1f48c1cc59d40e02b82f16,1.0,349355870,74994665,4294512883,2018-08-13,delivered,169.9,53.54,223.44,debit_card,1.0,14.0,-10.0,0.0
986899844,dcd784b797429055d929d908ce30791f,1.0,2043834772,3924580625,4194263931,2018-07-31,delivered,65.9,22.39,88.29,credit_card,1.0,15.0,-19.0,0.0
4244505753,4e3ff55c4839ead2cfc1fbd7895c3b20,1.0,2987180848,3142436074,1734769477,2018-07-18,delivered,149.9,12.07,161.97,credit_card,8.0,2.0,-7.0,0.0
350339707,15762fbce0478c48462956d3fbee08a7,1.0,2445959661,2193059079,1734769477,2018-07-08,delivered,24.9,37.08,61.98,credit_card,5.0,18.0,-6.0,0.0
882274834,22d63f928cac124264dda89874eb970f,1.0,1727579540,1357953438,196831707,2018-07-10,delivered,259.99,83.13,343.12,boleto,1.0,15.0,-9.0,0.0
4278851372,47f6d79f82f6b8667a9282d11ad1b931,1.0,592595667,878199923,1778270105,2018-08-01,delivered,99.9,16.89,116.79,boleto,1.0,7.0,-14.0,0.0
4101530149,8d96631a10824fcfc4c8c0a0f73bfc27,1.0,1341816514,1566603368,2352594560,2018-08-04,delivered,43.6,16.5,60.1,credit_card,3.0,6.0,-11.0,0.0
1625468035,347610961383f5990e1d0ce3fd0afa5a,1.0,3325982990,3890609809,3992947253,2018-08-17,delivered,299.9,14.4,314.3,credit_card,6.0,1.0,-4.0,0.0
953723422,3a1bb0dc36e0f0989d1482a7c1947de9,1.0,3457746717,4161487727,2417067144,2018-07-13,delivered,143.99,43.81,187.8,credit_card,3.0,7.0,-24.0,0.0
3419691985,75d5ef4d60406619e9be0c9be3c3d92c,1.0,3436425986,1776620515,2475905934,2018-07-12,delivered,99.99,23.5,123.49,credit_card,2.0,11.0,-10.0,0.0
2198325049,1c3942a6bfebaf529e695c920baacb0f,1.0,2429546847,1100876085,3734320862,2018-08-05,delivered,49.95,18.45,68.4,credit_card,2.0,11.0,-1.0,0.0
2463522222,d779224365f07d6953c45ef342c824e6,1.0,482203843,1669151694,112649996,2018-08-14,delivered,24.99,15.28,40.27,boleto,1.0,16.0,0.0,0.0
1799406919,7155d151b1369fbf5cf282fdaeb92d97,1.0,3071681600,978890334,4220048581,2018-08-16,delivered,158.6,25.19,183.79,boleto,1.0,6.0,-5.0,0.0
4045514249,25c9f4c2d81933e44625c891cb889d4c,1.0,3229593500,911714269,1919968767,2018-07-06,delivered,110.32,8.03,118.35,voucher,1.0,7.0,-7.0,0.0
1097231264,550c9803e94828d5b3c5c891561b7200,1.0,462430009,472289559,1763790356,2018-07-08,delivered,212.4,19.64,232.04,credit_card,4.0,15.0,-21.0,0.0
3743248240,550c9803e94828d5b3c5c891561b7200,2.0,462430009,472289559,1763790356,2018-07-08,delivered,212.4,19.64,232.04,credit_card,4.0,15.0,-21.0,0.0
512440742,1606a97aa8d4a52d6d2c6467eeb5f4c0,1.0,3149117231,669198414,2880307388,2018-08-06,delivered,119.85,15.15,135.0,boleto,1.0,14.0,-2.0,0.0
2023413287,5e8222f27e709f2c61364ae886df8ac8,1.0,1674809074,2658349128,2775148626,2018-07-13,delivered,56.0,8.55,64.55,credit_card,2.0,9.0,-2.0,0.0
1037268281,1f6c1320002dfd3a699d2fc80406092d,1.0,4100869720,4187625683,292598503,2018-07-07,delivered,149.97,21.0,170.97,credit_card,6.0,5.0,-15.0,0.0
2748053979,37d2697fe30cc343532f58cde9161454,1.0,3918620358,7687210,3302929409,2018-07-22,delivered,49.99,18.45,68.44,boleto,1.0,8.0,-21.0,0.0
3628896350,495f52185fa8f606de522839d428f3c9,1.0,2339063110,4198849059,4194263931,2018-08-01,delivered,61.4,18.53,79.93,credit_card,1.0,15.0,-11.0,0.0
2996905364,dead1e90233baca62101df8aaa1f2b66,1.0,3714544736,3718311152,3620228618,2018-07-18,delivered,57.0,102.13,159.13,boleto,1.0,1.0,-6.0,0.0
3176967873,dd63de941b6998a80f25d03116747f9d,1.0,3358486310,1934518943,96764808,2018-08-07,delivered,14.9,7.39,0.0,unknown,0.0,6.0,0.0,0.0
2385871760,82b564e3b8efa4e060e5c950cb6fa9ad,1.0,1376652784,2433640008,230703951,2018-07-15,canceled,40.0,16.47,56.47,credit_card,1.0,,,
682156043,bb39531a5274b1368bc8c50fc681baaa,1.0,3551607177,2505766514,4086780073,2018-08-20,delivered,169.9,37.27,207.17,credit_card,8.0,3.0,-6.0,0.0
3003112238,a20538d69757be844119c80016394dcb,1.0,814220969,4081015769,2304947736,2018-07-23,delivered,44.0,18.41,62.41,credit_card,3.0,4.0,-11.0,0.0
1197757773,a84a0bd528e053f6b266e21bb1111e3f,1.0,1949433621,144360435,4120033478,2018-07-03,delivered,319.9,15.45,335.35,credit_card,10.0,6.0,-15.0,0.0
2983364075,54278df0bd16da39d1a04b026396bef6,1.0,1703886125,3375574746,3909645171,2018-07-22,delivered,15.9,15.23,31.13,credit_card,1.0,4.0,-24.0,0.0
1232943888,9bb24e7d420a1f6492f0d5f543978944,1.0,2456123881,3691969606,4289768623,2018-08-05,delivered,74.67,15.62,90.29,credit_card,3.0,10.0,-7.0,0.0
417970715,9bb24e7d420a1f6492f0d5f543978944,2.0,2456123881,3691969606,4289768623,2018-08-05,delivered,74.67,15.62,90.29,credit_card,3.0,10.0,-7.0,0.0
3473506087,707ecac4537ba4d942b035e0377e56e4,1.0,565537012,824754359,96764808,2018-08-08,delivered,69.9,9.24,79.14,credit_card,3.0,2.0,-4.0,0.0
1922063775,ada32b6f0cb6b0a58d13dc20a423f2fa,1.0,2745135556,1630069179,4193115790,2018-07-23,delivered,329.9,29.56,359.46,credit_card,1.0,3.0,-4.0,0.0
4228703739,8119fd8653bc657349616d0595ec08b0,1.0,1655991679,4256177069,1868809992,2018-07-20,delivered,230.0,82.92,312.92,credit_card,10.0,9.0,-14.0,0.0
428088054,4e7838e2ac3b81d9d9ca377dcc0549de,1.0,4159108070,127705812,1431134416,2018-08-03,delivered,79.99,15.66,95.65,credit_card,1.0,5.0,-16.0,0.0
117200672,2bab21da7cb38da9002fcb361c7c046f,1.0,2434277064,1117859164,181572516,2018-08-14,delivered,35.99,11.27,47.26,credit_card,4.0,2.0,-5.0,0.0
3124481246,b98252d2e216325a07a67e38b1762bcc,1.0,4040956853,1254469685,4260964609,2018-08-22,delivered,110.0,27.07,137.07,credit_card,2.0,6.0,-15.0,0.0
3007614436,8cd5a51ae18b8bbcfd46882f77cc98c5,1.0,3662069691,3569719807,3147574442,2018-07-12,delivered,149.0,18.36,167.36,credit_card,8.0,2.0,-6.0,0.0
1762456626,0b0809b2b64511c62fb745fb8b465cc9,1.0,3376724266,466476258,202810052,2018-07-01,delivered,33.9,12.9,46.8,credit_card,10.0,4.0,-18.0,0.0
2314786000,0b0809b2b64511c62fb745fb8b465cc9,2.0,3376724266,466476258,202810052,2018-07-01,delivered,33.9,12.9,46.8,credit_card,10.0,4.0,-18.0,0.0
1264721453,0b0809b2b64511c62fb745fb8b465cc9,3.0,3376724266,466476258,202810052,2018-07-01,delivered,33.9,12.9,46.8,credit_card,10.0,4.0,-18.0,0.0
2056647615,0b0809b2b64511c62fb745fb8b465cc9,4.0,3376724266,466476258,202810052,2018-07-01,delivered,33.9,12.9,46.8,credit_card,10.0,4.0,-18.0,0.0
3956696942,0b0809b2b64511c62fb745fb8b465cc9,5.0,3376724266,466476258,202810052,2018-07-01,delivered,33.9,12.9,46.8,credit_card,10.0,4.0,-18.0,0.0
2183064966,0b0809b2b64511c62fb745fb8b465cc9,6.0,3376724266,466476258,202810052,2018-07-01,delivered,33.9,12.9,46.8,credit_card,10.0,4.0,-18.0,0.0
3483857648,8de50bbc56062ea401a2c61c36f46585,1.0,2331304634,1770754025,1894514916,2018-08-08,delivered,2029.0,86.79,2115.79,credit_card,5.0,20.0,1.0,1.0
853356484,50bbc4c166ca3f048fea8fb9ad63d625,1.0,2271798430,4197251998,2622583364,2018-08-08,delivered,145.9,13.68,159.58,credit_card,2.0,5.0,-7.0,0.0
2179254193,145e208aa1770c67fd155eb6b4084372,1.0,4147517416,2835989578,797873474,2018-07-10,delivered,219.0,10.28,229.28,credit_card,10.0,1.0,-14.0,0.0
1686411937,56e7d463a96db09e951999dd6e74f136,1.0,2951350820,7687210,3302929409,2018-07-22,delivered,49.99,18.45,68.44,boleto,1.0,7.0,-8.0,0.0
389017832,24bec7bd3d098472031fe54a30488c3b,1.0,82304704,4294399807,2308685613,2018-08-19,delivered,80.9,8.73,89.63,boleto,1.0,5.0,0.0,0.0
2330726757,07b0c48ffce8f9ad9878efed80bb428d,1.0,726578097,174750780,523493826,2018-08-16,delivered,122.99,63.11,0.0,unknown,0.0,10.0,-22.0,0.0
4267795913,8f1327c6715c7cc4ed142be589174903,1.0,4141774248,1508925516,1902553100,2018-08-05,delivered,220.0,38.67,258.67,credit_card,5.0,17.0,8.0,1.0
2397277320,2bd9bddf117b28b0736de5b81eea032c,1.0,1630170862,4269528034,1379301944,2018-08-18,delivered,177.32,59.32,236.64,credit_card,1.0,9.0,-8.0,0.0
973132611,65f4d9e4822b4f34980ad36f71a08dad,1.0,1907078269,3423283229,934960704,2018-08-07,delivered,34.49,22.17,56.66,voucher,1.0,15.0,-20.0,0.0
290097058,c7e5f8183f0f4c7cc783a31e32679e8b,1.0,2138628600,1357325911,1088547109,2018-08-10,delivered,69.9,18.59,88.49,credit_card,1.0,10.0,-4.0,0.0
1342246731,ac21bec6ae437954a28c4db16dd5737f,1.0,2767916808,616156721,2911192595,2018-08-09,delivered,499.99,18.6,518.59,credit_card,10.0,5.0,-2.0,0.0
108455328,57313d913bef6f44066214ef78d4ca65,1.0,2134274863,2201404081,714744803,2018-08-21,delivered,14.9,7.39,22.29,debit_card,1.0,6.0,0.0,0.0
1518631429,57313d913bef6f44066214ef78d4ca65,2.0,2134274863,2201404081,714744803,2018-08-21,delivered,14.9,7.39,22.29,debit_card,1.0,6.0,0.0,0.0
2640210538,db7698489d1a82bb9b7d8220eae5f708,1.0,3653527176,2830254752,687121961,2018-07-17,delivered,59.99,16.61,76.6,boleto,1.0,7.0,-10.0,0.0
3375804859,d2783b3ae3458b44a4ab7cc0169bbde6,1.0,2813018263,3513669726,900310379,2018-08-06,delivered,98.9,14.99,113.89,boleto,1.0,3.0,-6.0,0.0
3011976281,378ef8f4017a5eb7204730698cfeec60,1.0,558847009,3686510176,4109304321,2018-07-20,delivered,124.0,18.97,142.97,credit_card,8.0,4.0,-30.0,0.0
3153056295,43df08b645b3c5d452c2b73461c3259c,1.0,2657720280,2202210776,420819844,2018-08-24,delivered,55.5,13.05,68.55,credit_card,4.0,5.0,-5.0,0.0
2059341927,b4454ac5d3550744c26cb851e267a889,1.0,3116632944,1628149386,3774348967,2018-07-10,delivered,199.0,24.11,223.11,credit_card,7.0,12.0,-8.0,0.0
4031334470,5fd5c981a4232eaced70a8003d560243,1.0,797558083,3038694483,581044507,2018-07-02,delivered,119.0,18.93,54.13,voucher,1.0,8.0,-22.0,0.0
3352592059,19c4f810dca09d438da021fd6d52839f,1.0,1851174147,2083055944,925912501,2018-07-21,delivered,32.9,15.33,48.23,credit_card,2.0,5.0,-14.0,0.0
788862344,4d544ef55956dd8aadf1162dc1b82ae1,1.0,202518225,1739797394,3878062661,2018-08-20,delivered,49.0,7.6,56.6,credit_card,1.0,3.0,-4.0,0.0
1908945131,b8ddc399e43d44b438e323ca1cd368c0,1.0,2670825178,1629445897,4229910683,2018-07-10,delivered,120.0,12.33,132.33,credit_card,2.0,2.0,-6.0,0.0
2642764339,505b77e04872f9f03ae71d4f75f43af4,1.0,2340630776,2455587579,123833255,2018-07-03,delivered,39.0,8.43,47.43,credit_card,1.0,2.0,-11.0,0.0
1817875573,d14be34d97ddedb3f0b7379757f862ae,1.0,1850877679,3572759019,764872307,2018-07-14,delivered,50.4,23.07,73.47,boleto,1.0,24.0,-17.0,0.0
3709259311,c38d701768413a3f8569e83aac1a3179,1.0,1594359807,3577011498,4244763206,2018-07-28,delivered,28.9,8.36,37.26,voucher,1.0,4.0,-1.0,0.0
1099056156,597fa94ef8eb873a3b8d4191931fcdeb,1.0,1677782504,3879458629,2804246847,2018-08-18,delivered,135.9,27.9,163.8,credit_card,1.0,9.0,-9.0,0.0
2349622899,3016aab208504e35592823875a18d588,1.0,1974328256,1277571969,1763790356,2018-08-02,invoiced,170.0,10.32,180.32,credit_card,5.0,,,
977890560,6680b708c88b83d3a02d475faf4d9b0d,1.0,888168160,1480495487,1393673581,2018-07-26,delivered,109.49,23.57,133.06,credit_card,2.0,13.0,-8.0,0.0
3825159923,1cfe8d413eeb99641193432e99568f61,1.0,529325986,3818021243,2023461531,2018-08-19,delivered,289.0,10.18,299.18,credit_card,4.0,2.0,-6.0,0.0
370373710,6b27e5ad651611d9467a393681ee0f7c,1.0,1039941793,2539569761,1379301944,2018-07-30,delivered,59.19,18.51,77.7,credit_card,1.0,7.0,-17.0,0.0
1532788617,9ac8e7603c11157bde10d9121494b593,1.0,1752435548,774870517,3179495650,2018-07-22,delivered,110.0,18.87,128.87,credit_card,1.0,10.0,-13.0,0.0
3951373359,a86cb65b0731ea40faecfb11c9025045,1.0,3333978645,1271628224,900310379,2018-07-25,delivered,96.8,53.03,149.83,credit_card,5.0,19.0,-3.0,0.0
302810743,d543201a9b42a1402ff97e65b439a48b,1.0,3300162032,2746034656,261066546,2018-08-21,delivered,116.9,22.75,139.65,credit_card,2.0,7.0,-13.0,0.0
2979328193,d543201a9b42a1402ff97e65b439a48b,2.0,3300162032,2746034656,261066546,2018-08-21,delivered,116.9,22.75,139.65,credit_card,2.0,7.0,-13.0,0.0
897672151,26a6d863d24d0d5bc79e4cfa85ebf566,1.0,3165996219,1771969408,1734769477,2018-08-21,delivered,79.9,14.14,94.04,credit_card,2.0,5.0,-7.0,0.0
1013749781,5e2d4869083414bb82d2e3c5ae2a4ec5,1.0,365800851,2900527011,604861625,2018-08-07,delivered,58.99,15.51,74.5,credit_card,1.0,6.0,-7.0,0.0
2872622939,807c258c31674da775e91946b8c5bf7d,1.0,3859102365,444250941,728604636,2018-08-12,delivered,29.99,19.4,49.39,boleto,1.0,4.0,-11.0,0.0
2609708443,a437e36732c69e10d37e63bacbb1fe38,1.0,2234560173,3216694513,3774023096,2018-07-23,delivered,128.0,19.07,147.07,boleto,1.0,5.0,-3.0,0.0
1320326857,ce6f76eb40949df0b5b6ef6936848d9b,1.0,3105606334,3166253989,1734769477,2018-07-26,delivered,169.9,12.21,182.11,credit_card,8.0,4.0,-6.0,0.0
3051120558,58a5f1cd9fe00f55e59bce96cdaf8c91,1.0,470172554,453093950,3133716256,2018-07-23,delivered,199.9,28.38,228.28,credit_card,3.0,11.0,-11.0,0.0
648965782,bf6a2df6b944199274254f8bb0159ec3,1.0,1602932585,2428406647,2190763425,2018-08-03,delivered,58.67,19.6,78.27,boleto,1.0,17.0,-24.0,0.0
4275595677,95811675a89b66659996da5285a021db,1.0,943725642,2016755666,123833255,2018-08-09,delivered,109.9,22.07,131.97,credit_card,9.0,5.0,-9.0,0.0
3650415599,7731a91dd46b3556ca99d3b3c34373ef,1.0,808140199,3859071095,4120033478,2018-08-24,delivered,174.0,31.0,197.2358024691358,credit_card,4.0,5.0,-8.0,0.0
3741535312,7731a91dd46b3556ca99d3b3c34373ef,2.0,808140199,3304200972,2250123381,2018-08-24,delivered,69.0,1.45,78.21419753086418,credit_card,4.0,5.0,-8.0,0.0
107010015,28e7be9f5fc8bb93020385ec94b1db0b,1.0,2676754696,1419405798,4185397625,2018-08-27,delivered,27.81,16.47,44.28,credit_card,4.0,2.0,-1.0,0.0
1412276985,9769f28d910e7304d7bf0fcd32d8ecd6,1.0,3440066337,3794714258,4109304321,2018-07-25,delivered,139.0,25.77,163.87520833333335,credit_card,4.0,13.0,-2.0,0.0
3228973127,9769f28d910e7304d7bf0fcd32d8ecd6,2.0,3440066337,2192347487,4109304321,2018-07-25,delivered,149.0,25.77,175.6647916666667,credit_card,4.0,13.0,-2.0,0.0
629724845,adfdb27a08daee708353f76e9b690c75,1.0,276197952,2105439760,2900036235,2018-07-31,delivered,179.0,27.91,206.91,credit_card,6.0,8.0,-6.0,0.0
1691593027,198cbd4bd806061597b3f8fbdf126ad6,1.0,2203338313,1567030015,2812297156,2018-07-28,delivered,330.0,21.22,351.22,credit_card,10.0,10.0,-20.0,0.0
476707591,198cbd4bd806061597b3f8fbdf126ad6,2.0,2203338313,1567030015,2812297156,2018-07-28,delivered,330.0,21.22,351.22,credit_card,10.0,10.0,-20.0,0.0
1616283281,198cbd4bd806061597b3f8fbdf126ad6,3.0,2203338313,1567030015,2812297156,2018-07-28,delivered,330.0,21.22,351.22,credit_card,10.0,10.0,-20.0,0.0
3651867394,198cbd4bd806061597b3f8fbdf126ad6,4.0,2203338313,1567030015,2812297156,2018-07-28,delivered,330.0,21.22,351.22,credit_card,10.0,10.0,-20.0,0.0
2062226591,198cbd4bd806061597b3f8fbdf126ad6,5.0,2203338313,1567030015,2812297156,2018-07-28,delivered,330.0,21.22,351.22,credit_card,10.0,10.0,-20.0,0.0
976132974,b59907afa60164e884ce406116efc58d,1.0,1151021877,2006597125,357160637,2018-07-02,delivered,11.04,12.79,23.83,boleto,1.0,8.0,-10.0,0.0
2983277316,ad0c8220f99f61bf17c26f4732bda83a,1.0,1157891366,2480603570,3774023096,2018-07-05,delivered,39.9,18.38,58.28,credit_card,1.0,7.0,-19.0,0.0
4274630309,402c61cbd327813b4797dfcfaa08889f,1.0,465432843,2692148122,817416274,2018-07-25,delivered,179.0,14.83,193.83,debit_card,1.0,6.0,-8.0,0.0
3666596776,2276bb734e4633294d205c492f92ee24,1.0,2017213173,2324370903,1839514776,2018-07-31,delivered,180.0,14.47,194.47,credit_card,2.0,5.0,-10.0,0.0
3069321835,d8823f4e35f58bef4822771f326d6153,1.0,2544642424,3946594118,2627125470,2018-08-11,delivered,179.99,38.52,218.51,credit_card,8.0,9.0,-14.0,0.0
3455916626,965894a29e84a767db7030a6829aa075,1.0,351391499,557587542,2612393066,2018-07-02,delivered,34.9,17.17,52.07,credit_card,5.0,9.0,-25.0,0.0
1878727101,af00499b52c61ba01c141aa619499861,1.0,3783698952,2051979327,2235530015,2018-07-01,delivered,210.0,44.61,254.61,boleto,1.0,10.0,-6.0,0.0
2411848329,2b70d21ddc5dd76283f1ea40d68b4011,1.0,3820701839,3709943922,680493494,2018-07-27,delivered,64.9,11.47,76.37,credit_card,1.0,3.0,-7.0,0.0
3443082851,0d88db9608d798b5d604f668ca3c9bb6,1.0,1146168277,4167495680,3016182256,2018-07-23,delivered,189.0,9.48,198.48,credit_card,3.0,1.0,-8.0,0.0
2249533143,214e3e63d08a54a0670daa8ce72df870,1.0,4160195114,4007030905,1021285084,2018-07-16,delivered,129.9,50.43,180.33,boleto,1.0,14.0,-1.0,0.0
3024276117,cbc53400ab70c26079285e050d0dd7e1,1.0,2421480666,518007275,2629826490,2018-08-07,delivered,139.9,16.29,156.19,credit_card,2.0,9.0,-10.0,0.0
3231569020,90c8bde12aa6f80aa197224f08645a34,1.0,3592574092,221466656,4185397625,2018-07-20,delivered,28.0,14.51,42.51,credit_card,1.0,6.0,-8.0,0.0
1999111046,c22f4f00d48f26a217d8f07c7653b588,1.0,666214955,897577795,737969628,2018-07-05,delivered,114.9,23.6,138.5,credit_card,6.0,5.0,-16.0,0.0
3173008272,a17a3fb93e43abd822552a9f93b02c1e,1.0,3670344388,4010911302,2250123381,2018-08-22,delivered,93.0,13.31,106.31,credit_card,6.0,6.0,-6.0,0.0
2494390854,b45b66d3543568daaa1fe2290859d88a,1.0,1767101620,2091940572,2636346249,2018-07-05,delivered,21.99,7.41,29.4,credit_card,1.0,5.0,-8.0,0.0
1610929101,72729c533aa3957ddd96bcbc9237a49b,1.0,1439988687,1271628224,2248653413,2018-07-23,delivered,110.0,27.75,137.75,credit_card,2.0,10.0,-5.0,0.0
2907098558,790966b7cfcf6aedddb2f1d392da3306,1.0,2849451610,3969958778,1503930686,2018-08-11,delivered,166.9,13.47,180.37,voucher,1.0,4.0,0.0,0.0
2329999033,85463a351122352816fc7a395489cd0e,1.0,1360081220,2912026678,388368993,2018-07-23,delivered,28.9,7.88,38.2160973614236,boleto,1.0,2.0,-6.0,0.0
2088538326,85463a351122352816fc7a395489cd0e,2.0,1360081220,1242902777,3422743060,2018-07-23,delivered,19.99,7.88,26.433902638576395,boleto,1.0,2.0,-6.0,0.0
3960155850,d19eb4960a7c6f0146582f3cc7b46d43,1.0,1157471374,2800756217,1968527714,2018-08-16,delivered,120.0,17.66,142.075,credit_card,8.0,6.0,-19.0,0.0
166484045,d19eb4960a7c6f0146582f3cc7b46d43,2.0,1157471374,3751937098,1968527714,2018-08-16,delivered,72.0,17.66,85.245,credit_card,8.0,6.0,-19.0,0.0
3331159171,ae9c1a169307f41300da36a754117779,1.0,1617366088,3489139802,581044507,2018-08-18,delivered,175.0,13.89,188.89,credit_card,1.0,11.0,-12.0,0.0
2269292428,1046a71a57b33b4a92f9f932237f1ab0,1.0,695039821,3802166865,2656671748,2018-07-31,delivered,25.99,18.28,44.27,credit_card,1.0,3.0,-14.0,0.0
1981129039,da53145615b1d679fc6a9f3121d8bd85,1.0,4102429743,1724473650,2636346249,2018-08-16,delivered,19.69,8.3,27.99,credit_card,1.0,6.0,0.0,0.0
716995837,7b3eaa9c1b740e4f097d60f54aa44ede,1.0,2392453305,2608146566,91113541,2018-07-06,delivered,99.9,34.46,134.36,credit_card,5.0,6.0,-13.0,0.0
3367162921,3781ac3dce6816dac8729c87afbb910a,1.0,3658577907,4132471391,53223181,2018-08-22,delivered,59.99,7.68,0.0,unknown,0.0,2.0,-4.0,0.0
1623701734,ad9008d69a2c494944f2dedcb83efa56,1.0,1112899521,2865262672,2206307339,2018-07-12,delivered,59.0,11.43,70.43,credit_card,3.0,1.0,-17.0,0.0
4261491498,00526a9d4ebde463baee25f386963ddc,1.0,996328491,3210310558,1430230204,2018-08-07,delivered,33.89,8.4,42.29,credit_card,3.0,8.0,1.0,1.0
2717804310,00526a9d4ebde463baee25f386963ddc,2.0,996328491,3210310558,1430230204,2018-08-07,delivered,33.89,8.4,42.29,credit_card,3.0,8.0,1.0,1.0
1418827141,00526a9d4ebde463baee25f386963ddc,3.0,996328491,3210310558,1430230204,2018-08-07,delivered,33.89,8.4,42.29,credit_card,3.0,8.0,1.0,1.0
1031084749,00526a9d4ebde463baee25f386963ddc,4.0,996328491,3210310558,1430230204,2018-08-07,delivered,33.89,8.4,42.29,credit_card,3.0,8.0,1.0,1.0
3617974466,575fddcc90877446a5a777b509ac3786,1.0,2602408354,174750780,523493826,2018-07-10,delivered,122.99,21.13,144.12,credit_card,2.0,28.0,-15.0,0.0
1368664791,1a549ed2db2a9933e6c9a780064db2d9,1.0,151072216,2754042193,391897587,2018-07-17,delivered,7.99,18.23,26.22,boleto,1.0,8.0,-12.0,0.0
4014763407,87850ccd83d669cf004ea32dd917d6c4,1.0,953440671,3613947926,96764808,2018-07-19,delivered,169.9,22.99,0.0,unknown,0.0,10.0,-21.0,0.0
561699038,b92443e927b172234edc7c7ff4e74976,1.0,2579804052,2570340669,2566875709,2018-07-15,delivered,265.0,84.93,349.93,credit_card,10.0,11.0,-7.0,0.0
3212933808,8b0d9469bcbdd6061d09db72ad2a1d22,1.0,1348905904,50247468,177643490,2018-07-25,delivered,89.0,18.72,107.72,boleto,1.0,9.0,-11.0,0.0
1452056250,3c3e5bec9a05202ab008c05c55f951fc,1.0,3641795577,3525775204,935749508,2018-08-04,delivered,41.0,19.5,58.76864096010667,boleto,1.0,11.0,-2.0,0.0
2242962789,3c3e5bec9a05202ab008c05c55f951fc,2.0,3641795577,2041549578,935749508,2018-08-04,delivered,48.99,19.5,70.22135903989331,boleto,1.0,11.0,-2.0,0.0
2275312493,73e85a295c3028a2283eb8182a8ac56b,1.0,1356858138,4113005167,2487708955,2018-07-30,delivered,399.0,144.29,543.29,credit_card,1.0,28.0,5.0,1.0
3517489895,5a80679a6e63e622b23f79decee7187d,1.0,3816853432,4267274906,1799866159,2018-07-06,delivered,89.99,24.24,114.23,boleto,1.0,24.0,-16.0,0.0
3584045531,d199e989bbb5f7b410c1a717d589499e,1.0,3736181789,2568758405,3526794372,2018-07-30,delivered,16.89,11.84,20.37984201126529,credit_card,1.0,2.0,-22.0,0.0
1098720390,d199e989bbb5f7b410c1a717d589499e,2.0,3736181789,1159462542,1637578522,2018-07-30,delivered,55.9,3.2,67.45015798873472,credit_card,1.0,2.0,-22.0,0.0
3144640559,1de20a0990748db5dffe019f0cac3cc9,1.0,758983194,3001534418,854629258,2018-08-01,delivered,69.99,18.07,88.06,credit_card,8.0,5.0,-10.0,0.0
338448062,00611822267e76e0055c25c18506f06e,1.0,2993678263,2792192335,2507420777,2018-07-26,delivered,159.9,20.31,180.21,credit_card,3.0,5.0,-20.0,0.0
3922090984,9c044ffd93c708557b82ad51947070b6,1.0,678335669,3621970897,581044507,2018-08-10,delivered,155.0,19.19,174.19,credit_card,3.0,10.0,-15.0,0.0
3169505858,b66034dfd4925b13cbe0fad3f068e618,1.0,998673017,2281310105,3626123686,2018-08-08,delivered,79.0,12.28,91.28,credit_card,3.0,5.0,0.0,0.0
2387880043,856d6b7354ca57ce6a2865c9c5e9e6e7,1.0,356844829,1214452948,3196336592,2018-08-16,delivered,19.9,13.72,33.62,credit_card,1.0,8.0,-10.0,0.0
3176125651,c5b438d2be9a4bbfd2b0611d477a24b3,1.0,3109972364,2198273383,1813314038,2018-08-08,delivered,29.9,18.31,48.21,boleto,1.0,14.0,0.0,0.0
2207706348,e2ae0065226927a2f9a53f2f05b12c72,1.0,3096844292,4114507059,1994919736,2018-07-02,delivered,70.0,18.59,88.59,boleto,1.0,21.0,-3.0,0.0
4064098411,074a6843b445107d87cbfaa88e2e642f,1.0,3230452879,3440463503,2354683314,2018-07-22,delivered,28.9,12.86,41.76,boleto,1.0,8.0,-7.0,0.0
1707721578,89da5201b61556fe114c78cf188fb1e8,1.0,2262710596,3269397040,1912895863,2018-08-25,delivered,319.29,17.54,336.83,credit_card,5.0,5.0,-4.0,0.0
3068089466,d453150b728f3361801ca4a588bf9a86,1.0,1589759856,3460535142,726665638,2018-07-19,delivered,299.9,33.89,333.79,credit_card,1.0,5.0,-8.0,0.0
4056572247,ca68062131377687e13cfb41842fbac9,1.0,2401614541,3022756890,3095184679,2018-07-24,delivered,51.9,19.55,71.45,credit_card,3.0,7.0,-12.0,0.0
2738935827,ad01e26d29b4818ba6299d1356a130b7,1.0,1326445037,691575697,1026558515,2018-08-12,delivered,339.9,20.48,360.38,boleto,1.0,9.0,-15.0,0.0
1286423786,e1ae83c728cb5ab4352082e5509056ff,1.0,1261124617,3286585782,3667124800,2018-08-19,delivered,49.9,15.45,65.35,credit_card,4.0,4.0,-18.0,0.0
3308878440,30837e97d6e552e25ee411c7365bdbcd,1.0,2460536996,3634914483,1422228924,2018-07-15,delivered,229.0,15.18,244.18,debit_card,1.0,5.0,-10.0,0.0
2426609300,45ca85d3a9ce8406d3291753acce966d,1.0,3953552579,18299174,4197047986,2018-07-05,delivered,69.99,8.65,78.64,credit_card,1.0,4.0,-8.0,0.0
2029159651,27d17edfd5ccc5524ae9a11fa1d2daf9,1.0,3022399108,3478202829,918571473,2018-07-14,delivered,155.97,16.19,172.16,credit_card,5.0,24.0,-14.0,0.0
3995920938,ccb211459abb148401c4f7c596524cae,1.0,236550085,3263962381,1480205621,2018-08-11,delivered,249.9,16.85,266.75,credit_card,4.0,9.0,-15.0,0.0
3846391770,b76e1e63723d846f3382683973908122,1.0,468598601,2708253887,368619248,2018-07-18,delivered,128.0,19.0,147.0,boleto,1.0,6.0,-9.0,0.0
1327899149,591ab3b2136169cbcc8f86900519151c,1.0,3884488187,3080593450,2304947736,2018-08-24,delivered,149.0,8.3,157.3,credit_card,7.0,5.0,0.0,0.0
869279821,3d6649f7e65c20a889ba38be4a54fcd3,1.0,4275744616,3252349950,3868861908,2018-07-21,delivered,185.0,39.57,224.57,credit_card,3.0,9.0,-18.0,0.0
259997045,16c52c86f53dc9687fa8523fb92b7121,1.0,3618083983,1127842366,213195857,2018-08-15,delivered,56.9,11.42,68.32,boleto,1.0,2.0,-4.0,0.0
3796607255,46c43fa21f04b08b446b2bd3e06ae1a8,1.0,1311833627,2497209898,581044507,2018-08-07,delivered,199.6,38.31,237.91,credit_card,7.0,15.0,-19.0,0.0
1832015714,69ad607f304efff8c01f1d47e95c2f58,1.0,3927260272,3466647513,2248653413,2018-08-14,delivered,65.0,11.72,76.72,credit_card,7.0,3.0,-5.0,0.0
2336819581,64983642eb3a25ca54f4786f830b1d0f,1.0,3837211226,3357295988,3115096273,2018-07-13,delivered,58.99,26.71,85.7,credit_card,1.0,9.0,-9.0,0.0
3489991601,b02709d4e987b97b8713543629c82401,1.0,2722211829,3294468591,3346224960,2018-08-04,delivered,80.5,18.66,99.16,credit_card,1.0,5.0,-12.0,0.0
2192225403,418bafc9ec22366d00fdadab496b0215,1.0,3851363446,2704270240,1930594773,2018-07-30,delivered,32.0,19.13,51.13,credit_card,2.0,8.0,-10.0,0.0
2909954909,da8831dfbb89ea6b128840224899b348,1.0,1960882484,2961198396,486655703,2018-08-14,delivered,53.9,11.4,65.3,credit_card,3.0,1.0,-1.0,0.0
1434654507,c4292eea4a836266d4a601e1de343eec,1.0,3937132443,3420221311,123833255,2018-08-22,delivered,32.0,16.41,48.41,credit_card,1.0,5.0,-14.0,0.0
4081121637,c4292eea4a836266d4a601e1de343eec,2.0,3937132443,3420221311,123833255,2018-08-22,delivered,32.0,16.41,48.41,credit_card,1.0,5.0,-14.0,0.0
1231229179,43204c34d259bc75adc3de4d29d26684,1.0,3640565142,1833301599,581044507,2018-08-25,delivered,110.65,13.44,124.09,credit_card,10.0,5.0,-12.0,0.0
3031452202,cf40f4e7a565c0a50f13f0d95f3f3cc0,1.0,2479959786,3606320216,3643812432,2018-07-14,delivered,27.6,18.29,45.89,boleto,1.0,8.0,-14.0,0.0
1071885656,95c704fb2ac70f398a019de67a705ae8,1.0,3993163122,2928789662,2060950116,2018-08-05,delivered,65.0,25.0,82.67543859649123,credit_card,1.0,5.0,-5.0,0.0
3192353474,95c704fb2ac70f398a019de67a705ae8,2.0,3993163122,3784258636,2060950116,2018-08-05,delivered,49.0,6.0,62.32456140350877,credit_card,1.0,5.0,-5.0,0.0
314786696,a032ff0a07f573a5a759ff255b26788d,1.0,3592210004,3653052866,879502040,2018-07-31,delivered,89.9,18.93,108.83,credit_card,2.0,5.0,-3.0,0.0
3169558100,b644b094c23f3320d4d8386f40e092b2,1.0,1198045953,2382670986,549759410,2018-08-18,delivered,27.8,15.3,43.1,credit_card,4.0,5.0,-8.0,0.0
1555342897,ceebdce96388304b96726edf9115e1f3,1.0,481526164,16131071,3583083943,2018-08-23,delivered,44.06,18.11,62.17,credit_card,1.0,7.0,-7.0,0.0
1403637792,7fb803b61e1301dc6887ef9d54cfcf26,1.0,1272761474,1932939580,351595133,2018-07-26,delivered,1150.0,87.28,1237.28,credit_card,3.0,12.0,-17.0,0.0
3597893536,1e7e7546d7c254379fcbf4d36cc18589,1.0,720529271,2099064560,1464160362,2018-07-18,delivered,158.0,66.32,224.32,credit_card,2.0,7.0,-14.0,0.0
3143540525,8b5bc64e2f7c0a6f2e693d56b3aa74c9,1.0,1427343256,3519169227,87958484,2018-07-23,delivered,79.0,38.82,117.82,credit_card,2.0,9.0,-8.0,0.0
3489792373,1db9339678cf38d54dc39bd43d7de673,1.0,809926075,783829783,3671282910,2018-07-13,delivered,114.38,23.6,137.98,credit_card,10.0,11.0,-14.0,0.0
3787647245,d821b5e67b0018013d207479dfdfccd6,1.0,1182668213,1722694306,3720921821,2018-07-26,delivered,59.0,13.07,72.07,credit_card,1.0,5.0,-8.0,0.0
826555000,b456e477126924f8c462be6fbbbbfa73,1.0,3397019836,3868204063,2304947736,2018-08-24,delivered,55.0,7.65,62.65,credit_card,6.0,3.0,-2.0,0.0
1249394949,0ed1446f58635d09909c65b72da38267,1.0,235648822,3214473796,2572104452,2018-08-08,delivered,49.9,22.28,72.18,credit_card,5.0,6.0,-10.0,0.0
77427420,b4afb7b9e849ab4cdaa2bf9994ab7829,1.0,3392728984,3321232182,3267771422,2018-07-02,delivered,79.9,9.25,89.15,credit_card,1.0,2.0,-11.0,0.0
3994925949,d9290c1449b2c21f3c4b9efe267c8173,1.0,2242916198,3920684877,953091440,2018-08-16,delivered,79.0,13.21,92.21,credit_card,1.0,6.0,-19.0,0.0
1317098192,7bd04fdb3a54efa83cbf7320b1bb4b6f,1.0,1052138508,424811363,3460754279,2018-07-18,delivered,194.9,18.99,213.89,credit_card,4.0,13.0,-16.0,0.0
3812010397,2c35215a3c576f6e51d0012fb4a8cb3b,1.0,718056299,3722917705,953091440,2018-08-13,delivered,79.0,13.21,92.21,credit_card,1.0,7.0,-4.0,0.0
2989330721,3e36ac046e031f1d3e1f8ce6767c018c,1.0,785834922,947137430,3267771422,2018-08-02,delivered,26.9,7.45,34.35,credit_card,1.0,1.0,-3.0,0.0
3485039474,9e9d1406a904f8e28018211f22403b69,1.0,2004418702,887825307,2173695781,2018-07-15,delivered,139.0,75.77,214.77,credit_card,8.0,8.0,-10.0,0.0
1872692887,c87d92d5c64c70c79d7cadac8d53ee3a,1.0,1289049103,2353474349,1654754434,2018-08-22,delivered,139.9,16.05,155.95,boleto,1.0,5.0,-10.0,0.0
1976460611,d1902896db97466b224147cda743f3a8,1.0,1222484429,143113764,392238237,2018-07-22,delivered,159.9,60.35,220.25,credit_card,5.0,4.0,-13.0,0.0
861431960,21df4877f402eea02a4c1aab13411b1f,1.0,353463991,2321275013,20530047,2018-08-02,delivered,120.0,31.86,151.86,credit_card,1.0,6.0,-8.0,0.0
197778794,8b5525f36b49822ea7c5f37ffc94b66d,1.0,3849512337,953414036,167484701,2018-08-19,delivered,14.3,7.39,21.69,credit_card,1.0,4.0,-7.0,0.0
3075106588,a8f53fb2d23aa53494da639eaed2c172,1.0,1591548543,1280659689,2012735916,2018-07-18,delivered,59.99,44.41,104.4,credit_card,10.0,8.0,-7.0,0.0
2408614623,cd09c24e7f20280427dd7bf69a9d21db,1.0,2811793902,2263866021,368619248,2018-08-14,delivered,1240.0,102.63,1342.63,credit_card,10.0,3.0,-10.0,0.0
2720580089,766e7d95f42217e02fa7c85a8c97a862,1.0,2275221119,549834540,2023461531,2018-08-02,delivered,39.0,19.18,58.18,debit_card,1.0,12.0,-16.0,0.0
1675653764,931ca162115da049cd8d7872b3667163,1.0,1052069914,180027131,596468350,2018-08-25,delivered,68.0,14.06,82.06,credit_card,1.0,5.0,-6.0,0.0
661596150,b8d8f5e99979f7cbf541344ae12c8cf4,1.0,3306122313,382228588,2997337676,2018-07-29,delivered,527.9,63.98,591.88,credit_card,8.0,16.0,-36.0,0.0
425303134,c66e710fc8f55a69556bf33b68b19843,1.0,2843488066,3478202829,918571473,2018-07-12,delivered,154.91,16.18,171.09,credit_card,4.0,17.0,-18.0,0.0
627741042,893586a39118c946cd346581dd2d2d6b,1.0,2222707999,592096461,2304947736,2018-08-16,delivered,78.0,15.65,93.65,credit_card,4.0,15.0,2.0,1.0
3392380587,45ea2b89437b64de2c57f6651d35f451,1.0,372114383,2877750467,4055463965,2018-08-16,delivered,24.9,15.27,40.17,debit_card,1.0,11.0,-14.0,0.0
3239763097,58f608b30531278060213cc7926bc6f5,1.0,2721682316,1696919580,2636346249,2018-07-05,delivered,29.99,7.47,37.46,credit_card,1.0,7.0,-6.0,0.0
1162956363,1cfd0a0c01505644e6aa1e3c590adcb0,1.0,3286978416,2062316763,155332285,2018-08-18,delivered,139.9,8.72,148.62,credit_card,10.0,3.0,-7.0,0.0
4175075602,7941d209e6cbcf0948afb5692536bb7c,1.0,2926666043,2326265375,3521402238,2018-07-05,delivered,86.25,23.75,110.0,credit_card,4.0,7.0,-14.0,0.0
4227101223,9125562ef8d65ae1d7443c3d64d4a810,1.0,2634349528,1618205783,819761952,2018-07-22,delivered,75.0,19.72,94.72,credit_card,1.0,2.0,-15.0,0.0
1696195636,689dcb65c9cc37f74d83b547261117f0,1.0,2001943316,880070998,2622583364,2018-08-07,delivered,115.9,13.47,129.37,credit_card,3.0,6.0,-4.0,0.0
4110160524,095a4047965f98a409258e1db6c99e79,1.0,3844140424,3911641092,2173695781,2018-08-07,delivered,119.99,44.64,164.63,credit_card,12.0,6.0,-14.0,0.0
1368076555,5b5494339d3f8ae69e5527c481c75f80,1.0,3719146499,1402713882,3791208182,2018-08-14,delivered,29.9,7.63,37.53,credit_card,3.0,8.0,1.0,1.0
3585956353,d186bb303793c5c807a392fbd08e88f6,1.0,1634687835,2305879381,980641658,2018-08-05,delivered,31.25,7.96,39.21,credit_card,1.0,2.0,-9.0,0.0
1230180760,257a0d5445d4ae131816384009fbb954,1.0,2183356846,2086108680,1456299548,2018-07-25,delivered,345.95,37.65,383.6,credit_card,10.0,12.0,-7.0,0.0
3737326268,257a0d5445d4ae131816384009fbb954,2.0,2183356846,2086108680,1456299548,2018-07-25,delivered,345.95,37.65,383.6,credit_card,10.0,12.0,-7.0,0.0
3151583888,257a0d5445d4ae131816384009fbb954,3.0,2183356846,2086108680,1456299548,2018-07-25,delivered,345.95,37.65,383.6,credit_card,10.0,12.0,-7.0,0.0
3829580658,e14ff08a4c4bd0fb4ac0edeb17f47d5c,1.0,482297681,2609951366,4109428959,2018-08-14,delivered,11.87,7.39,19.26,boleto,1.0,14.0,0.0,0.0
1595944534,38cea9cee434d8caeca46e5b63002eb7,1.0,1255506752,3343603979,2722740119,2018-08-01,delivered,189.0,23.25,212.25,boleto,1.0,16.0,-13.0,0.0
4180955091,ab34db6c283d8f91f11773a52711c317,1.0,2573940894,3628875750,212815993,2018-08-10,delivered,168.99,8.6,177.59,credit_card,2.0,6.0,-5.0,0.0
4122570321,45cac4320420da8cf4dac44accae079a,1.0,4024870006,953578052,3051201525,2018-07-18,delivered,50.0,19.54,69.54,debit_card,1.0,13.0,-13.0,0.0
2499529740,6295deb0648081b2c69f620033fadc33,1.0,3814073020,101048405,2622583364,2018-08-12,delivered,98.0,13.35,111.35,credit_card,4.0,5.0,-5.0,0.0
1361414916,ae22bdc244206a1adac2358b09ad3ab0,1.0,1697167375,3104712386,1292371024,2018-07-20,delivered,40.0,22.21,62.21,credit_card,1.0,9.0,-25.0,0.0
2853925456,68b702d14874f15452c6b09eefe17ed2,1.0,549670530,3138985478,3554345266,2018-08-08,delivered,169.9,23.12,193.02,credit_card,1.0,19.0,-4.0,0.0
1049558031,7a485479dbdf94502e471dbd3329a4e4,1.0,3627776630,2446509122,2722740119,2018-08-10,delivered,139.0,19.07,158.07,credit_card,3.0,17.0,-8.0,0.0
1530759024,7a485479dbdf94502e471dbd3329a4e4,2.0,3627776630,2446509122,2722740119,2018-08-10,delivered,139.0,19.07,158.07,credit_card,3.0,17.0,-8.0,0.0
3644281634,972e7938b32b93b78bf5faf4358ad5fe,1.0,3984319558,3545611960,2304947736,2018-07-24,shipped,55.0,15.49,70.49,credit_card,2.0,,,
3623572946,32ddbd4844f4963945fcecc9129d6fb8,1.0,3320852156,82888122,212815993,2018-08-22,delivered,112.99,18.89,131.88,debit_card,1.0,8.0,-11.0,0.0
3120325006,d008e845c1ba7ffcf8fbf42c4e412cbf,1.0,1490955815,1744834494,261066546,2018-07-31,delivered,109.9,9.28,119.18,credit_card,3.0,2.0,-1.0,0.0
270381967,2d8c6a0636c9a72f13e97543097ed1cf,1.0,3002634038,1935347591,3643812432,2018-08-09,delivered,138.6,16.07,154.67,credit_card,1.0,11.0,-8.0,0.0
1537505344,cf4659487be50c0c317cff3564c4a840,1.0,2237805675,2933711575,2520605551,2018-07-02,delivered,175.0,299.16,474.16,boleto,1.0,13.0,-16.0,0.0
3585720930,cf4659487be50c0c317cff3564c4a840,2.0,2237805675,2933711575,2520605551,2018-07-02,delivered,175.0,299.16,474.16,boleto,1.0,13.0,-16.0,0.0
3427711140,cf4659487be50c0c317cff3564c4a840,3.0,2237805675,2933711575,2520605551,2018-07-02,delivered,175.0,299.16,474.16,boleto,1.0,13.0,-16.0,0.0
1649050969,cf4659487be50c0c317cff3564c4a840,4.0,2237805675,2933711575,2520605551,2018-07-02,delivered,175.0,299.16,474.16,boleto,1.0,13.0,-16.0,0.0
193344288,cf4659487be50c0c317cff3564c4a840,5.0,2237805675,2933711575,2520605551,2018-07-02,delivered,175.0,299.16,474.16,boleto,1.0,13.0,-16.0,0.0
3568538508,cf4659487be50c0c317cff3564c4a840,6.0,2237805675,2933711575,2520605551,2018-07-02,delivered,175.0,299.16,474.16,boleto,1.0,13.0,-16.0,0.0
1721346235,076291ccc60bbd19ff77babbb78324d5,1.0,1692718806,2058524548,387984413,2018-08-15,delivered,232.9,37.71,270.61,credit_card,9.0,7.0,-6.0,0.0
3367821467,13fc19d5bc2bd52fce8baeb3f31e5dd6,1.0,2768330760,3008450872,1138917008,2018-07-19,delivered,44.0,13.65,57.65,credit_card,2.0,7.0,-24.0,0.0
3506054084,44ba35a187b315445132d3433f8a52e6,1.0,3757529460,3420221311,123833255,2018-08-22,delivered,32.0,8.97,40.97,credit_card,4.0,2.0,-4.0,0.0
750449407,b40657a8b73e674b61107a06e46b6f8d,1.0,2629294884,1895046346,3526770996,2018-08-02,delivered,10.0,8.47,18.47,credit_card,3.0,5.0,1.0,1.0
887838703,b40657a8b73e674b61107a06e46b6f8d,2.0,2629294884,1895046346,3526770996,2018-08-02,delivered,10.0,8.47,18.47,credit_card,3.0,5.0,1.0,1.0
4194590385,884b42885f11cac2abce880659eb1b0b,1.0,4139641257,2133789508,447945570,2018-08-14,delivered,32.9,12.53,45.43,credit_card,4.0,10.0,2.0,1.0
242526982,09a5c8d751662bfb96c5a3307619cb36,1.0,3099589855,461801977,3055262203,2018-07-30,delivered,199.0,14.42,215.4975574712644,credit_card,7.0,3.0,-10.0,0.0
205252064,09a5c8d751662bfb96c5a3307619cb36,2.0,3099589855,1875648187,3055262203,2018-07-30,delivered,149.0,14.43,161.35244252873565,credit_card,7.0,3.0,-10.0,0.0
1545952915,d3abd72db4f9d182cf59e936ef0baf5a,1.0,2373969966,74946334,2870196462,2018-08-15,delivered,8.6,15.23,23.83,debit_card,1.0,6.0,-21.0,0.0
89075370,6826d5740591909e368433e2a5ec75fb,1.0,4221578382,1277146863,295331037,2018-08-02,delivered,9.88,13.47,23.35,credit_card,2.0,5.0,-9.0,0.0
117191075,5e8c030bf29e47b0ad1f3d21299793cf,1.0,87759443,3408126209,2629314654,2018-08-10,delivered,19.99,18.24,0.0,unknown,0.0,6.0,-8.0,0.0
3715093850,1e3f2509cd71acdf7490e4a3a2fa6e18,1.0,1776988830,3944705246,1579174796,2018-08-14,delivered,47.99,19.53,67.52,credit_card,3.0,3.0,-11.0,0.0
3145934844,47af3c45ff89024653aa5c3cd617077e,1.0,1717536423,184834625,2250123381,2018-08-24,delivered,19.0,12.79,31.79,credit_card,1.0,6.0,-11.0,0.0
3136547821,89d37adb3389844ab085bbd81f541f00,1.0,200593314,269002431,1572386826,2018-07-20,delivered,214.0,23.43,237.43,credit_card,4.0,13.0,-18.0,0.0
137607576,369d712be6f3792951adcc38c6762157,1.0,594818440,3936218533,2127264097,2018-08-22,delivered,42.9,13.6,56.5,credit_card,1.0,1.0,-7.0,0.0
3393953831,369d712be6f3792951adcc38c6762157,2.0,594818440,3936218533,2127264097,2018-08-22,delivered,42.9,13.6,56.5,credit_card,1.0,1.0,-7.0,0.0
2980107910,cd81b7b31890c8ba170157abdfcd941f,1.0,1526489198,3452738577,2681412629,2018-07-21,delivered,49.99,7.61,57.6,credit_card,1.0,3.0,-9.0,0.0
2706672486,c11d8a6bf50d7ce1fc92fd3844526e25,1.0,379141461,3567067355,1573069542,2018-08-09,delivered,12.0,19.04,31.04,credit_card,1.0,18.0,-28.0,0.0
1741176124,c11d8a6bf50d7ce1fc92fd3844526e25,2.0,379141461,3567067355,1573069542,2018-08-09,delivered,12.0,19.04,31.04,credit_card,1.0,18.0,-28.0,0.0
2734760810,c11d8a6bf50d7ce1fc92fd3844526e25,3.0,379141461,3567067355,1573069542,2018-08-09,delivered,12.0,19.04,31.04,credit_card,1.0,18.0,-28.0,0.0
777627230,a0f2f8b0523207a13f02225bc812ed23,1.0,661490431,3314297384,3374723997,2018-07-31,canceled,66.3,7.88,74.18,credit_card,1.0,,,
1993618274,2192c6f4e9ece5c4e0091fd7f4dc4456,1.0,3431717099,867310019,2716994600,2018-07-26,delivered,580.27,23.25,603.52,credit_card,3.0,4.0,-15.0,0.0
3829403145,7258f5b1cf840900c133d9f7192b7a84,1.0,2119071055,3478202829,918571473,2018-07-09,delivered,194.9,8.62,203.52,credit_card,2.0,5.0,-12.0,0.0
3646258848,4973b3b81af1585534c0b3de209acec6,1.0,877350322,861744435,1868809992,2018-08-15,delivered,162.8,45.06,207.86,credit_card,4.0,13.0,-13.0,0.0
3391716454,5601fa41e5818b9941a6bdd21978b6ac,1.0,1557299383,444361721,1782108900,2018-08-20,delivered,17.9,15.58,25.277928544752893,credit_card,10.0,4.0,-12.0,0.0
570870220,5601fa41e5818b9941a6bdd21978b6ac,2.0,1557299383,2278435305,1117484406,2018-08-20,delivered,89.06,3.9,125.76828582098842,credit_card,10.0,4.0,-12.0,0.0
1205401806,5601fa41e5818b9941a6bdd21978b6ac,3.0,1557299383,444361721,1782108900,2018-08-20,delivered,17.9,15.58,25.277928544752893,credit_card,10.0,4.0,-12.0,0.0
2881403816,5601fa41e5818b9941a6bdd21978b6ac,4.0,1557299383,444361721,1782108900,2018-08-20,delivered,17.9,15.58,25.277928544752893,credit_card,10.0,4.0,-12.0,0.0
1096016998,5601fa41e5818b9941a6bdd21978b6ac,5.0,1557299383,444361721,1782108900,2018-08-20,delivered,17.9,15.58,25.277928544752893,credit_card,10.0,4.0,-12.0,0.0
3298763396,1a449404ebac257b30cbe56e6500d36f,1.0,1590610034,545984355,819761952,2018-08-14,delivered,99.9,31.57,131.47,boleto,1.0,7.0,-13.0,0.0
626713479,1c4b283e95602be28c975207016558f1,1.0,3507115516,1337518229,2636346249,2018-07-31,delivered,24.99,12.84,37.83,boleto,1.0,7.0,-6.0,0.0
1495369627,a1f0d7a839bac074bdbd34af57df3522,1.0,446890500,2262793871,2627125470,2018-08-11,delivered,134.99,23.67,158.66,credit_card,2.0,6.0,-19.0,0.0
4248978419,414b9060105f0e1590abf0d629738326,1.0,1337658724,2669220802,3393462886,2018-08-12,delivered,169.9,19.29,189.19,credit_card,1.0,5.0,-7.0,0.0
1474082818,e2517c46af17605588f75af07711020e,1.0,2927519644,4202352170,3632234477,2018-07-15,delivered,99.9,22.63,122.53,credit_card,2.0,12.0,-6.0,0.0
576230123,0ad9d4e4f4c9746b59ddb9c18d30d241,1.0,2275030685,1092121436,1379301944,2018-08-02,delivered,100.0,51.42,151.42,credit_card,1.0,12.0,-22.0,0.0
1462863499,037ce5266460af220f19d497b130e737,1.0,491126448,3181889883,1919968767,2018-07-27,delivered,110.32,8.03,118.35,credit_card,1.0,5.0,-7.0,0.0
4157476973,ab51bb38b6e7c106b180842ccae7c07e,1.0,2508228342,3039721405,2823580135,2018-08-08,delivered,78.0,19.74,97.74,credit_card,4.0,7.0,-5.0,0.0
1108140472,6afd909a05ed31cc089bc63300ffc2e1,1.0,1576057620,3154776892,84469676,2018-07-25,delivered,49.9,13.01,62.91,credit_card,1.0,7.0,-6.0,0.0
726813800,22123477211e85bfeb19060481d02135,1.0,3041307773,420787796,3521477845,2018-08-08,delivered,89.9,19.82,109.72,credit_card,10.0,8.0,-6.0,0.0
905932828,2ce193276df0831b86cf55d9c47ce8a8,1.0,197888755,2944240992,1615213775,2018-07-13,delivered,40.35,19.47,59.82,credit_card,5.0,9.0,-21.0,0.0
3995581931,63154c299d1199262f60527437e156a5,1.0,4212077698,4277906029,726665638,2018-08-06,delivered,328.9,142.49,471.39,credit_card,10.0,9.0,-5.0,0.0
570262357,63154c299d1199262f60527437e156a5,2.0,4212077698,4277906029,726665638,2018-08-06,delivered,328.9,142.49,471.39,credit_card,10.0,9.0,-5.0,0.0
2699540864,dfe7353903177f63322383393e2111bc,1.0,2284342660,143113764,392238237,2018-07-08,delivered,159.9,60.35,220.25,credit_card,7.0,5.0,-14.0,0.0
940802978,9344079d5fbb7dd79af908b7eb667db7,1.0,1734597482,2184663182,1755005248,2018-08-28,delivered,169.0,19.13,188.13,boleto,1.0,2.0,-4.0,0.0
544884602,65fe7f2628dd3b6f2d27c15d098517d7,1.0,4059882924,9534287,1379301944,2018-08-24,delivered,28.82,8.89,37.71,credit_card,1.0,4.0,-2.0,0.0
1446230597,aa4bd1aa4ff7249ea156343f704478a0,1.0,1163485789,3851213091,2592359954,2018-08-18,delivered,84.9,18.69,103.59,debit_card,1.0,6.0,-19.0,0.0
702545508,2cbc46ff3ce1f5fb3c5ccdce7157b8fb,1.0,856357483,2518283899,3186732875,2018-07-15,delivered,89.9,18.43,108.33,credit_card,6.0,8.0,-16.0,0.0
3445434343,9ea96fb95e4f5580a50a0dca1e9ae212,1.0,3500410009,3341796654,1568244061,2018-07-31,delivered,44.05,18.11,62.16,credit_card,1.0,4.0,-9.0,0.0
3368537868,54243ef50fa7c7f650224a26f43bb90c,1.0,3557251306,830586459,3968462480,2018-07-01,delivered,97.0,21.98,118.98,credit_card,2.0,10.0,-23.0,0.0
4205380157,ae86d34df00588adb32b46f5019f7516,1.0,427356609,3561404005,2304947736,2018-07-18,delivered,55.0,15.49,70.49,credit_card,1.0,6.0,-8.0,0.0
2689910348,3399f91082946658c51c68a6562560ff,1.0,1862620686,4163721716,3147574442,2018-07-22,delivered,149.0,34.8,183.8,credit_card,6.0,8.0,-13.0,0.0
3521629003,243fd4d4dbddf371c229a0122ac3e661,1.0,3180591447,2074031078,1734769477,2018-08-15,delivered,109.9,23.57,133.47,boleto,1.0,7.0,-5.0,0.0
158781170,bfdc35e6060f9b6cd2227b660dfc3b70,1.0,4235533737,4189905279,2622583364,2018-08-10,delivered,190.0,13.99,203.99,boleto,1.0,5.0,-9.0,0.0
363746862,a70e2a7c5779986b66893322855c4932,1.0,3687752081,1075398806,3856277923,2018-08-02,delivered,53.99,7.64,61.63,boleto,1.0,4.0,-2.0,0.0
4031474521,a70e2a7c5779986b66893322855c4932,2.0,3687752081,1075398806,3856277923,2018-08-02,delivered,53.99,7.64,61.63,boleto,1.0,4.0,-2.0,0.0
2902575098,5f9c46986c8990debd941ac4f936e95d,1.0,1101953726,2958309855,854629258,2018-07-23,delivered,99.9,46.98,146.88,boleto,1.0,22.0,5.0,1.0
2796277972,54623479e83b4d90c3a3087c34a95187,1.0,2132929982,879779746,1550185782,2018-08-21,delivered,59.99,18.22,78.21,boleto,1.0,8.0,-7.0,0.0
2665067025,1f7e72019fe94655c9b15feae3c2b2b5,1.0,430318120,224851702,3633342575,2018-08-17,delivered,15.9,7.39,23.29,debit_card,1.0,4.0,-2.0,0.0
1455983154,1f7e72019fe94655c9b15feae3c2b2b5,2.0,430318120,224851702,3633342575,2018-08-17,delivered,15.9,7.39,23.29,debit_card,1.0,4.0,-2.0,0.0
1493415826,6a9ea3a6a0a791f6c34b8145d6cbd42a,1.0,72941742,1521469331,447945570,2018-08-04,delivered,310.0,9.43,319.43,debit_card,1.0,4.0,-5.0,0.0
2669358783,4455bffefa49b2524e0291440b78b02d,1.0,3553171701,98179416,2533375300,2018-07-22,delivered,24.9,18.27,43.17,credit_card,1.0,8.0,-21.0,0.0
2519250379,8e1b263d5e8ddea4e42b96cc5fb0edc2,1.0,2071274431,3567882326,3342868299,2018-08-17,delivered,72.0,10.0,81.995,credit_card,1.0,11.0,-36.0,0.0
2056539096,8e1b263d5e8ddea4e42b96cc5fb0edc2,2.0,2071274431,3567882326,3342868299,2018-08-17,delivered,72.0,10.0,81.995,credit_card,1.0,11.0,-36.0,0.0
3116252421,12e253a6a65d9b9dc662a314f8c72fae,1.0,317251354,2075357802,3594951384,2018-08-05,delivered,219.0,19.58,238.58,credit_card,4.0,3.0,-7.0,0.0
647879409,1469262ec8414d0e3f821bda79cf14cc,1.0,2990145516,2647650628,22166516,2018-07-16,canceled,38.9,15.37,54.27,boleto,1.0,,,
4297837,790e5c5eb160ea3d606d62c2187b3e6b,1.0,381264670,881224272,2154000458,2018-08-20,delivered,43.99,13.89,57.88,credit_card,2.0,8.0,-3.0,0.0
3884683651,2799a10e833b3292c509a981e273c4ef,1.0,3245575605,2020098636,2339751197,2018-07-20,delivered,118.89,14.13,133.02,boleto,1.0,4.0,-7.0,0.0
1352481246,6f160d3d9d471193fdc5aa47198ce815,1.0,4198497014,2497209898,581044507,2018-07-30,delivered,185.0,19.4,204.4,credit_card,7.0,8.0,-14.0,0.0
1619728883,0c9f9c0fc3c5d9e40e88bbb5910042bb,1.0,83119981,1150114816,1716536501,2018-08-18,delivered,48.9,9.09,57.99,credit_card,1.0,3.0,-6.0,0.0
1553377031,1a57b61de931e82f09abf18a41271ac0,1.0,3604622402,4253853956,3659481684,2018-08-09,delivered,64.89,23.17,88.06,credit_card,1.0,11.0,-31.0,0.0
4047954704,dd804880e8bbe570f05a48fe008632e2,1.0,2008861052,2829777112,229483877,2018-07-01,delivered,89.9,7.89,97.79,credit_card,9.0,3.0,-14.0,0.0
3096293958,c9c382f83e175303a797ca7de7240679,1.0,4230430940,1119561761,581044507,2018-08-14,delivered,157.0,13.76,170.76,credit_card,8.0,7.0,-8.0,0.0
670345559,4c5d211b472b4169ab861de4517d16a0,1.0,4150590836,2160894978,1672091742,2018-07-30,delivered,29.99,50.93,80.92,credit_card,3.0,10.0,-8.0,0.0
4184549921,0ee8b349c2365dd4a396a819fc586cc1,1.0,954340409,1176691764,3728838497,2018-08-15,delivered,177.0,51.96,228.96,credit_card,8.0,8.0,-25.0,0.0
452893144,cc129041e3294026c267be4f2d551fff,1.0,3557347235,96427599,3475278273,2018-07-05,delivered,59.9,12.15,72.05,debit_card,1.0,5.0,-10.0,0.0
906525534,0f213d7015dad47737aecd4d7403f919,1.0,380460026,3612541456,3404539086,2018-08-03,delivered,175.06,19.03,194.09,credit_card,8.0,21.0,9.0,1.0
2518627809,c78b50d1c5ddfed2a5394dd0e90c4e99,1.0,3891985451,2391573896,1577801571,2018-07-10,delivered,56.54,7.66,64.2,voucher,1.0,2.0,-6.0,0.0
3509897343,5ce13e60c6c8f2bad1ea6a41c2b6451f,1.0,1086528489,1805018572,3664770205,2018-08-20,delivered,215.0,24.66,239.66,debit_card,1.0,6.0,-9.0,0.0
2196354939,c323f00d4d5c7dd40983179c0ca14894,1.0,2007938403,596427865,1008270582,2018-08-12,delivered,115.99,27.11,143.1,credit_card,3.0,12.0,-10.0,0.0
2840635981,a2b510cbf99b001ef7b7a9aacc9789a8,1.0,957265208,251790685,1235607158,2018-08-03,delivered,79.9,37.47,117.37,credit_card,1.0,11.0,-2.0,0.0
3487447919,c5a2f330a53172144cc43fba697c2e8f,1.0,2965435289,3625667495,1868809992,2018-08-08,delivered,225.0,20.0,244.995,credit_card,9.0,11.0,-31.0,0.0
1276849644,c5a2f330a53172144cc43fba697c2e8f,2.0,2965435289,3625667495,1868809992,2018-08-08,delivered,225.0,20.0,244.995,credit_card,9.0,11.0,-31.0,0.0
2434042443,50bfdb0627807130b8f989106c985a75,1.0,1832236801,588279463,1430230204,2018-08-07,delivered,63.0,18.99,81.99,credit_card,8.0,2.0,-27.0,0.0
2785628299,cd237ee594c1e46dd6a74724995d4a65,1.0,1547400012,817338679,2568734496,2018-07-13,delivered,159.0,44.91,0.0,unknown,0.0,10.0,-9.0,0.0
3698847522,c1ca4dea0d87cd383f5790fa7a5bd78f,1.0,1070433418,229147070,926823165,2018-07-16,delivered,18.9,15.23,34.13,credit_card,3.0,4.0,-11.0,0.0
3500256387,bca438a94b0b58bd0f7a15666e522042,1.0,366172665,630741206,3970389012,2018-07-16,delivered,55.0,18.49,0.0,unknown,0.0,7.0,-10.0,0.0
1695685166,a9493527e59e8341b49a5d0a41b0623b,1.0,4104469522,3468287930,3381238893,2018-08-04,delivered,12.06,12.79,24.85,credit_card,1.0,4.0,-12.0,0.0
287619122,1d0ec3f28fc4f0dfe429d70f0f2acf7f,1.0,3708627482,1241208376,2023461531,2018-08-18,delivered,79.99,15.66,95.65,boleto,1.0,9.0,-9.0,0.0
3176595648,bb1471d7b9aedd3bafa3f2dd40db59de,1.0,1042746999,4271435343,2622583364,2018-08-12,delivered,209.9,19.57,229.47,credit_card,8.0,4.0,-11.0,0.0
2815437776,26b5d26aa210d44b8a3f2310d32643f6,1.0,3822687058,1708393551,1626002265,2018-07-05,delivered,35.0,15.32,50.32,boleto,1.0,19.0,-5.0,0.0
1865575037,26b5d26aa210d44b8a3f2310d32643f6,2.0,3822687058,1708393551,1626002265,2018-07-05,delivered,35.0,15.32,50.32,boleto,1.0,19.0,-5.0,0.0
2661532565,083f267075b03a6cd837f4faa2c7b881,1.0,3736673236,174750780,523493826,2018-07-04,shipped,122.99,21.13,144.12,credit_card,2.0,,,
3938217066,9a161af1014bfe03c925a3ebf67a67ec,1.0,1188510916,1431162149,2911192595,2018-08-22,delivered,272.01,18.83,0.0,unknown,0.0,6.0,-6.0,0.0
3476261943,44900db49b182f4c5488152220bed716,1.0,2273845420,1296699883,305748041,2018-08-05,delivered,59.9,24.77,84.67,credit_card,5.0,24.0,-19.0,0.0
2715501175,3615e42c9ff6c0d9bb86e14c6670d965,1.0,1979416579,134579133,2200182065,2018-08-14,delivered,96.0,12.97,108.97,boleto,1.0,2.0,-4.0,0.0
3014373909,375aac0ed45f117fefb4e511189306d4,1.0,2039620690,1366444690,2113707034,2018-08-06,delivered,85.5,19.79,105.29,credit_card,6.0,9.0,-1.0,0.0
306276529,deea565ebe3196a7408232c8bb0ddc0b,1.0,2196030751,569045908,3346887068,2018-07-22,delivered,121.03,11.87,132.9,credit_card,1.0,2.0,-9.0,0.0
3469329671,7ad517358a6ed9836dacf1bd7cc9dab2,1.0,4246263989,441094769,519564207,2018-07-25,delivered,95.0,23.47,118.47,credit_card,1.0,5.0,-15.0,0.0
3324596490,7d6dd21206d2e43674aa0c6b6e573cf6,1.0,279386001,2956390354,3393462886,2018-07-31,delivered,129.9,24.06,153.96,credit_card,6.0,3.0,-20.0,0.0
509904693,ae0c769d416e6948678cba4fdf4f43c9,1.0,4103843394,2413621728,2250123381,2018-08-24,delivered,79.0,18.65,97.65,credit_card,1.0,5.0,-13.0,0.0
1987294679,536a2dbf28ababa5342b510c8f923472,1.0,1997471471,3138985478,3554345266,2018-08-14,delivered,179.9,19.36,199.26,credit_card,2.0,8.0,-15.0,0.0
126870997,9b4d22bcdc311314f200a33d155c6223,1.0,974227699,2943935365,91315182,2018-07-04,delivered,135.0,11.97,146.97,boleto,1.0,6.0,-7.0,0.0
995178413,9b4d22bcdc311314f200a33d155c6223,2.0,974227699,2943935365,91315182,2018-07-04,delivered,135.0,11.97,146.97,boleto,1.0,6.0,-7.0,0.0
3124118274,2118150cee01ae2de04990d1ec2d748f,1.0,1279588148,724892366,3037927932,2018-07-28,delivered,179.0,23.18,202.18,credit_card,4.0,18.0,-13.0,0.0
3509616802,2591cfc04214495607525020ec87652a,1.0,3539294937,2773148603,819761952,2018-07-09,delivered,89.49,22.56,112.05,credit_card,1.0,7.0,-21.0,0.0
1059652765,7ef5eac7150ae4458bcfe5e3151a8f1f,1.0,197987400,3688370780,3473894114,2018-07-20,delivered,32.9,19.42,52.32,credit_card,1.0,5.0,-26.0,0.0
881605168,5b74abebfd5bc1d137d7ade71c5cfd36,1.0,1298266599,4237942653,655950489,2018-08-24,delivered,44.9,13.89,58.79,credit_card,1.0,4.0,-15.0,0.0
2250332073,d888f4591d9dd27281a58331a6a9db93,1.0,529854884,4294399807,2308685613,2018-08-08,delivered,86.0,15.7,101.7,credit_card,2.0,7.0,-8.0,0.0
1676510408,95090e36b7613cf8e45f25317cae256a,1.0,3289525651,1676070418,3851041961,2018-07-25,delivered,33.9,18.34,52.24,credit_card,1.0,6.0,-14.0,0.0
1804881896,bc35b6af8ce28ad350dce0b0af64a28e,1.0,1239612533,3616676583,3267771422,2018-07-14,delivered,24.9,18.27,43.17,credit_card,4.0,9.0,-13.0,0.0
2196780400,a5e8a66d24ac5735531a3eaad092730f,1.0,1184601256,16182164,1138781032,2018-08-15,delivered,129.98,23.71,153.69,debit_card,1.0,7.0,-6.0,0.0
3803694168,6458722841a6fe2a74274bf02583f105,1.0,2477395263,2368046688,1868809992,2018-08-09,delivered,196.8,27.68,224.48,credit_card,2.0,12.0,-10.0,0.0
1012924752,7d8e703e70fd43aad80bd4b5d6a7b14d,1.0,1940215547,1401731002,2601339043,2018-08-18,delivered,59.9,19.61,79.51,credit_card,1.0,5.0,-13.0,0.0
339492833,a6cd7cac7ee11538a78649066487e0ca,1.0,1036139851,2967536977,1755005248,2018-07-01,delivered,249.9,65.12,315.02,credit_card,10.0,25.0,-5.0,0.0
434551388,c18b6204ad61e6f20f2681af7cce007f,1.0,4168588341,3922433150,552780722,2018-08-01,delivered,215.0,10.02,225.02,credit_card,3.0,1.0,-3.0,0.0
836863780,2bf9fdd42a3609f2c440bec186b10ff7,1.0,3771372705,2399562914,817416274,2018-08-21,delivered,459.0,31.99,490.99,credit_card,10.0,6.0,-25.0,0.0
3300259441,7e772cb45f952aa56139d1cce1c308dd,1.0,1531174286,4191374140,58373499,2018-07-29,delivered,49.65,23.15,72.8,credit_card,3.0,7.0,-36.0,0.0
1317233392,17d8bb8daefb337fdf4be46cc3e7a015,1.0,1123603115,3947357930,2073919491,2018-07-09,delivered,68.0,7.74,75.74,credit_card,2.0,1.0,-12.0,0.0
2579988604,d1632cdbf90f11c2d5fa53d5c3deeadf,1.0,2264940373,1831220184,1018512585,2018-07-09,delivered,79.9,8.72,88.62,credit_card,8.0,3.0,-6.0,0.0
1274117488,8eabb0219281482f84013cbc8a4e5364,1.0,11911357,1853442895,3681701886,2018-07-16,delivered,49.9,9.1,59.0,boleto,1.0,21.0,11.0,1.0
3992750470,215e5233d56b418ea25a08ca57b67619,1.0,4198678528,3361113650,3734320862,2018-07-31,delivered,39.99,12.94,52.93,credit_card,2.0,7.0,-7.0,0.0
1889615220,7feef5128350d0b84c9b26309b475e8c,1.0,1792015675,1674287090,2261194409,2018-08-17,delivered,129.9,15.22,145.12,debit_card,1.0,7.0,-6.0,0.0
3808043392,62fe4763f75b8c61cc111e465211c08c,1.0,610221679,1159495169,3774348967,2018-08-06,delivered,287.0,10.76,297.76,boleto,1.0,4.0,1.0,1.0
2868840095,0e520b5aa77bac2965d232c9a023229d,1.0,21987915,1001718668,3903401908,2018-08-03,delivered,269.0,19.68,288.68,debit_card,1.0,4.0,-14.0,0.0
2514997148,4328a3227949bd5087871131a3e852a1,1.0,1203820884,2788952506,1524586005,2018-07-30,delivered,35.9,8.41,44.31,credit_card,1.0,15.0,7.0,1.0
2245160802,7f7ecce97b3b42d8f61c14fd46a50593,1.0,3651952253,1523581571,3067264533,2018-08-19,delivered,129.49,18.71,148.2,credit_card,6.0,8.0,-15.0,0.0
3550901936,790e4dbb16093464e8d8e26035df5523,1.0,1860628013,2339231809,4280233034,2018-07-30,delivered,115.0,18.91,133.91,credit_card,2.0,4.0,-13.0,0.0
4196063660,db9cf376e67dbdfc53109dce1354745b,1.0,4253013740,4059042436,3366215599,2018-08-08,delivered,129.9,40.1,170.0,debit_card,1.0,12.0,-7.0,0.0
232257119,0420da8d50a3784011290a782f25a8a8,1.0,2934162111,1590843136,3770405468,2018-08-09,delivered,59.9,14.73,0.0,unknown,0.0,7.0,-5.0,0.0
510556799,d32d584f32319a9b013c05fd83400831,1.0,2327032191,3149829927,3633342575,2018-08-05,delivered,20.39,7.4,27.79,credit_card,2.0,1.0,-2.0,0.0
128585289,117db2f85d3f438fa92b5e9cb579e7a9,1.0,3004732701,4197710734,2007304586,2018-07-03,delivered,199.0,18.32,217.32,credit_card,3.0,21.0,-1.0,0.0
4197370590,3bd9055cde8c3ff6e14396459c776cbf,1.0,2938193366,1570037966,3404539086,2018-08-12,delivered,111.27,15.88,127.15,credit_card,3.0,6.0,-4.0,0.0
2476341949,58ded2fbeab30e8d3f53d888277f6b2e,1.0,1568307067,1816939174,1550185782,2018-07-01,delivered,89.99,11.65,101.64,credit_card,2.0,9.0,-7.0,0.0
3976499778,96a056333b6517f334ac928d91dc7e15,1.0,2848939234,2253741268,3671282910,2018-08-12,delivered,52.61,19.56,72.17,credit_card,3.0,17.0,-28.0,0.0
2373867444,af2a45bf678ca2d4d9f78d43503d0cb7,1.0,2203545468,1345667356,1755005248,2018-08-15,delivered,99.0,49.2,148.2,boleto,1.0,7.0,-21.0,0.0
1616477127,5aaecad5e5cba1ebc5ba1d2b22c98d7a,1.0,1418552808,293199241,2533375300,2018-07-13,delivered,19.9,13.48,33.38,credit_card,1.0,11.0,-13.0,0.0
3471166500,8bab0782e1f2a9fdc338a883c124f75b,1.0,3686521370,1331284846,3016182256,2018-07-27,delivered,179.0,13.91,192.91,boleto,1.0,6.0,-12.0,0.0
3399690772,7d09831e67caa193da82cfea3bee7aa5,1.0,2370397103,3286585782,3667124800,2018-08-05,delivered,49.9,15.45,65.35,credit_card,1.0,50.0,36.0,1.0
798860748,d895b69ba0803a2ebe648a624d6e3f08,1.0,1189601363,2467692187,196831707,2018-08-15,delivered,265.0,75.81,340.81,credit_card,6.0,12.0,-28.0,0.0
1082925616,d1ec61b50c7780944fab32ad8b873c85,1.0,2443859054,1111097416,4055463965,2018-07-15,delivered,34.9,18.34,53.24,credit_card,1.0,4.0,-21.0,0.0
3200023533,3fd458f81a4ab505469540d26bcdb598,1.0,149630221,4114166042,3067264533,2018-07-02,delivered,92.89,27.42,120.31,credit_card,1.0,18.0,-7.0,0.0
1709405442,3efb84891f27efd4a1ad0e11ca4fb36b,1.0,1629752150,723555787,538933513,2018-08-03,delivered,49.99,14.65,64.64,credit_card,1.0,21.0,0.0,0.0
3789598321,d24cf30658f279bb1e8677169e43e44a,1.0,4168340453,2876488689,1696683105,2018-07-27,delivered,59.91,15.52,75.43,credit_card,1.0,7.0,-9.0,0.0
716285698,b02682757340133856bfb99145dd61cd,1.0,107029809,1425614791,3485175421,2018-07-28,shipped,77.9,14.86,92.76,credit_card,3.0,,,
3434062008,4051361e504d383142b6997954648b9e,1.0,3377186343,143978936,2469936348,2018-07-26,delivered,109.0,18.56,127.56,credit_card,6.0,5.0,-14.0,0.0
401183425,8ddafc9e62967101391805e620db71be,1.0,1792744808,3170971992,3807170672,2018-08-08,delivered,26.9,18.29,45.19,credit_card,2.0,8.0,-20.0,0.0
2925300523,b571f972f69a2f91ebd89ed09a6ebf42,1.0,4248832094,3672029372,4220048581,2018-07-03,delivered,159.9,21.76,181.66,boleto,1.0,7.0,-20.0,0.0
1012078246,8dcd08ba1ddd245791d0fe2a764d7c0c,1.0,692451128,870882749,1675260091,2018-08-15,delivered,20.9,18.25,39.15,boleto,1.0,9.0,-10.0,0.0
2316880102,8d5f27735f3694d8dfef2dedd96cc814,1.0,1095313928,3318108896,934960704,2018-07-29,delivered,84.49,15.69,100.18,credit_card,1.0,2.0,-13.0,0.0
302443740,b1f1b53eff2bcb85d584f05835dd8115,1.0,4120838114,2502027796,447945570,2018-08-08,delivered,78.9,19.74,98.64,credit_card,2.0,22.0,7.0,1.0
3642222973,d22567ff9749170e14c7485e02c1ff3c,1.0,219324368,1214452948,3196336592,2018-08-27,delivered,19.9,8.3,28.2,credit_card,1.0,3.0,-1.0,0.0
3986098964,abbc50a1e07d19c76cbcf0b649796bb7,1.0,1563041013,974051001,391897587,2018-07-31,delivered,19.99,7.4,27.39,boleto,1.0,2.0,-7.0,0.0
4016379741,437dbe46155da24f92d6b155899315b8,1.0,1523564301,1570888716,53223181,2018-07-28,delivered,27.9,22.13,50.03,credit_card,1.0,13.0,-14.0,0.0
2884571762,6f6739449b027efcae27be49edf91911,1.0,2113525165,3249041528,1886034192,2018-07-02,delivered,49.9,23.5,73.4,credit_card,3.0,9.0,-33.0,0.0
1516394371,556ff8bcd5cc9d1737128fc613ce16ad,1.0,3449619272,8024706,3198648565,2018-07-28,shipped,139.0,220.04,359.04,debit_card,1.0,,,
2727852561,cad9cc97c8f0878b65c04815fb985252,1.0,2804948913,1080501658,935749508,2018-07-26,delivered,80.0,52.91,132.91,boleto,1.0,21.0,-3.0,0.0
4119006530,4233067932385b2d8b301e18e1b75958,1.0,4016315931,1785441143,1361108180,2018-07-18,delivered,64.99,22.39,87.38,credit_card,3.0,8.0,-13.0,0.0
1809979663,3f9666fbcb3490ff8c1f0d2b826c32db,1.0,917271172,681983977,4120033478,2018-07-24,delivered,279.9,20.06,299.96,credit_card,1.0,6.0,-11.0,0.0
3104541560,c0fc5c6702f93ec8646c5404b4147864,1.0,3156634949,1229940739,261066546,2018-08-20,delivered,116.9,15.92,132.82,credit_card,8.0,3.0,-12.0,0.0
1338635053,c0fc5c6702f93ec8646c5404b4147864,2.0,3156634949,1229940739,261066546,2018-08-20,delivered,116.9,15.92,132.82,credit_card,8.0,3.0,-12.0,0.0
699606958,cbe9e2376e5d8de3c057ed58a638403d,1.0,3690080790,3026597973,1696683105,2018-07-03,delivered,46.99,15.43,62.42,credit_card,1.0,7.0,-15.0,0.0
944217441,2b412aeedb11e28a767792c75ae47a1f,1.0,384101028,2036129729,261066546,2018-08-15,delivered,116.9,15.92,132.82,credit_card,2.0,5.0,-7.0,0.0
4224441313,c3f5604968d8dd5686a261e2ff17cb96,1.0,2042680342,599914151,581044507,2018-08-03,delivered,301.0,39.02,0.0,unknown,0.0,19.0,-29.0,0.0
3808350698,b8ca5c17e73529b3e763b42b5e1ad575,1.0,3348470393,1866477244,2649580695,2018-07-24,delivered,28.9,13.54,42.44,credit_card,1.0,3.0,-13.0,0.0
3343141403,accddd3ce343b9c4a7ad6d49ecc3c3d2,1.0,1252276329,3338599894,1696683105,2018-08-09,delivered,38.95,12.93,51.88,boleto,1.0,11.0,4.0,1.0
2288217019,0499c7fe87611ea8ba76fc6ddceaad0e,1.0,3729413628,2076280378,1573069542,2018-07-30,delivered,69.0,15.58,84.58,credit_card,1.0,14.0,-3.0,0.0
1426450759,490b4a17364f3c7de5877ba86082139c,1.0,3580063486,1034945303,791135922,2018-07-19,delivered,139.9,24.13,164.03,boleto,1.0,10.0,-10.0,0.0
3005477807,490b4a17364f3c7de5877ba86082139c,2.0,3580063486,1034945303,791135922,2018-07-19,delivered,139.9,24.13,164.03,boleto,1.0,10.0,-10.0,0.0
3468349852,5ff8bece1ba3adcb585b884358bb9917,1.0,1442414905,4043913675,837329241,2018-08-06,delivered,6.9,7.39,14.29,boleto,1.0,10.0,2.0,1.0
1718404538,312f43273284b7ab987d5bc4d880d5ef,1.0,46628966,911707062,3037741975,2018-07-03,delivered,25.0,16.37,41.37,credit_card,1.0,5.0,-18.0,0.0
1833749326,3307fa374be3286d440dcd94dd5d2831,1.0,970510798,2804510873,3565939507,2018-07-24,delivered,28.9,13.54,42.44,credit_card,1.0,5.0,-14.0,0.0
1345900861,c02325767e982cf63ab102120dba687a,1.0,1433854777,318708296,726665638,2018-07-14,delivered,179.9,23.97,203.87,boleto,1.0,9.0,-3.0,0.0
3541681645,8081c44895cefcfebc13faec5c9ed8bf,1.0,1329196785,3463176742,918571473,2018-07-10,delivered,138.0,16.86,152.32651490862455,credit_card,5.0,21.0,-9.0,0.0
4212125818,8081c44895cefcfebc13faec5c9ed8bf,2.0,1329196785,401359391,918571473,2018-07-10,delivered,173.9,15.52,191.95348509137543,credit_card,5.0,21.0,-9.0,0.0
2410937646,5e4460100810dd86bd828963e7719858,1.0,2827567568,3360975048,3446539219,2018-08-08,delivered,107.53,18.85,126.38,debit_card,1.0,7.0,-28.0,0.0
3763007052,037f4f91c8f5cd2a6ddd52a63d97fdcc,1.0,384234737,1348090374,2373578609,2018-07-18,delivered,36.9,12.92,0.0,unknown,0.0,4.0,-9.0,0.0
3603429669,037f4f91c8f5cd2a6ddd52a63d97fdcc,2.0,384234737,1348090374,2373578609,2018-07-18,delivered,36.9,12.92,0.0,unknown,0.0,4.0,-9.0,0.0
3011719634,501ce7b81b23f0c4009057c589c08023,1.0,3008392726,282847940,368619248,2018-07-27,delivered,735.0,32.1,767.1,credit_card,1.0,10.0,-15.0,0.0
3468534245,597310d5c3dc11229fe9221f13489cab,1.0,481866794,4201050027,3743845763,2018-07-31,delivered,478.0,19.54,497.54,boleto,1.0,14.0,-9.0,0.0
1472335399,3a0ae60d56c22367fb5e1f77bd8232e8,1.0,2306982813,944970780,753329531,2018-07-31,delivered,189.9,25.68,215.58,credit_card,2.0,10.0,-6.0,0.0
897133091,a89be75924730a39d29149cc159514e1,1.0,161287598,234436092,3302929409,2018-07-23,delivered,14.99,19.32,34.31,credit_card,1.0,9.0,-14.0,0.0
1265671768,935221d155b676b347464a2f7aef9513,1.0,1982081821,3654718239,2364820299,2018-07-14,delivered,39.9,18.38,58.28,credit_card,1.0,9.0,-16.0,0.0
4225471305,3879246672dcc4cf13a523fcd4354e32,1.0,4289708852,2498549505,873124783,2018-08-22,delivered,19.9,8.3,28.2,credit_card,1.0,1.0,-5.0,0.0
3617640415,d559ca25e0953705de5c369c8bdebc48,1.0,258883829,2138563732,3169644834,2018-07-05,delivered,84.99,25.47,110.46,credit_card,3.0,8.0,-17.0,0.0
1687689214,2a0f332fd6b3b477c16619a99313d29c,1.0,200223409,2319512374,2636346249,2018-07-03,delivered,37.99,7.53,45.52,credit_card,1.0,2.0,-11.0,0.0
4231619865,6005e16820f20784bf25d26f7a60af40,1.0,1055263446,502253298,730094745,2018-08-02,delivered,71.0,8.66,79.66,boleto,1.0,8.0,0.0,0.0
1148942812,9bdc00acb04f677adc8329b932122fd6,1.0,1956770431,2928164159,9861004,2018-08-13,delivered,49.91,20.99,70.9,boleto,1.0,7.0,-2.0,0.0
622668073,3eec01b486a4d08de50a38ef2fb87b79,1.0,2202527210,3646085392,2166899228,2018-08-02,delivered,35.0,14.56,49.56,credit_card,1.0,6.0,-6.0,0.0
2774355446,720eff52272ce75d967e9a8f382681f3,1.0,3094680675,2184882008,2304947736,2018-07-03,delivered,45.0,7.58,52.58,debit_card,1.0,8.0,-5.0,0.0
4207821084,951f0ff2668075024286016d68600d26,1.0,2325837452,2466355469,523493826,2018-08-16,delivered,66.99,23.19,90.18,credit_card,1.0,13.0,-13.0,0.0
116216764,06cc5452c0a830d345b93a5385ee310e,1.0,2916491547,2754042193,391897587,2018-07-24,delivered,7.99,7.39,15.38,boleto,1.0,3.0,-5.0,0.0
1836062959,afcb8a93dec4243dbcf29ed98e5b0d4b,1.0,243289518,2180480181,1734769477,2018-07-26,delivered,44.9,8.47,53.37,boleto,1.0,4.0,-7.0,0.0
3196167230,6076ec81706ee9060d085f2909a6fbe7,1.0,868371884,1923618652,1696683105,2018-07-09,delivered,46.99,7.59,54.58,credit_card,1.0,2.0,-8.0,0.0
3259187582,110a462b79593be68884297cc9a31b3f,1.0,3371683465,110865104,3424220039,2018-08-10,delivered,99.0,23.49,0.0,unknown,0.0,10.0,-3.0,0.0
320133352,5df489bf628aa872653bc4791319921f,1.0,3661165563,1285420261,1303264640,2018-07-31,delivered,51.73,66.89,118.62,credit_card,1.0,6.0,-23.0,0.0
2118939482,bd9224b27d07de203a835041550ad525,1.0,2308142089,2659353721,2118540709,2018-08-10,delivered,105.0,9.49,114.49,boleto,1.0,5.0,-1.0,0.0
3629093934,ddf3bfcdef56cb027078b905d96da1e5,1.0,782341826,1641330879,2173695781,2018-08-14,delivered,99.99,50.99,150.98,boleto,1.0,9.0,-6.0,0.0
385162330,195362ade532294f73fff8ff4f138c3f,1.0,3011527149,3979934068,3016182256,2018-08-05,delivered,179.9,9.42,189.32,credit_card,6.0,5.0,1.0,1.0
3802269523,9d6a4798ca60c057f632bed582e5b0c5,1.0,4139397661,4046485277,3903401908,2018-07-01,delivered,9.99,8.88,0.0,unknown,0.0,2.0,-16.0,0.0
945712984,75f959697b81c9b9eeddb7499941ecaa,1.0,261930515,1357953438,196831707,2018-08-04,delivered,259.99,26.8,286.79,credit_card,8.0,4.0,-7.0,0.0
4112939610,af348cfa2c8539e4fc38335249aab3e8,1.0,1538350910,1419405798,4185397625,2018-07-20,delivered,25.11,16.45,41.56,credit_card,3.0,8.0,-2.0,0.0
283218211,34688497162fbb53b24e10738f912fa4,1.0,98232930,316963516,817416274,2018-08-14,delivered,139.0,14.55,153.55,credit_card,3.0,21.0,13.0,1.0
918008140,bd6db30a785b2562c0fdba187450a2db,1.0,4188639172,2811552375,2304947736,2018-08-23,delivered,59.0,18.51,77.51,credit_card,2.0,6.0,-20.0,0.0
3804067493,d1a400ce562574516f7678085b06cb43,1.0,1872043749,548026793,181572516,2018-07-24,delivered,120.0,27.14,147.14,credit_card,6.0,10.0,-10.0,0.0
434039117,b61519b912ded530fcb3fcc9103fcff2,1.0,4221067038,1225418480,3670166590,2018-07-21,delivered,24.99,8.34,33.33,credit_card,1.0,4.0,-6.0,0.0
699090690,4dcf36a6420bf67ae5326a294ef1bcc3,1.0,1223580404,3527337181,1464160362,2018-07-03,delivered,17.9,13.71,0.0,unknown,0.0,8.0,-9.0,0.0
1534228040,84cedab09d15fbd3bb87956434d61573,1.0,2550657276,964133741,596468350,2018-07-20,delivered,49.0,23.14,72.14,credit_card,1.0,6.0,-12.0,0.0
3674375174,58346246ea802a21cb34124ed2326770,1.0,3827947855,4058964725,2681412629,2018-07-11,delivered,44.99,7.58,52.57,credit_card,10.0,2.0,-6.0,0.0
1190415439,58346246ea802a21cb34124ed2326770,2.0,3827947855,4058964725,2681412629,2018-07-11,delivered,44.99,7.58,52.57,credit_card,10.0,2.0,-6.0,0.0
4090880947,58346246ea802a21cb34124ed2326770,3.0,3827947855,4058964725,2681412629,2018-07-11,delivered,44.99,7.58,52.57,credit_card,10.0,2.0,-6.0,0.0
4025569253,58346246ea802a21cb34124ed2326770,4.0,3827947855,4058964725,2681412629,2018-07-11,delivered,44.99,7.58,52.57,credit_card,10.0,2.0,-6.0,0.0
3887512961,847e04c1fabd29748790e74c1430c603,1.0,4091932843,775093883,4120033478,2018-08-06,canceled,39.9,9.21,49.11000000000001,voucher,1.0,,,
3561724418,2ffb8e2050ae93716f72226de572ab0d,1.0,452036579,4136847501,1847905424,2018-08-14,delivered,135.5,67.54,203.04,credit_card,3.0,14.0,-13.0,0.0
1553190469,9d71ed3bdd31105ae9fff4690e74b78d,1.0,4266903989,587067224,237804341,2018-07-18,delivered,62.9,17.37,80.27,credit_card,1.0,6.0,-14.0,0.0
105240377,11f10acabb1552521a9a7ca484aabd64,1.0,3330173099,653417559,4086780073,2018-07-20,delivered,109.0,83.68,192.68,boleto,1.0,12.0,-22.0,0.0
1136455642,3386674e0363653ac5f71597d88d80fe,1.0,884212116,3876283365,935749508,2018-07-23,delivered,720.0,40.5,761.4245454545455,credit_card,10.0,8.0,-10.0,0.0
1217378101,3386674e0363653ac5f71597d88d80fe,2.0,884212116,2801049975,3497601394,2018-07-23,delivered,320.0,20.25,338.4109090909091,credit_card,10.0,8.0,-10.0,0.0
4156699686,3386674e0363653ac5f71597d88d80fe,3.0,884212116,3876283365,935749508,2018-07-23,delivered,720.0,40.5,761.4245454545455,credit_card,10.0,8.0,-10.0,0.0
218058978,8aed60ebc9e0c32365fe7fcbe6138592,1.0,124165658,199515803,4271935289,2018-07-09,delivered,48.59,16.53,65.12,credit_card,3.0,3.0,-15.0,0.0
2173492541,47b4bf81340558dae3b914a280e01e9b,1.0,458212931,295151353,2892609914,2018-08-14,delivered,39.0,13.85,52.85,credit_card,5.0,6.0,-4.0,0.0
237901646,06743668e599a5ca8cfe58b46d058fc1,1.0,3248060644,174750780,523493826,2018-08-10,delivered,122.99,25.21,148.2,credit_card,6.0,12.0,-26.0,0.0
3982714050,481bab4ab953e59fd75574754371e676,1.0,4003231685,302400981,2304947736,2018-08-03,delivered,49.0,7.6,56.6,boleto,1.0,6.0,-5.0,0.0
582203819,303eb5cb4d788bba757d3b0a2aa5f270,1.0,1892176157,2499234023,1379301944,2018-07-23,delivered,29.9,18.31,48.21,boleto,1.0,13.0,-11.0,0.0
3480622224,6b2d83ecc02efe5e25e6be904c023456,1.0,262103625,1870455727,1786240800,2018-08-17,delivered,59.0,23.4,82.4,boleto,1.0,7.0,-7.0,0.0
2296769816,0327e299243edec0ed4f26712a05b910,1.0,1214406890,500939882,2368201577,2018-08-06,delivered,189.9,19.43,209.33,credit_card,3.0,4.0,-4.0,0.0
2641036574,2e4950942a89079792a52127600284e5,1.0,3400557490,439591192,3783637211,2018-08-02,delivered,74.89,13.18,88.07,credit_card,1.0,6.0,-1.0,0.0
2670202130,aeec65719910d5eeace9b241999be456,1.0,1641171307,1271628224,900310379,2018-08-11,delivered,96.8,14.98,111.78,credit_card,2.0,4.0,-6.0,0.0
1275558921,1011743f27a84fef8503f748cb1d951e,1.0,3508371327,2992711353,4275876195,2018-07-23,delivered,129.97,8.17,138.14,credit_card,2.0,3.0,-6.0,0.0
2558914431,62c5d13fc49db297fd55a998c9cde780,1.0,833236827,1940388250,3108536410,2018-08-08,delivered,75.0,7.95,82.95,credit_card,4.0,5.0,0.0,0.0
372670167,bbec0e8ff27f20abbd5b2fc0ab8a82c6,1.0,3476485859,1802206990,1925879045,2018-08-21,delivered,49.9,19.54,69.44,credit_card,1.0,7.0,-8.0,0.0
375459473,d513f9d572bf6a3a3c4e59252fe4f19c,1.0,3247026095,2609951366,4109428959,2018-08-06,delivered,11.87,17.06,28.93,credit_card,2.0,23.0,-12.0,0.0
620906288,bcb83032ff3fe35a0f6df11c771069da,1.0,208039943,4007979454,2384848440,2018-08-03,delivered,129.9,27.89,157.79,credit_card,2.0,5.0,-15.0,0.0
49540232,6023c91a14d68c5adb556a5dbd2e0f84,1.0,1977577569,4050262436,1813314038,2018-07-31,delivered,31.9,33.8,65.7,credit_card,6.0,8.0,-6.0,0.0
1938438926,a61dfe4c73cb6f1fa1280f905a13e26b,1.0,855558366,3155267027,3085186048,2018-08-09,delivered,5.5,7.39,12.89,credit_card,2.0,4.0,-2.0,0.0
3780573717,a61dfe4c73cb6f1fa1280f905a13e26b,2.0,855558366,3155267027,3085186048,2018-08-09,delivered,5.5,7.39,12.89,credit_card,2.0,4.0,-2.0,0.0
815539716,891bbd4e052c5f3e894ed330a7419c6e,1.0,229854279,3732414669,2622583364,2018-08-13,delivered,129.0,13.56,142.56,credit_card,1.0,7.0,-7.0,0.0
1234551633,6d0940a8f5fba47562bb14cd97dfd6da,1.0,2466686707,1513672711,740744355,2018-08-10,delivered,2350.0,105.12,2455.12,credit_card,10.0,33.0,15.0,1.0
3404306104,632e726a9f9d86fa53c5337dde0b50a1,1.0,127150523,1903594551,3488828128,2018-08-15,delivered,29.9,22.14,52.04,credit_card,2.0,7.0,-8.0,0.0
3786264154,1ebf075fd032885ad39a842a35c72fe7,1.0,3265171233,4256177069,1868809992,2018-07-19,delivered,230.0,118.66,348.66,credit_card,5.0,12.0,-14.0,0.0
2468931348,77df84f9195be22a4e9cb72ca9e8b4c2,1.0,126409151,980505529,3288674863,2018-08-16,delivered,45.0,3.28,50.54209764724797,credit_card,8.0,1.0,-32.0,0.0
2402931711,77df84f9195be22a4e9cb72ca9e8b4c2,2.0,126409151,2708593872,3397218519,2018-08-16,delivered,18.9,3.28,21.227681011844147,credit_card,8.0,1.0,-32.0,0.0
52857961,77df84f9195be22a4e9cb72ca9e8b4c2,3.0,126409151,2282136001,3288674863,2018-08-16,delivered,39.0,3.28,43.80315129428158,credit_card,8.0,1.0,-32.0,0.0
3023410034,77df84f9195be22a4e9cb72ca9e8b4c2,4.0,126409151,1208595201,492848926,2018-08-16,delivered,24.99,3.28,28.06771156010504,credit_card,8.0,1.0,-32.0,0.0
2137373232,77df84f9195be22a4e9cb72ca9e8b4c2,5.0,126409151,3809957861,3397218519,2018-08-16,delivered,20.9,3.3,23.473996462832947,credit_card,8.0,1.0,-32.0,0.0
4031602273,77df84f9195be22a4e9cb72ca9e8b4c2,6.0,126409151,3103691846,3397218519,2018-08-16,delivered,18.9,3.28,21.227681011844147,credit_card,8.0,1.0,-32.0,0.0
994652833,77df84f9195be22a4e9cb72ca9e8b4c2,7.0,126409151,1891094832,3397218519,2018-08-16,delivered,18.9,3.28,21.227681011844147,credit_card,8.0,1.0,-32.0,0.0
3099787585,9b28ecb03bbb9a5081729d9f822f46a1,1.0,1261133757,1661741030,2629314654,2018-08-03,delivered,20.99,15.25,36.24,credit_card,1.0,10.0,-4.0,0.0
1648441320,1a5e8ff5b36ddd03ce826651c129a760,1.0,2225580438,2989382784,3133716256,2018-08-02,delivered,259.9,54.04,313.94,credit_card,3.0,14.0,-1.0,0.0
3445269806,c6e0ac21ec42ce78d3ff7fd8eca3735c,1.0,2477692123,3487138105,1694950908,2018-08-07,delivered,55.0,15.49,70.49,credit_card,1.0,6.0,-9.0,0.0
2459231629,5552927954803697ef5ebf1431693061,1.0,2173503366,2495106546,2580370799,2018-07-14,delivered,139.9,16.08,155.98,credit_card,1.0,6.0,-24.0,0.0
1414190280,51f3f9237b10868cd54630d1c7a71174,1.0,184532681,618143348,3485175421,2018-08-20,delivered,212.5,21.05,233.55,boleto,1.0,7.0,-2.0,0.0
688716409,c72340047105422e220e980a8b0ab3ee,1.0,2186900311,226581046,53223181,2018-07-28,delivered,30.99,12.88,43.87,debit_card,1.0,11.0,0.0,0.0
135376852,4810ed84accc83eb4ecab078f19a3dff,1.0,2301729681,3688370780,3473894114,2018-07-31,delivered,32.9,13.81,46.71,credit_card,1.0,3.0,-4.0,0.0
364558125,c3297de5d87bdb1364601547517e83b0,1.0,4157062118,678160341,2047495738,2018-07-18,delivered,19.9,15.24,35.14,credit_card,3.0,5.0,-9.0,0.0
446166006,1b34f3de23ae790473c7e4ef6ac0b1f1,1.0,2811362757,1776620515,2475905934,2018-08-17,delivered,69.99,11.72,81.71,boleto,1.0,10.0,-7.0,0.0
127282762,997fd4b37386d10b57d4ac8cdec011a6,1.0,2592593475,86718560,2082347993,2018-07-08,delivered,199.98,115.77,315.75,credit_card,6.0,31.0,-8.0,0.0
3313389088,b47238f009b4f97b2676067d6c0c0386,1.0,3168315461,2926521990,2053349188,2018-08-14,delivered,4.3,7.39,11.69,credit_card,1.0,2.0,-5.0,0.0
115339704,b47238f009b4f97b2676067d6c0c0386,2.0,3168315461,2926521990,2053349188,2018-08-14,delivered,4.3,7.39,11.69,credit_card,1.0,2.0,-5.0,0.0
2076219740,b47238f009b4f97b2676067d6c0c0386,3.0,3168315461,2926521990,2053349188,2018-08-14,delivered,4.3,7.39,11.69,credit_card,1.0,2.0,-5.0,0.0
3070530754,b47238f009b4f97b2676067d6c0c0386,4.0,3168315461,2926521990,2053349188,2018-08-14,delivered,4.3,7.39,11.69,credit_card,1.0,2.0,-5.0,0.0
1930906500,b47238f009b4f97b2676067d6c0c0386,5.0,3168315461,2926521990,2053349188,2018-08-14,delivered,4.3,7.39,11.69,credit_card,1.0,2.0,-5.0,0.0
955719844,2c08b1748cfbf8372658ca7f40ce82a7,1.0,3817852655,1819289724,819761952,2018-08-08,delivered,34.0,9.55,43.55,debit_card,1.0,4.0,-4.0,0.0
890223673,1f75191842f4f2343c718aba4007d742,1.0,3498644804,1612482044,261066546,2018-07-19,delivered,99.8,17.63,117.43,credit_card,8.0,11.0,-7.0,0.0
3961197769,8c6541ccd245c735762e6dfbeeeef23e,1.0,3360939963,503944348,4238278738,2018-07-22,delivered,679.0,18.23,697.23,credit_card,10.0,9.0,-14.0,0.0
2311315650,d7390b1e8637527602269d4b429deda7,1.0,3486893169,171910624,342097555,2018-07-19,delivered,139.9,58.06,197.96,boleto,1.0,8.0,-10.0,0.0
3743630917,d243808e23f60f3895c6a696df710642,1.0,2700742112,3300056621,1552794520,2018-07-16,delivered,170.0,18.99,188.99,credit_card,1.0,14.0,0.0,0.0
300032070,86a6d09b2d1149ef6c9e0f8bf09d3a7b,1.0,739213396,266629823,2169639470,2018-07-25,delivered,280.0,35.72,315.72,credit_card,4.0,8.0,-21.0,0.0
960997439,94dcbb5ca9d603177841a40f3d630483,1.0,2152180873,2982465350,1615213775,2018-07-04,delivered,66.55,14.38,82.14977578475334,boleto,1.0,6.0,-20.0,0.0
3953992862,94dcbb5ca9d603177841a40f3d630483,2.0,2152180873,3470517503,1615213775,2018-07-04,delivered,56.1,14.38,69.25022421524663,boleto,1.0,6.0,-20.0,0.0
2553361803,94dcbb5ca9d603177841a40f3d630483,3.0,2152180873,3470517503,1615213775,2018-07-04,delivered,56.1,14.38,69.25022421524663,boleto,1.0,6.0,-20.0,0.0
591360685,94dcbb5ca9d603177841a40f3d630483,4.0,2152180873,2982465350,1615213775,2018-07-04,delivered,66.55,14.38,82.14977578475334,boleto,1.0,6.0,-20.0,0.0
3502312532,3d256d368580c4cc0dc2b5fc606f1e57,1.0,4284104809,3948821632,1993625437,2018-08-18,delivered,59.9,14.58,74.48,credit_card,3.0,4.0,-4.0,0.0
2563897463,9174fca54bbd6e4bef29bd8cebea449a,1.0,1082002639,2933340444,4273487192,2018-07-19,delivered,798.0,50.61,848.61,credit_card,8.0,1.0,-6.0,0.0
3790569677,44fb50923bb950b4aac437b0e7e0e3c4,1.0,3416953292,1221457373,935749508,2018-07-27,delivered,56.99,13.98,70.97,credit_card,1.0,5.0,-9.0,0.0
3060587177,2c53bd1388754e218f18b97bf025d935,1.0,35306341,2235810262,196831707,2018-07-11,delivered,209.99,31.94,241.93,credit_card,4.0,9.0,-11.0,0.0
4022784726,4360063fea90cf1fafd22f165125cb2e,1.0,1323667611,3319620110,3900748527,2018-07-27,shipped,72.0,9.43,81.43,credit_card,1.0,,,
3157065224,2aa8454e751e7fc82eba1192b4e49aad,1.0,33345377,4255096430,3850930468,2018-07-31,delivered,1100.0,73.11,1173.11,credit_card,4.0,6.0,-8.0,0.0
31562473,6305e90ad1e8185734f333b9fd2b22e9,1.0,10907700,1767205982,1615213775,2018-08-21,delivered,26.4,19.38,45.78,credit_card,2.0,7.0,-6.0,0.0
1563778548,dacb857612778747b96d5afcad0adbd4,1.0,1737139896,194966251,2866711183,2018-07-13,delivered,38.99,18.37,57.360000000000014,boleto,1.0,10.0,-10.0,0.0
3736835469,dacb857612778747b96d5afcad0adbd4,2.0,1737139896,194966251,2866711183,2018-07-13,delivered,38.99,18.37,57.360000000000014,boleto,1.0,10.0,-10.0,0.0
449460612,dacb857612778747b96d5afcad0adbd4,3.0,1737139896,194966251,2866711183,2018-07-13,delivered,38.99,18.37,57.360000000000014,boleto,1.0,10.0,-10.0,0.0
865642754,31387068a4e9c19d93f6e8b13853bc46,1.0,895866376,1574944654,4287464524,2018-07-28,delivered,17.0,7.39,24.39,boleto,1.0,3.0,-6.0,0.0
2940720640,ab5628545011511727a47e013585705d,1.0,3670938603,2216978836,2023461531,2018-07-31,delivered,29.99,8.37,38.36,credit_card,1.0,1.0,-1.0,0.0
3159789839,08fa939ba176d6eb8430ef2990a68245,1.0,2045454109,1305733345,3196336592,2018-07-03,delivered,35.9,9.0,44.9,boleto,1.0,7.0,-8.0,0.0
2154426915,08fa939ba176d6eb8430ef2990a68245,2.0,2045454109,1305733345,3196336592,2018-07-03,delivered,35.9,9.0,44.9,boleto,1.0,7.0,-8.0,0.0
1191145092,71408894cb2412e1f48530b6ec0a2e4b,1.0,523244898,481413092,1734769477,2018-07-23,delivered,24.9,7.43,32.33,credit_card,1.0,2.0,-7.0,0.0
1020420725,3ba790c8d2e841929c346e8da5c6abed,1.0,3788552011,1847481725,3089228157,2018-08-04,delivered,159.0,18.91,177.91,credit_card,4.0,10.0,-5.0,0.0
3234013664,c3d8fe24facbdbcf714246c6aa420834,1.0,2644240896,415147456,1966704427,2018-08-08,delivered,119.0,31.7,150.7,credit_card,3.0,7.0,-21.0,0.0
123640970,80ba49127f9a97f9bbe4e60770798cc7,1.0,1108261413,171413244,205659635,2018-08-03,delivered,110.0,39.28,149.28,credit_card,3.0,11.0,-6.0,0.0
822795439,04b7f4eff7b30fc23df0be1f249113a5,1.0,902111577,3607388190,1144498750,2018-07-30,delivered,13.4,12.79,26.19,voucher,1.0,5.0,-6.0,0.0
1529163314,b39d5e5d31956b4598ed01674a0943e7,1.0,1905855197,2609951366,4109428959,2018-08-04,delivered,11.87,18.23,30.1,credit_card,3.0,12.0,-20.0,0.0
1383435036,a51878c7b567d6bb29abf33bbbd80c24,1.0,2803996166,2596588497,3095317660,2018-07-26,delivered,293.0,16.21,309.21,boleto,1.0,4.0,-14.0,0.0
779045948,a51878c7b567d6bb29abf33bbbd80c24,2.0,2803996166,2596588497,3095317660,2018-07-26,delivered,293.0,16.21,309.21,boleto,1.0,4.0,-14.0,0.0
3569325049,a51878c7b567d6bb29abf33bbbd80c24,3.0,2803996166,2596588497,3095317660,2018-07-26,delivered,293.0,16.21,309.21,boleto,1.0,4.0,-14.0,0.0
1413976106,3139254607a08295dbd11e787d816506,1.0,418287117,1968886908,1603761322,2018-07-30,delivered,30.0,15.31,45.31,voucher,1.0,10.0,-7.0,0.0
4084109393,9142e38d4f7b7cf458a1eb8ee2b52157,1.0,3230629709,174750780,523493826,2018-07-03,delivered,122.99,63.11,186.1,credit_card,6.0,8.0,-20.0,0.0
1173729849,78d406c93c4c8fcfdc38b4b1b8842b9c,1.0,2650930616,3661867893,4074359584,2018-07-21,delivered,61.97,13.09,75.06,credit_card,1.0,9.0,-7.0,0.0
1301710852,865897de02d9ded27e7598dc5013f98e,1.0,1661426885,4102193398,2681412629,2018-08-14,delivered,79.99,38.99,118.98,credit_card,6.0,12.0,-28.0,0.0
1696294517,256c2127e05b924a7cbf69f95e3c4830,1.0,3550763083,3129053176,856338408,2018-08-14,delivered,17.49,7.39,24.88,boleto,1.0,5.0,-3.0,0.0
1132886126,92758826a22a6b5a7f78b076a3c7f164,1.0,807431921,1080501658,935749508,2018-08-13,delivered,80.0,19.75,99.75,credit_card,4.0,7.0,-3.0,0.0
3007537993,8b39b750545a091909b29edd02a042d1,1.0,3299046786,4116422487,2842251768,2018-07-30,delivered,138.0,18.99,156.99,credit_card,3.0,9.0,-23.0,0.0
2427619553,7fa83afea16e1e74fa6ec834ab946ca9,1.0,270645904,457248455,1868809992,2018-08-14,delivered,150.0,42.03,192.03,credit_card,3.0,10.0,-7.0,0.0
870632092,9dfdc2ebd5ad6715951eced9ebfdd950,1.0,629816888,1528212124,9861004,2018-07-05,delivered,49.9,20.99,70.89,credit_card,7.0,7.0,-12.0,0.0
1500520855,330cddd53241bd912b7df82d4a5e99fb,1.0,3276151170,3157039274,4086780073,2018-08-02,delivered,109.0,24.84,133.84,boleto,1.0,5.0,-8.0,0.0
2430563745,b28360b44929ee4de27af7329c403c58,1.0,946323812,353885748,3778119994,2018-08-06,delivered,1309.0,33.03,1342.03,credit_card,3.0,15.0,-2.0,0.0
2945894140,779ee2bc8384b3ea52f4e6abe2c84271,1.0,1375233959,3407845673,2312430349,2018-07-21,delivered,99.9,19.89,119.79,credit_card,2.0,9.0,-9.0,0.0
824868405,99d3564705b8fa6e354dadabe49e8c28,1.0,2342750146,814898117,1540428892,2018-07-04,delivered,115.35,13.47,128.82,credit_card,5.0,6.0,-13.0,0.0
424957967,6264cc0ad74f0cd5c2133590679c5284,1.0,3336108953,2405781913,1379301944,2018-07-22,delivered,46.8,8.07,54.87,credit_card,1.0,4.0,-6.0,0.0
3699393037,0dcfff35f1d2e0fb46301c92143663f9,1.0,3735196481,147138676,1008270582,2018-08-10,delivered,69.95,14.8,84.75,credit_card,8.0,7.0,-12.0,0.0
801435144,3adab61474a972a1606b0c78d64b8aee,1.0,943313658,1567030015,2812297156,2018-07-06,delivered,330.0,17.64,368.1916317991632,credit_card,8.0,21.0,-13.0,0.0
3556959708,3adab61474a972a1606b0c78d64b8aee,2.0,943313658,3727625020,1167975112,2018-07-06,delivered,148.0,37.68,165.12836820083683,credit_card,8.0,21.0,-13.0,0.0
64286548,a231037428b0d6c4288432191551c3e9,1.0,2036330719,2194238359,856338408,2018-08-10,delivered,19.9,18.24,38.14,credit_card,1.0,12.0,-12.0,0.0
3759672603,733499fd294c93ea1202a57b6e1f5613,1.0,3928557078,3439775381,357383673,2018-07-05,delivered,69.9,17.62,87.52,credit_card,2.0,6.0,-18.0,0.0
1208107564,4fddd85a9d1f46412f6715f5cfbea489,1.0,2362407097,2327991487,2490225171,2018-08-16,delivered,16.0,15.23,31.23,boleto,1.0,6.0,-15.0,0.0
2662043452,b4cd10a24e0976a9d5f509cfbc3f566b,1.0,834174540,1714248924,2074334901,2018-08-22,delivered,311.0,18.45,329.45,credit_card,2.0,1.0,-4.0,0.0
2474463892,35f7b5bd54e85367e42167d104f06813,1.0,811409514,974469011,3957555298,2018-08-22,delivered,165.0,9.91,174.91,boleto,1.0,2.0,-20.0,0.0
849184805,09c55723561623b19ad72cf0299d58bc,1.0,2247091998,1570442479,596468350,2018-08-22,delivered,89.0,23.42,112.42,credit_card,10.0,6.0,-12.0,0.0
1639487767,09c55723561623b19ad72cf0299d58bc,2.0,2247091998,1570442479,596468350,2018-08-22,delivered,89.0,23.42,112.42,credit_card,10.0,6.0,-12.0,0.0
3813250567,335046c7c87cf6b4d47ce63b22c563b8,1.0,2929219386,3888875404,730094745,2018-08-06,delivered,34.5,27.01,61.51,credit_card,1.0,10.0,-25.0,0.0
685486253,4044c5fad995d07177b0c09ff2b0b7f6,1.0,3152165500,514402493,1868809992,2018-08-06,delivered,230.0,83.79,296.1473684210526,credit_card,1.0,8.0,-14.0,0.0
111852624,4044c5fad995d07177b0c09ff2b0b7f6,2.0,3152165500,3239363638,1868809992,2018-08-06,delivered,228.0,83.79,293.57217391304346,credit_card,1.0,8.0,-14.0,0.0
2313385032,4044c5fad995d07177b0c09ff2b0b7f6,3.0,3152165500,4156959419,988567476,2018-08-06,delivered,416.0,83.78,535.6404576659039,credit_card,1.0,8.0,-14.0,0.0
3400106804,08322b6d209359f491acb1e5f89cb371,1.0,3415508077,1787013879,2584434041,2018-08-22,delivered,238.0,68.72,306.72,boleto,1.0,8.0,-13.0,0.0
3886095023,7563e13fcf7f6c6d8db57ef0c5760c87,1.0,659752635,2425401217,1597860032,2018-07-29,delivered,30.0,13.31,43.31,debit_card,1.0,3.0,-1.0,0.0
735428237,7563e13fcf7f6c6d8db57ef0c5760c87,2.0,659752635,2425401217,1597860032,2018-07-29,delivered,30.0,13.31,43.31,debit_card,1.0,3.0,-1.0,0.0
2447864777,6d098fe9c328d8dbe615f82bf930ee93,1.0,3696983980,2180676188,3016182256,2018-08-09,delivered,259.0,16.91,275.91,credit_card,3.0,8.0,-10.0,0.0
2099145565,4ac6cfb47c51ac043927b84975d1a62d,1.0,1617844130,2159850267,357160637,2018-07-03,delivered,14.5,15.23,29.73,credit_card,1.0,6.0,-17.0,0.0
3052132595,5f082a502d1fd6f19d32897c2c2cbcec,1.0,1786933241,3972176145,3293785115,2018-08-20,delivered,598.0,47.8,645.8,credit_card,10.0,3.0,-5.0,0.0
3635401430,08d551ca6776789b820288466888bc3a,1.0,1336728310,2506041196,2154000458,2018-08-19,delivered,43.99,19.5,63.49,credit_card,3.0,10.0,-1.0,0.0
3007793245,391cd3f7e6052e7827a66f333705099b,1.0,429707855,416134407,935749508,2018-08-08,delivered,29.99,19.4,49.39,debit_card,1.0,7.0,-7.0,0.0
665083486,4444b24c6acad48b8f3f43a18205cff8,1.0,1452529726,1044133793,2629314654,2018-08-09,delivered,8.99,18.23,27.22,credit_card,2.0,10.0,-11.0,0.0
1025251480,cc18507fa6f7e2becd46712b03d1f51c,1.0,1776841121,2051343244,2250522530,2018-08-10,delivered,67.0,18.57,85.57,credit_card,1.0,7.0,-13.0,0.0
1014005054,460a278fad430b5eff0e1a768bd2b331,1.0,2729488270,2065586411,3488828128,2018-07-15,delivered,32.9,13.57,46.47,credit_card,1.0,5.0,-13.0,0.0
626192981,79bcc8051d22d7df6b06a2043627ff5a,1.0,1883474824,190689845,3774348967,2018-08-17,delivered,699.4,27.7,727.1,credit_card,8.0,7.0,-13.0,0.0
3258633755,7c49116d4145973db0932d0e6a18fe6c,1.0,2033860629,1838810086,3539593625,2018-08-14,delivered,35.0,14.64,49.64,credit_card,2.0,2.0,-6.0,0.0
2706926054,367d9f6d184cf1d060d92bdc71810d2e,1.0,841262629,480258145,2580370799,2018-07-21,delivered,496.9,36.86,533.76,credit_card,3.0,16.0,-29.0,0.0
2211483555,202ecd14054c7ca8c26634abe19ace58,1.0,4031754336,1221457373,935749508,2018-08-02,delivered,56.99,13.98,70.97,credit_card,1.0,7.0,-4.0,0.0
1162049613,d8b31a554d23223a2493c602bcadb81b,1.0,3951381109,2324370903,1839514776,2018-07-10,delivered,130.0,16.01,146.01,credit_card,2.0,9.0,-12.0,0.0
889476179,0006ec9db01a64e59a68b2c340bf65a7,1.0,3819125428,3489777262,3485175421,2018-07-24,delivered,74.0,23.32,97.32,credit_card,4.0,6.0,-22.0,0.0
4261729123,00024acbcdf0a6daa1e931b038114c75,1.0,2080956438,1313939807,3645042277,2018-08-08,delivered,12.99,12.79,25.78,credit_card,2.0,6.0,-6.0,0.0
661983622,b28172a3fb839825322c132046f1bd8d,1.0,1388333414,4236904750,3734963615,2018-07-25,delivered,252.9,10.46,263.36,credit_card,2.0,6.0,-3.0,0.0
2006004450,b684861615924ba1b3d4c803a0129459,1.0,724146783,273479567,1333059511,2018-08-18,delivered,81.18,9.32,90.5,credit_card,2.0,6.0,-4.0,0.0
1669097674,6ca46f2b9a1592929647682510800e0e,1.0,89931878,4062188897,3386738830,2018-08-24,shipped,145.0,21.46,166.46,credit_card,6.0,,,
3281915758,ad635e6771f7a11f6ebac2e8a4260bf9,1.0,2432208417,1946620239,3103215707,2018-08-10,delivered,64.9,11.71,0.0,unknown,0.0,6.0,-8.0,0.0
755820621,8a456a91c540561a48650b2954977017,1.0,2484208122,2287554593,4120033478,2018-07-20,delivered,339.9,25.53,365.43,credit_card,4.0,13.0,-13.0,0.0
45153135,a6d412851f5ec3967d9664d3654be93f,1.0,3556733662,3199785027,1072758820,2018-08-13,delivered,149.0,27.99,176.99,credit_card,6.0,9.0,-6.0,0.0
1703728542,614c7adfc74985b5d111c1e38f0ad0cd,1.0,2214174603,1482414782,1379301944,2018-07-29,delivered,175.0,19.33,194.33,credit_card,18.0,9.0,-14.0,0.0
3157847860,a1310bb1b602cdcd8aeec03a52c4a286,1.0,136303789,1119561761,581044507,2018-08-08,delivered,157.0,13.76,170.76,credit_card,8.0,5.0,-8.0,0.0
121719854,a994ff8265aed38e21cb63b2d8402b09,1.0,2168281751,2623599020,3728838497,2018-07-01,delivered,497.0,32.87,532.2837796976241,credit_card,8.0,9.0,-35.0,0.0
1316623595,a994ff8265aed38e21cb63b2d8402b09,2.0,2168281751,2822244536,3037927932,2018-07-01,delivered,429.0,32.87,459.4562203023758,credit_card,8.0,9.0,-35.0,0.0
2761810973,0913c46b1cafecb52e5a9a55b6c0e0fc,1.0,2088679440,3434274848,368619248,2018-08-23,delivered,128.0,19.0,147.0,boleto,1.0,7.0,-6.0,0.0
197540492,2e030421b0b918820fd7afaf06c61874,1.0,3825759815,592096461,2304947736,2018-07-16,delivered,78.0,7.81,85.81,boleto,1.0,3.0,-4.0,0.0
2988622514,5e80bc266978655e4e9e1ef166f52885,1.0,1954001119,669198414,2880307388,2018-08-13,delivered,119.85,15.15,135.0,credit_card,6.0,15.0,-6.0,0.0
1079803337,d1f478a5468a4aed52abdbc2d98e0030,1.0,3648883405,1980281028,364684223,2018-07-23,delivered,99.9,67.84,167.74,credit_card,10.0,10.0,-8.0,0.0
2505910510,1bf389bed4651ac01500f40b2dbc7f0c,1.0,2393130127,3569691689,387984413,2018-07-16,delivered,139.9,105.44,245.34,credit_card,5.0,8.0,-23.0,0.0
2279286148,5fce29fc25bfce9a829c5f4caa9ab9b6,1.0,2225946155,1563316727,1971501980,2018-08-04,delivered,39.6,8.44,48.04,credit_card,1.0,4.0,-5.0,0.0
983802312,99bcaf97ce53d503eb254ac49786bb13,1.0,459203927,423017291,3503366785,2018-08-14,delivered,72.6,14.82,87.42,boleto,1.0,5.0,-7.0,0.0
1778932552,c67941b4ae569566ad69104332761988,1.0,374846682,2720813967,2228420128,2018-07-14,delivered,229.9,60.82,290.72,credit_card,3.0,9.0,-28.0,0.0
2937597090,d0e54233f6df824cc818b3d6f936c2db,1.0,3085452687,3478202829,918571473,2018-07-15,delivered,155.97,8.35,164.32,credit_card,5.0,9.0,-7.0,0.0
526062247,995afafadabbc8e07804a5f08f096b01,1.0,2961698504,3845869353,2880307388,2018-08-06,delivered,259.9,15.93,281.698064516129,credit_card,4.0,14.0,0.0,0.0
3305002937,995afafadabbc8e07804a5f08f096b01,2.0,2961698504,1016099936,2880307388,2018-08-06,delivered,119.85,15.92,129.90193548387097,credit_card,4.0,14.0,0.0,0.0
1041533418,a87e2eb19e3e22c6c62607b148aaed4c,1.0,1601707789,1411852866,2928255765,2018-08-11,delivered,159.9,19.07,178.97,credit_card,1.0,3.0,-7.0,0.0
286353165,c905910185bc1f8e9c3617ee560770d8,1.0,2607989674,951783912,179864683,2018-08-07,delivered,24.9,7.43,32.33,credit_card,3.0,1.0,-6.0,0.0
1443860656,98484b32a3bbf287f3347e001275ed21,1.0,4133672631,2484072618,2679036362,2018-07-21,delivered,100.0,7.96,107.96,credit_card,2.0,3.0,-7.0,0.0
4038954464,0c760c32925c8a67562a4621ff46556e,1.0,1460902438,930809993,1512163182,2018-07-07,delivered,48.6,22.27,70.87,boleto,1.0,9.0,-24.0,0.0
264331752,dd38bb2616d4486d83368c43f16e04eb,1.0,2690782462,3763077621,3626123686,2018-07-01,delivered,26.4,22.12,48.52,boleto,1.0,7.0,-22.0,0.0
1166555375,db70205a4fec901db7c957ac7d335064,1.0,1153876767,2408254972,1821221035,2018-07-03,delivered,16.75,16.32,33.07,credit_card,2.0,8.0,-15.0,0.0
518663389,279b9a9df2c05138cfda068bb1e0143d,1.0,1973636349,2987392845,3938991848,2018-07-11,delivered,151.9,9.81,161.71,credit_card,1.0,1.0,-6.0,0.0
4239086856,d85ce9b0e10e08627fdc72bedcf4cde3,1.0,474402846,2229593207,1755005248,2018-08-04,delivered,79.9,18.36,98.26,boleto,1.0,9.0,-3.0,0.0
353128416,ab3bc480a02b5a058759d5855428c22f,1.0,2968383136,2609951366,4109428959,2018-08-18,delivered,11.97,7.39,19.36,credit_card,1.0,12.0,-4.0,0.0
1086588784,5ba366f795902a0675d37d1dc4f0267f,1.0,2949642490,1857638905,2880307388,2018-08-13,delivered,119.85,11.86,131.71,debit_card,1.0,14.0,-2.0,0.0
2800515942,927ca6bf25d6e13695224ff77dd430ea,1.0,386834627,944970780,753329531,2018-07-19,delivered,189.9,10.46,200.36,boleto,1.0,6.0,-2.0,0.0
1001124769,b7357bb8e9d9742a5c4f686050baecd5,1.0,3604246347,2023754343,1692866640,2018-07-20,delivered,79.9,15.86,95.76,debit_card,1.0,10.0,0.0,0.0
3560631508,7d666b83ead768ecbc15773ef8ef6c42,1.0,4030018209,3144390856,881916968,2018-08-09,delivered,39.9,18.38,58.28,credit_card,3.0,7.0,-6.0,0.0
3202673262,90c0d4df184cd39fe38d7b3de0cbd878,1.0,2813164082,27624692,2068067571,2018-08-22,delivered,49.0,18.14,67.14,credit_card,2.0,2.0,-13.0,0.0
4094829732,90c0d4df184cd39fe38d7b3de0cbd878,2.0,2813164082,27624692,2068067571,2018-08-22,delivered,49.0,18.14,67.14,credit_card,2.0,2.0,-13.0,0.0
1512077630,cba44aa41766f6210b875f576a4241e4,1.0,446116976,1579085227,4185397625,2018-07-16,delivered,36.4,15.36,51.76,credit_card,1.0,6.0,-9.0,0.0
956632044,47ce198e173de34ed4c92187e82717ac,1.0,639967738,1327403802,3929842482,2018-07-09,delivered,1129.99,32.89,1162.88,credit_card,10.0,1.0,-9.0,0.0
1039417626,4f6e86f404fab64c41e4e17b71ae65e4,1.0,2358282596,3865213407,3761277192,2018-08-15,delivered,57.9,13.99,71.89,credit_card,7.0,2.0,-28.0,0.0
1492053306,bf1bd9414a575d2bfa50f8d5c66fd161,1.0,1488267500,1529402584,3522250725,2018-08-01,delivered,45.97,19.51,65.48,credit_card,1.0,19.0,-3.0,0.0
2477939004,a90e65884b5ddd672fa889ed85cdf79f,1.0,269058391,1423881929,2593324660,2018-08-09,delivered,199.9,24.55,224.45,credit_card,6.0,11.0,-15.0,0.0
3922668036,61eedf8710394769412bccced6288fff,1.0,1074763988,1916995752,1562587860,2018-08-20,delivered,122.99,15.96,138.95,credit_card,3.0,7.0,-8.0,0.0
642314126,8ee64ebf7fd7699c94078e53d92ab768,1.0,1427289853,3056959764,3733516067,2018-08-12,delivered,124.43,21.51,145.94,credit_card,4.0,5.0,-17.0,0.0
2510653686,81342024c8d07f66fa2852d3c8d9b890,1.0,64622084,1886409007,2082347993,2018-08-07,delivered,139.98,18.75,158.73,credit_card,6.0,20.0,-3.0,0.0
3290527646,a1e6a1eeef79fc64be1040e5ac6d3119,1.0,1401806057,1711030387,3267771422,2018-08-06,delivered,25.9,8.93,34.83,voucher,1.0,15.0,12.0,1.0
3697114648,a1e6a1eeef79fc64be1040e5ac6d3119,2.0,1401806057,1711030387,3267771422,2018-08-06,delivered,25.9,8.93,34.83,voucher,1.0,15.0,12.0,1.0
39407761,16725237f8f6e32f876dfeca7624063f,1.0,1401913553,2987619414,997798136,2018-07-23,delivered,62.5,22.19,84.69,credit_card,1.0,11.0,-7.0,0.0
1243250145,a79af87b8a7a623374f879412adc351e,1.0,3051382194,3582798726,1367109462,2018-08-03,delivered,169.0,45.59,214.59,credit_card,12.0,4.0,-2.0,0.0
1743774545,c93ff60dbb02e26f340bbca4b680435a,1.0,1912668813,3058269654,523493826,2018-07-06,delivered,64.99,51.18,116.17,debit_card,1.0,18.0,-12.0,0.0
319261049,49ac83265a3a9d7d492eb5e1909b485a,1.0,3498062173,3546837306,2722740119,2018-07-14,delivered,159.0,19.21,178.21,credit_card,5.0,18.0,-7.0,0.0
2342584294,b1f84046464711e8064cd70d5232d104,1.0,2310790228,729925985,2274414976,2018-08-02,delivered,47.0,18.43,65.43,credit_card,1.0,5.0,-8.0,0.0
3744974980,6f078a846f0427e42e068e545b56efdf,1.0,3601424129,4289544797,1716536501,2018-07-24,delivered,48.9,19.53,68.43,credit_card,1.0,6.0,-14.0,0.0
1187879350,24c30ddeb5a4b85a61bbb58b9e3d66c9,1.0,1267973415,3570665274,3755699389,2018-08-07,canceled,42.0,8.45,50.45,boleto,1.0,,,
3627884174,40276598768326cdd5ae39038037434f,1.0,3108866749,3607217548,519564207,2018-07-20,delivered,134.99,43.23,178.22,boleto,1.0,10.0,-11.0,0.0
2792156169,8eb24f96b8213d619ec9940e7f8d8ffd,1.0,3390456081,3155743601,2154000458,2018-08-20,delivered,54.99,14.7,69.69,boleto,1.0,8.0,-2.0,0.0
102264848,7f4eea789244d8b7281f619104c82bca,1.0,2300467837,628530150,934960704,2018-07-21,delivered,45.49,7.58,53.07,boleto,1.0,6.0,-5.0,0.0
56034451,6fe3cca762774a4e0e4e75467b4651e6,1.0,2171327385,2027293289,1710550350,2018-08-04,delivered,30.0,8.96,38.96,boleto,1.0,10.0,1.0,1.0
1821677590,09b8d47d2f753e1c1ee4da43e4429ff5,1.0,1798637904,2977468274,501439047,2018-07-28,delivered,416.99,46.72,463.71,credit_card,1.0,9.0,-14.0,0.0
279732479,2aaab7e991347226dbda1f61c6785f88,1.0,2011091450,2352133683,1856359935,2018-07-25,canceled,9.99,7.39,17.38,credit_card,1.0,,,
4038942217,2aaab7e991347226dbda1f61c6785f88,2.0,2011091450,2352133683,1856359935,2018-07-25,canceled,9.99,7.39,17.38,credit_card,1.0,,,
2275798840,2aaab7e991347226dbda1f61c6785f88,3.0,2011091450,2352133683,1856359935,2018-07-25,canceled,9.99,7.39,17.38,credit_card,1.0,,,
1466915997,2aaab7e991347226dbda1f61c6785f88,4.0,2011091450,2352133683,1856359935,2018-07-25,canceled,9.99,7.39,17.38,credit_card,1.0,,,
3409569814,2aaab7e991347226dbda1f61c6785f88,5.0,2011091450,2352133683,1856359935,2018-07-25,canceled,9.99,7.39,17.38,credit_card,1.0,,,
1313369077,328ae377ef041759aacefa4eee149cdc,1.0,2818432019,855398928,3741694444,2018-08-01,delivered,99.0,8.85,107.85,boleto,1.0,19.0,5.0,1.0
3855670406,1314746d24fc84d41f49777b0ad90c69,1.0,2576151625,252270737,2580370799,2018-08-09,delivered,154.9,15.38,170.28,credit_card,1.0,7.0,-11.0,0.0
4096749738,0c8703831f0dff29ae877f4f9cce845c,1.0,2216128944,441397869,3514986460,2018-07-14,delivered,229.99,58.38,288.37,boleto,1.0,12.0,-14.0,0.0
2932350039,35baa1b2a801b5181147ad7c02723d9d,1.0,2053744623,3138985478,3554345266,2018-08-09,delivered,169.9,19.29,189.19,credit_card,2.0,14.0,-27.0,0.0
1923407854,35baa1b2a801b5181147ad7c02723d9d,2.0,2053744623,3138985478,3554345266,2018-08-09,delivered,169.9,19.29,189.19,credit_card,2.0,14.0,-27.0,0.0
3515348036,35baa1b2a801b5181147ad7c02723d9d,3.0,2053744623,3138985478,3554345266,2018-08-09,delivered,169.9,19.29,189.19,credit_card,2.0,14.0,-27.0,0.0
2087715643,73ac25417f920bd2a20e770b8a37ebc4,1.0,1739217337,3076081288,2629314654,2018-07-29,delivered,15.99,12.79,28.78,credit_card,2.0,7.0,-4.0,0.0
2120360425,9d490e0cc1734e6efc3c66e08acc7d3b,1.0,926512088,3535903805,2571258329,2018-08-01,delivered,29.9,12.87,42.77,credit_card,1.0,6.0,-3.0,0.0
3508465044,167d27116a1c2e0290a505e98f352c3c,1.0,693011516,4081015769,2304947736,2018-07-18,delivered,44.0,12.97,56.97,voucher,1.0,6.0,-8.0,0.0
2191314945,6b0e4ed8dcbabec5410a8b28f0405cd6,1.0,3878080449,457248455,1868809992,2018-07-02,delivered,150.0,30.85,180.85,boleto,1.0,11.0,-25.0,0.0
2405177053,3b2c1076db50e3fbc99981ae5ca1e6aa,1.0,796327434,346467805,1422228924,2018-08-20,delivered,148.9,20.23,0.0,unknown,0.0,6.0,-1.0,0.0
1330575874,152c82feee7072e62c6496ad13cc188d,1.0,1399500115,835917369,1650698096,2018-07-25,delivered,39.75,22.21,61.96,credit_card,1.0,8.0,-12.0,0.0
2745140344,57d0641da97fead93c9541a7c3b1fc75,1.0,858682009,4067649685,618561824,2018-08-27,delivered,106.9,8.91,115.81,debit_card,1.0,3.0,-1.0,0.0
869853639,86430d523480a84b621ef0c347f56ff2,1.0,743447847,1316129150,2997337676,2018-07-31,delivered,527.9,21.8,549.7,credit_card,6.0,8.0,-33.0,0.0
3244738446,227a77cf2c1425f0207076c524b1bb5e,1.0,3842299506,1940388250,3108536410,2018-07-04,delivered,70.0,7.91,77.91,debit_card,1.0,2.0,-27.0,0.0
4209566269,0c06719338eba9ad30362c43bad76d87,1.0,3409276240,3755472290,2621987499,2018-07-10,delivered,23.5,17.97,41.47,credit_card,7.0,5.0,-11.0,0.0
1876334869,0c06719338eba9ad30362c43bad76d87,2.0,3409276240,3755472290,2621987499,2018-07-10,delivered,23.5,17.97,41.47,credit_card,7.0,5.0,-11.0,0.0
3104021019,0c06719338eba9ad30362c43bad76d87,3.0,3409276240,3755472290,2621987499,2018-07-10,delivered,23.5,17.97,41.47,credit_card,7.0,5.0,-11.0,0.0
1937109191,68dac825547e9410f017e7d9dd6daee0,1.0,3535179581,603189692,196831707,2018-07-23,delivered,349.99,105.84,455.83,credit_card,3.0,3.0,-21.0,0.0
3497283124,df719e82188cc47552d259703d5413f0,1.0,370701469,4187625683,292598503,2018-07-28,delivered,149.97,18.85,168.82,credit_card,1.0,4.0,-14.0,0.0
1212809864,c1556665d5eda63ad0a01cb682e2ad6d,1.0,3866404210,120778293,4120033478,2018-08-11,shipped,44.9,9.24,54.14,debit_card,1.0,,,
1982620100,c53650d065ed0639a5181397ce08c423,1.0,2891393085,3474848858,3643812432,2018-07-15,delivered,85.95,51.32,137.27,credit_card,1.0,39.0,-8.0,0.0
2693461948,a06a785eb10dc081b633142ea4f085b3,1.0,2495871827,825325068,2272737996,2018-07-24,delivered,47.92,37.71,85.63,boleto,1.0,5.0,-24.0,0.0
1111502538,3c082ca49aaf1923e87b34e1375a1413,1.0,40546125,2682196183,3783637211,2018-07-01,delivered,39.89,12.94,52.83,boleto,1.0,9.0,-10.0,0.0
3069562752,6883451a6880e8f0879d89b14f32d543,1.0,1389430048,2308859706,2886549658,2018-08-09,delivered,22.0,18.25,40.25,credit_card,1.0,6.0,-6.0,0.0
3261466560,02f1d13053a2833d022b8921ee3411a3,1.0,2740631526,870399701,687121961,2018-08-02,delivered,74.99,19.72,94.71,credit_card,1.0,7.0,-12.0,0.0
1263282672,c3b52dc8daa95457b88d258c2ebd55a0,1.0,2825430511,53077271,2612393066,2018-07-23,delivered,10.0,15.23,25.23,credit_card,1.0,7.0,-14.0,0.0
2655387473,a2043f0404780bcf3bcfb20cadbab2d8,1.0,2003971212,2980133421,2053848117,2018-08-19,delivered,139.99,48.23,188.22,credit_card,2.0,3.0,0.0,0.0
553532787,0c91f244ab45cbe4383163d46635b442,1.0,4211355604,718071674,1734769477,2018-07-23,delivered,29.9,7.47,37.37,boleto,1.0,2.0,-8.0,0.0
384885118,693f8bb47e6135ecad76616fa2596a05,1.0,287240320,3235338214,2627125470,2018-08-08,delivered,169.99,53.54,0.0,unknown,0.0,11.0,-9.0,0.0
1194306726,9d4c848f67a05d1b2d6f9f9fe1c932c8,1.0,142734137,3153018390,1238869663,2018-07-27,delivered,69.99,22.77,92.76,debit_card,1.0,10.0,-16.0,0.0
2918299318,5d0b303a697b0b722ed82edf076fa3ef,1.0,508394794,2664275609,1175146252,2018-08-18,delivered,18.0,18.23,36.23,credit_card,1.0,5.0,-12.0,0.0
1479210325,5d0b303a697b0b722ed82edf076fa3ef,2.0,508394794,2664275609,1175146252,2018-08-18,delivered,18.0,18.23,36.23,credit_card,1.0,5.0,-12.0,0.0
82274168,b287f7a260f83369913e3203c8b15be0,1.0,1844528056,308777658,788869188,2018-08-19,delivered,160.0,71.41,231.41,credit_card,5.0,3.0,-19.0,0.0
855579160,80ed5c72f5b84292602ff0184aad2385,1.0,156941525,1299100634,3761277192,2018-07-08,delivered,49.9,15.45,65.35,credit_card,2.0,4.0,-27.0,0.0
2247672618,44fb0b3fb29ddaedf3fe5bd4a99e7495,1.0,1187014785,1745648530,9861004,2018-07-21,delivered,49.9,20.99,70.89,debit_card,1.0,6.0,-10.0,0.0
1510887921,23d0e1d4771f03561178a0997255ec3f,1.0,569441292,2413459507,3422743060,2018-07-02,delivered,45.0,23.12,68.12,credit_card,1.0,8.0,-17.0,0.0
1626829696,445e644ce100ddf209bc9fd616d882ae,1.0,34991639,118538671,2968233830,2018-08-08,delivered,29.9,7.47,37.37,credit_card,4.0,7.0,0.0,0.0
2089530758,445e644ce100ddf209bc9fd616d882ae,2.0,34991639,118538671,2968233830,2018-08-08,delivered,29.9,7.47,37.37,credit_card,4.0,7.0,0.0,0.0
3407309333,b4f0db8feaccc3ba21f4998d4927cd4a,1.0,3031618459,2483548222,1813314038,2018-07-26,delivered,39.9,19.47,59.37,credit_card,2.0,6.0,-14.0,0.0
1820831768,3a335d9250509602da8eebcf766e1ddb,1.0,2337457330,1641401928,3968462480,2018-07-06,delivered,149.0,22.34,171.34,credit_card,3.0,5.0,-14.0,0.0
372267279,05cb96d379b1a3df48333ecaa572bf26,1.0,3143506140,2372844897,48186193,2018-08-22,delivered,55.9,8.55,64.45,credit_card,1.0,5.0,0.0,0.0
4210867058,ab07bba4aa52c95cfd9d7a418d9be63f,1.0,1856902095,3909820260,4027947388,2018-08-07,delivered,220.7,24.35,245.05,credit_card,12.0,5.0,-11.0,0.0
1599091691,22d0b79a88fe360e41471c8477379673,1.0,3753227003,1785441143,1361108180,2018-07-07,delivered,64.99,13.8,78.79,credit_card,4.0,5.0,-14.0,0.0
4279032803,40c95b7789cf4450c616a71d2efab73d,1.0,3715936352,615929951,3147574442,2018-08-02,delivered,79.0,26.85,105.85,credit_card,3.0,8.0,-4.0,0.0
127537480,569cb3533c4e55e00e6194974c746ec0,1.0,3209053997,454900987,2304947736,2018-08-13,delivered,55.0,7.65,62.65,credit_card,1.0,2.0,-1.0,0.0
1146054980,9b1d0dd42862c68280468732a4399034,1.0,3872272272,3678790918,3804798124,2018-08-08,delivered,250.0,24.9,274.9,credit_card,5.0,8.0,-13.0,0.0
2457004622,66dbc9ec3eb2119ce225357587599804,1.0,2096394845,1611281408,357383673,2018-07-24,delivered,79.0,26.85,105.85,credit_card,1.0,5.0,-21.0,0.0
3900276916,1db8c2514e276b566dd44aad287362aa,1.0,3990161614,51468404,2131055484,2018-07-28,delivered,24.99,50.9,75.89,boleto,1.0,12.0,-7.0,0.0
1567542408,ca568c428649f0aaaf41519c7010f093,1.0,2706666992,1604261118,2373578609,2018-08-18,delivered,65.9,18.56,0.0,unknown,0.0,11.0,-6.0,0.0
2839014352,ca568c428649f0aaaf41519c7010f093,2.0,2706666992,1604261118,2373578609,2018-08-18,delivered,65.9,18.56,0.0,unknown,0.0,11.0,-6.0,0.0
1639465,bf2b2acbd8715f4415c2adfd5d9cf772,1.0,3059563405,3662339317,4194263931,2018-08-03,delivered,122.49,22.79,145.28,debit_card,1.0,12.0,-18.0,0.0
1735204247,441ab430a31f0c3424c85496c65bc8f2,1.0,3377086590,1300354331,1026558515,2018-07-28,delivered,129.9,13.57,143.47,credit_card,10.0,6.0,-6.0,0.0
1440263007,46ad0b6df7c2befc459ec361a3b4ec2a,1.0,1815480376,289557665,3280936577,2018-07-13,delivered,139.0,36.42,175.42,credit_card,4.0,7.0,-18.0,0.0
106139470,ceb0508b7d0cebf8cd0cf1052322da3c,1.0,851875129,3996964679,3147574442,2018-08-01,delivered,92.95,26.95,119.9,credit_card,4.0,5.0,-16.0,0.0
2089954154,84d21eead7694f99925e7e056ca88832,1.0,3258595994,3216599867,1919968767,2018-07-28,delivered,110.32,15.87,126.19,credit_card,3.0,9.0,-15.0,0.0
1425679295,2466042f13331acca52c382e1d3ac6f1,1.0,2445213994,3911641092,2173695781,2018-08-20,delivered,119.99,51.13,171.12,credit_card,2.0,7.0,-6.0,0.0
1655745837,bdbcb0e21f0d85538d17911900b26610,1.0,3845221748,4151213458,3103215707,2018-07-19,delivered,1099.0,20.9,1119.9,credit_card,10.0,13.0,-7.0,0.0
1963950138,172f9fee6f5a8b311968d1c27b336438,1.0,3522743071,3313700463,3770364303,2018-07-05,delivered,39.99,8.44,48.43,boleto,1.0,8.0,-7.0,0.0
168860355,5bfce111a3fc0a622ab552626165ab2f,1.0,3751262915,432589732,1799866159,2018-07-17,delivered,139.99,57.31,197.3,boleto,1.0,31.0,1.0,1.0
3445770291,0ec4af8420f96af137f9b52194956497,1.0,803732964,691593057,2358549127,2018-07-25,delivered,369.0,16.88,385.88,credit_card,4.0,8.0,-8.0,0.0
1740659006,75f3ecc1ee0d23f0fcc29fa7bff30a16,1.0,3837636009,1010405546,53223181,2018-08-15,delivered,29.99,7.47,37.46,boleto,1.0,4.0,0.0,0.0
3165167905,dc9b66f791e6bc0d3a44e2c513a1d117,1.0,728392253,472969816,4086780073,2018-07-24,delivered,79.0,34.79,95.06644182124788,credit_card,3.0,3.0,-18.0,0.0
1654685652,dc9b66f791e6bc0d3a44e2c513a1d117,2.0,728392253,3513669726,900310379,2018-07-24,delivered,98.9,1.39,119.01355817875212,credit_card,3.0,3.0,-18.0,0.0
1830722613,9724ff037a78e9215939269a8f52ef19,1.0,3851381058,143888335,3051201525,2018-08-12,delivered,139.0,34.05,173.05,credit_card,2.0,4.0,-7.0,0.0
3814233916,aea6f638ec66f7a8db1a9216ddaaff2b,1.0,3291067724,2451637167,2823580135,2018-08-13,delivered,218.9,36.88,255.78,credit_card,10.0,9.0,-8.0,0.0
3940444721,84db939b1ab9686533e9a06a0354beb6,1.0,1887700869,801013289,250985049,2018-07-20,delivered,127.9,14.24,142.14,credit_card,6.0,59.0,32.0,1.0
2800263053,a139ecd5f1989a8f5d829cc03aa1a046,1.0,4261036225,162768543,3404539086,2018-08-17,delivered,64.42,18.55,82.97,credit_card,8.0,10.0,-3.0,0.0
4082402806,bab72f3856e8cc2c8396ce2441414540,1.0,3484961987,242957004,1966704427,2018-08-14,delivered,47.5,23.13,70.63,credit_card,7.0,6.0,-13.0,0.0
3744580654,24d467b091af7611de89fe9d2c4b76c9,1.0,2362020080,3757368010,3728838497,2018-08-24,delivered,289.0,14.68,303.68,credit_card,10.0,6.0,-6.0,0.0
3759155171,71359a053b02802c8974b69049cec60a,1.0,3879733216,1230559043,3297590122,2018-07-31,delivered,259.9,10.57,270.47,boleto,1.0,5.0,0.0,0.0
75778793,74fd3f19e82d4dc348cf34d3870605c1,1.0,3315162614,1786911453,1622092360,2018-08-24,delivered,99.9,9.83,109.73,credit_card,5.0,2.0,-3.0,0.0
4111284005,7936367b7140cd4370be2d7eb8d3e325,1.0,3762213118,1754971986,1241765477,2018-07-30,delivered,16.08,7.39,23.47,credit_card,1.0,1.0,-2.0,0.0
3708949625,483f86b7cf498c438e3be9ef583d7548,1.0,1091149419,1821938937,531563843,2018-08-05,delivered,159.0,13.41,172.41,debit_card,1.0,5.0,2.0,1.0
3423063016,7359dc1b2795acbc7d4410fc336236ab,1.0,1881347994,875665683,1637578522,2018-07-06,delivered,31.9,7.48,39.38,voucher,1.0,5.0,-9.0,0.0
2443429554,9aa39389b428a90ff82b0c94fb0afc5a,1.0,23518685,517498823,4117658320,2018-08-27,delivered,97.5,9.43,106.93,credit_card,2.0,2.0,-2.0,0.0
2631196494,ae33f39181d7f2c55b9ac5ea4e784173,1.0,2977944397,2725684015,123833255,2018-07-25,delivered,90.0,16.82,106.82,debit_card,1.0,5.0,-10.0,0.0
2761151666,675d6533ed09bea158fd932431474b82,1.0,1572696365,2508683014,212815993,2018-07-28,delivered,238.99,16.77,255.76,credit_card,10.0,9.0,-15.0,0.0
3356949518,9e7314b623f0dde678304009f6e16ee6,1.0,3270692738,1150114816,1716536501,2018-07-29,delivered,48.9,9.09,57.99,credit_card,1.0,2.0,-7.0,0.0
4227230930,b4bf86ceca8b763240fd6be6d5e313ba,1.0,3307609594,1819643303,1868809992,2018-07-20,delivered,78.0,27.53,105.53,credit_card,4.0,6.0,-14.0,0.0
1117618115,b4bf86ceca8b763240fd6be6d5e313ba,2.0,3307609594,1819643303,1868809992,2018-07-20,delivered,78.0,27.53,105.53,credit_card,4.0,6.0,-14.0,0.0
764062267,a4e584c6dc40947a851d93c60fe9c50c,1.0,371899125,899860769,53223181,2018-08-05,delivered,27.9,7.46,35.36,boleto,1.0,3.0,0.0,0.0
2492995372,209e55ebe1b6ee30b02a4c07d7fc0cc8,1.0,270424221,1672925611,854629258,2018-07-18,delivered,72.99,30.31,103.3,credit_card,1.0,6.0,-12.0,0.0
2585612208,209e55ebe1b6ee30b02a4c07d7fc0cc8,2.0,270424221,1672925611,854629258,2018-07-18,delivered,72.99,30.31,103.3,credit_card,1.0,6.0,-12.0,0.0
168592117,209e55ebe1b6ee30b02a4c07d7fc0cc8,3.0,270424221,1672925611,854629258,2018-07-18,delivered,72.99,30.31,103.3,credit_card,1.0,6.0,-12.0,0.0
925318942,b85825cdbdab14cc17f2e159f0fba217,1.0,3387051554,2525488478,3046482166,2018-07-21,canceled,112.0,62.86,174.86,credit_card,10.0,,,
1639256864,e12e1c2f5a9e258abeecce80cfce12df,1.0,3003413247,4268561862,3577589362,2018-08-02,delivered,48.0,9.09,57.09,credit_card,2.0,5.0,-6.0,0.0
1759185970,b5590da0e1ed55750c6f09988b5935a2,1.0,2507268543,3195456401,819761952,2018-07-31,delivered,33.49,18.33,51.82,boleto,1.0,8.0,-15.0,0.0
210846796,d1cd7d486ae6facbe6c2a59a51c6d1f3,1.0,2432287263,2746800266,1884653127,2018-07-21,delivered,19.9,7.4,27.3,credit_card,1.0,3.0,-6.0,0.0
3739541320,19e9072a16886c91fdd5127eb6ffaa6d,1.0,4013021971,97540280,3720054999,2018-07-18,delivered,44.0,7.57,51.57,credit_card,2.0,6.0,-2.0,0.0
1745594456,9a2176942821e355e4ff9dc4a8e96a07,1.0,2477884432,4102193398,2681412629,2018-08-27,delivered,89.9,0.0,89.9,debit_card,1.0,2.0,-2.0,0.0
1771009680,c5496b624a2992c280191ee51a5f0650,1.0,4136165757,2524535724,1919968767,2018-07-24,delivered,110.32,8.03,118.35,credit_card,5.0,3.0,-6.0,0.0
4019057689,7ff091a081c936e22d36651bad1fc653,1.0,460436562,3537937942,876033421,2018-08-19,delivered,36.89,11.28,48.17,credit_card,4.0,3.0,-12.0,0.0
3330724341,a1e313e06320d5c725c2ba02d0cf5be2,1.0,1143328019,200348812,1823190993,2018-08-14,delivered,2258.0,64.32,2322.32,credit_card,10.0,11.0,-8.0,0.0
2179476950,a498cd320a4937e66cb7b1013909a271,1.0,3743949654,1740007191,2373578609,2018-08-16,delivered,35.9,7.51,43.41,credit_card,1.0,1.0,-4.0,0.0
240553032,c97e64988f3d2b091838bb2815fc246b,1.0,259669447,118538671,2968233830,2018-08-02,delivered,29.9,7.51,37.41,credit_card,3.0,3.0,-4.0,0.0
1869410609,c97e64988f3d2b091838bb2815fc246b,2.0,259669447,118538671,2968233830,2018-08-02,delivered,29.9,7.51,37.41,credit_card,3.0,3.0,-4.0,0.0
1794094962,8349a1bfa0cb940e2505005041c3fede,1.0,2956550303,76876465,84469676,2018-07-29,delivered,149.9,18.18,168.08,credit_card,1.0,10.0,-1.0,0.0
216999216,5eff879c2f04b5e1f7e9c72ae229f074,1.0,156003064,2525477672,2356191125,2018-08-09,delivered,18.95,15.23,34.18,debit_card,1.0,6.0,-8.0,0.0
2573243382,9d8a5f2bdee14c918feed8f8cae3cf94,1.0,1927507103,2436708809,2713847659,2018-08-08,delivered,149.0,20.23,169.23,credit_card,2.0,5.0,-4.0,0.0
1571347917,1dbd19609384c9e5b21e382e560a85fa,1.0,869607138,3822421164,2304947736,2018-08-02,delivered,95.0,15.77,110.77,boleto,1.0,5.0,-6.0,0.0
1572514698,8851b8f3b3c9736081a17b2f49b4eaec,1.0,1713771187,3520052168,2304947736,2018-07-31,delivered,56.0,18.49,74.49,credit_card,2.0,6.0,-11.0,0.0
3719019850,80c54b49eb28ef498e5076bb0a7ca24c,1.0,4202507847,3489777262,3485175421,2018-08-05,delivered,74.0,14.83,88.83,credit_card,4.0,5.0,-4.0,0.0
588661304,b7d161c2d8850a5c429ef63f992193d2,1.0,2973631595,2982441845,4188431272,2018-07-13,delivered,65.0,13.8,78.8,credit_card,7.0,7.0,-12.0,0.0
2081872762,6e4867ec1116496a05dd3051994fa325,1.0,1613939064,897577795,737969628,2018-08-18,delivered,114.9,23.6,138.5,credit_card,8.0,11.0,-12.0,0.0
2093922320,607058c64490de01be8019dfa31a25a2,1.0,2291706364,3268733371,1223474417,2018-07-09,delivered,369.49,41.67,411.16,credit_card,4.0,3.0,-13.0,0.0
4285437689,9917a4ec1326b36d3ed615c06c839870,1.0,2615421951,3224978280,1612681572,2018-07-17,delivered,36.0,16.44,52.44,credit_card,1.0,6.0,-9.0,0.0
3137903335,d4550a84368a296d44630ab6e29c6999,1.0,2841902348,3178912624,3124966291,2018-08-26,delivered,299.0,9.35,308.35,credit_card,10.0,3.0,-6.0,0.0
3105613304,aeb4ec5f0696847ed2357f26abeb5a62,1.0,1447397411,3721417154,2213313366,2018-08-02,delivered,23.9,7.43,31.33,credit_card,1.0,2.0,-3.0,0.0
2941602166,3b3725fa3dfc009ca1e6ebc503a0bd16,1.0,3901429058,3569719807,3147574442,2018-08-04,delivered,149.0,51.33,200.33,credit_card,4.0,8.0,-8.0,0.0
1745003973,a6bb9d1aab3f3b84ce39c8164836fc87,1.0,1261041977,4116139370,687121961,2018-07-05,delivered,79.99,9.31,89.3,boleto,1.0,2.0,-11.0,0.0
473045189,43b1a119dc947cc0fbf512a8763d2c15,1.0,946385705,2123897076,471171552,2018-08-17,delivered,99.9,23.85,123.75,credit_card,5.0,12.0,-15.0,0.0
9950512,c86ed3d96b3e082f9cd03138001af2d6,1.0,964039882,206245515,2636346249,2018-07-31,delivered,49.0,7.6,56.6,credit_card,1.0,3.0,0.0,0.0
3843795661,1f42f4d540bb667dcd3bde1a50c9e442,1.0,1550683556,3752709071,466547318,2018-07-13,delivered,95.9,19.58,115.48,credit_card,3.0,12.0,-12.0,0.0
1005410478,4de51073bc1cd11e85fb03f29508b308,1.0,2054812045,855398928,3741694444,2018-08-06,delivered,99.0,37.6,136.6,credit_card,2.0,17.0,-5.0,0.0
2323932956,5c0020b504a0fe54c58f9135380f6e6d,1.0,903147352,1786968494,655950489,2018-07-14,delivered,514.9,21.7,536.6,credit_card,10.0,9.0,-10.0,0.0
66063689,05f8021cf7217f1990addecad0e24b7a,1.0,2294182665,2542641834,2580370799,2018-08-10,delivered,178.9,19.35,198.25,credit_card,5.0,17.0,-14.0,0.0
543873648,029b1d3a355dec12cfed60927f076a9d,1.0,596037829,1764740173,1919968767,2018-07-17,delivered,110.32,15.87,126.19,credit_card,4.0,9.0,-22.0,0.0
1251112254,029b1d3a355dec12cfed60927f076a9d,2.0,596037829,1764740173,1919968767,2018-07-17,delivered,110.32,15.87,126.19,credit_card,4.0,9.0,-22.0,0.0
382894723,de52e5e01af9c33b04806dea37fb50d7,1.0,3054973539,2633305007,1659506471,2018-07-20,delivered,49.99,16.54,66.53,credit_card,1.0,7.0,-14.0,0.0
342555617,932a6270af6750a5192681cb29c17a6f,1.0,2150518750,3087561987,3574541917,2018-07-14,delivered,35.0,19.16,54.16,credit_card,2.0,10.0,-12.0,0.0
1215832778,9ea1203e5b988b66f3a348380106b77e,1.0,1561557181,1971706587,1919968767,2018-08-16,delivered,110.32,13.43,123.75,credit_card,4.0,11.0,-8.0,0.0
912075758,1ff6ec2c3e9d8820643f43696482d2b9,1.0,3478375492,1300220470,2580370799,2018-07-24,delivered,229.9,16.71,246.61,debit_card,1.0,10.0,-21.0,0.0
1562527521,5cb47274e256db548371bc1cd39f1bae,1.0,4048536250,225580261,3789868639,2018-08-01,delivered,76.95,7.8,84.75,credit_card,3.0,1.0,-3.0,0.0
2616298227,17cdb2d46a5fddefa7bab0474418cc26,1.0,1688172666,1043075622,1767591923,2018-08-21,delivered,66.9,18.57,0.0,unknown,0.0,6.0,-15.0,0.0
653650526,7a0065369b3ed54a8561db3aaf29965d,1.0,2068175928,1999217009,1615213775,2018-08-11,delivered,52.58,13.95,66.53,credit_card,6.0,5.0,-10.0,0.0
1031262963,14c17d3f1039eddcf915f58d3f126948,1.0,4158004366,4003601523,1379301944,2018-08-16,delivered,57.4,18.5,75.9,credit_card,1.0,11.0,-10.0,0.0
2987047127,c85dd5c7536e1f5767943db786f80a7d,1.0,2761626543,2469685987,3503366785,2018-08-03,delivered,299.9,67.18,367.08,credit_card,5.0,6.0,-7.0,0.0
2266195043,0e8488c62611eb99cdf174e019bf9d8a,1.0,628132062,2314797714,1755005248,2018-08-03,delivered,269.0,44.55,313.55,credit_card,5.0,10.0,-8.0,0.0
3039174258,4ed868229ad01b5686124edd1f82b18b,1.0,3312200251,1748755699,1571264779,2018-08-05,delivered,129.0,15.97,144.97,credit_card,2.0,7.0,-2.0,0.0
3353547352,44d14514a06127f72cd96745ed0eed21,1.0,2993272893,1709522070,1813314038,2018-07-08,delivered,29.9,14.52,44.42,boleto,1.0,16.0,-7.0,0.0
2741389795,7b7d41ed4a08974cabec08405b527b18,1.0,1982782534,537864518,3633342575,2018-07-15,delivered,39.0,18.37,57.37,credit_card,1.0,10.0,-15.0,0.0
540621914,d5d91beade5592a7f19b57ef4910572e,1.0,2464162879,2982465350,1615213775,2018-07-02,delivered,66.55,14.78,81.33,credit_card,8.0,5.0,-20.0,0.0
1232532498,2b0b02914575b69cd6787aba9f79a73b,1.0,941367314,1277571969,1763790356,2018-07-22,delivered,170.0,25.54,195.54,credit_card,2.0,8.0,-10.0,0.0
1940059721,58955108a9a0a8b3762f903aba23099a,1.0,3883532782,2879519655,4027816933,2018-07-19,delivered,101.0,24.79,125.79,credit_card,1.0,4.0,-9.0,0.0
4098408372,df720130627bfe896e4eaafe2df5b721,1.0,3944126594,2871465900,1868809992,2018-07-30,delivered,326.0,45.42,371.42,credit_card,3.0,4.0,-33.0,0.0
1539001919,4691f9f99793c6535e4279ae1a5e75e3,1.0,1944914289,3470517503,1615213775,2018-07-29,delivered,56.1,19.58,75.68,credit_card,1.0,5.0,-4.0,0.0
1795961230,2cdc4c50ebeabd8fd87582544e8e46a6,1.0,124604479,2642536142,2980841612,2018-07-08,delivered,58.5,15.51,74.01,credit_card,1.0,19.0,-21.0,0.0
1266604767,9f5721ac1a943468f5591f34f17bba7e,1.0,3733370870,2942794295,2200182065,2018-08-15,delivered,119.0,27.13,146.13,credit_card,4.0,6.0,-3.0,0.0
3563503097,830c7606efcb798e1bacdc56247dc134,1.0,2257141719,4151863183,96764808,2018-08-09,delivered,24.9,16.45,34.550253268936274,boleto,1.0,4.0,-11.0,0.0
71286461,830c7606efcb798e1bacdc56247dc134,2.0,2257141719,1565663647,3542197976,2018-08-09,delivered,59.99,16.45,83.23974673106373,boleto,1.0,4.0,-11.0,0.0
2069976368,d20cb870c4dcb39bb4703c900f4e6dfa,1.0,2956473673,3386713155,3024217810,2018-08-25,delivered,10.0,7.39,17.39,credit_card,1.0,2.0,-2.0,0.0
4207165354,8c8ebe7dc2f3642dbca41a627402b39d,1.0,1054153399,3999508904,1694950908,2018-07-18,delivered,21.2,7.41,28.61,credit_card,1.0,7.0,-6.0,0.0
756429930,084ce670827e3ebb5f585818b985bc25,1.0,735715232,1193040373,818805068,2018-07-03,delivered,98.89,25.04,123.93,credit_card,8.0,6.0,-18.0,0.0
1634817505,084ce670827e3ebb5f585818b985bc25,2.0,735715232,1193040373,818805068,2018-07-03,delivered,98.89,25.04,123.93,credit_card,8.0,6.0,-18.0,0.0
2173859818,6c18e8919d8c368f2074946445b35dce,1.0,3539394209,3304897236,123833255,2018-07-26,delivered,42.0,8.45,50.45,credit_card,1.0,1.0,-7.0,0.0
649108203,d6f7121c5ede8e22d75e57b6e836871f,1.0,2061200735,471877111,2592359954,2018-08-16,delivered,84.9,22.52,107.42,debit_card,1.0,8.0,-13.0,0.0
1120241004,dddc39f5e5e0fa66470e4fd815a31c5d,1.0,2546745520,2495106546,2580370799,2018-07-11,delivered,89.0,23.34,112.34,credit_card,1.0,13.0,-21.0,0.0
3896516889,acd8b5c9553781a42c06690b5332a9f2,1.0,3335125522,349322621,2673328478,2018-08-15,delivered,35.0,9.0,44.0,credit_card,1.0,5.0,-3.0,0.0
3475589658,630851c26588ce1346328ce74a222c7f,1.0,3189804528,1807124262,3807170672,2018-07-30,delivered,62.0,37.34,99.34,boleto,1.0,16.0,-12.0,0.0
599060374,0113affd907a209209ab08413bb54226,1.0,2152199796,174750780,523493826,2018-07-09,delivered,122.99,63.11,186.1,credit_card,4.0,21.0,-6.0,0.0
1166056698,ccb379daf2809ecb372b357caf254c33,1.0,2913389895,2639647191,585086534,2018-07-29,delivered,31.99,13.56,45.55,credit_card,1.0,3.0,-8.0,0.0
3958971465,ccb379daf2809ecb372b357caf254c33,2.0,2913389895,2639647191,585086534,2018-07-29,delivered,31.99,13.56,45.55,credit_card,1.0,3.0,-8.0,0.0
3791162543,2b4b4a22de76a4cc703a9d68cb690bae,1.0,300140608,685406600,2722740119,2018-07-05,delivered,209.0,20.65,229.65,boleto,1.0,18.0,-8.0,0.0
2201523810,93feaaf6bcd5ebfd8e50ddca7a8e3d0a,1.0,3303868300,3309960055,2949449251,2018-07-20,delivered,42.9,23.02,65.92,credit_card,2.0,27.0,-15.0,0.0
2692547448,0893ae2dd572c400965d60fa77f45076,1.0,2644641687,2608146566,91113541,2018-07-18,delivered,99.9,27.0,0.0,unknown,0.0,6.0,-13.0,0.0
549821645,043e7f7cfe1fdc68f4ba3dc83504db83,1.0,641761400,455401492,4197047986,2018-07-02,delivered,120.0,20.03,140.03,credit_card,2.0,8.0,-16.0,0.0
3952564022,a71ebda57a67e6349ab52539913f78d8,1.0,3201755126,532503737,2592359954,2018-07-26,delivered,94.9,15.76,110.66,debit_card,1.0,7.0,-8.0,0.0
2849059985,00faa6afcde74aaa630e1d2fda2bb0f7,1.0,3733650646,701735974,2712979794,2018-08-01,delivered,22.5,18.26,40.76,boleto,1.0,9.0,-14.0,0.0
1617429653,dae91c4dced184f9ead8277e600b44a2,1.0,1788669779,2074031078,1734769477,2018-07-18,delivered,109.9,23.57,133.47,credit_card,2.0,12.0,-7.0,0.0
3616264775,6bd0fc624485f2d1ad4aad6df1569d1a,1.0,3631758871,302677745,3839148968,2018-08-15,delivered,399.0,29.74,428.74,boleto,1.0,8.0,-7.0,0.0
3969430217,84869ba3df14629b57ca40c491a842e6,1.0,2486724103,3822421164,2304947736,2018-07-27,delivered,95.0,18.77,113.77,credit_card,10.0,49.0,32.0,1.0
3070302713,b7d0e451b92a8719276a9f822fa0dd1f,1.0,2674359508,393153825,3526794372,2018-08-14,delivered,75.0,12.83,87.83,voucher,1.0,3.0,-4.0,0.0
1602152176,a4c7db3bf41a4d09d2a5166346366be5,1.0,758292887,1259716184,53223181,2018-08-05,delivered,28.99,18.3,47.29,credit_card,1.0,8.0,-2.0,0.0
233241239,a6e8ad5db31e71f5f12671af561acb4a,1.0,2640722083,4127033778,730094745,2018-08-08,delivered,17.0,12.43,29.43,credit_card,2.0,6.0,-2.0,0.0
1358801158,807cfbea3c04fa82a5bfda36d63e88d6,1.0,266624312,2433497290,2054957919,2018-07-25,delivered,269.45,18.08,287.53,credit_card,5.0,5.0,-9.0,0.0
3242460591,8badb85035ae9283c53e42b0ab697410,1.0,4023877391,3381232156,3526770996,2018-08-06,delivered,37.9,20.54,58.44,credit_card,1.0,8.0,-9.0,0.0
2570881617,556a840ca8df33d08ff39fed4a28792b,1.0,3787989285,2679587173,1755005248,2018-08-01,delivered,29.9,23.36,53.26,credit_card,2.0,14.0,-8.0,0.0
3878775749,556a840ca8df33d08ff39fed4a28792b,2.0,3787989285,2679587173,1755005248,2018-08-01,delivered,29.9,23.36,53.26,credit_card,2.0,14.0,-8.0,0.0
3297211183,2f051c48f79c5d8bd789e2f51f24700e,1.0,4151091022,2504790231,675238133,2018-08-08,delivered,25.9,15.28,41.18,credit_card,2.0,14.0,-1.0,0.0
332709770,003edccf16bc5ec447f592913b3df2b4,1.0,2386708084,2609951366,1672091742,2018-07-07,delivered,14.0,50.85,64.85,credit_card,1.0,26.0,-1.0,0.0
965546363,4885f680d19431887659d8d44e97599c,1.0,163862780,329489562,3488828128,2018-08-16,delivered,100.79,18.81,119.6,credit_card,2.0,10.0,-3.0,0.0
4220792145,db274d549125d73b0e1052886af9422e,1.0,3854288345,3217722958,3383264847,2018-07-23,delivered,69.0,16.75,85.75,credit_card,3.0,3.0,-7.0,0.0
4072564628,65b5c34eac96c508fd60327de50a2d3c,1.0,883431288,1701850853,35460556,2018-07-16,delivered,14.99,7.39,0.28,credit_card,1.0,9.0,-5.0,0.0
3322621103,47d2367a665bbdf93b5db53cfc4f5d2a,1.0,1750256590,1743006223,2261194409,2018-08-16,delivered,127.9,12.63,140.53,credit_card,4.0,4.0,-9.0,0.0
1731774535,562123563a31d7d3d69fd9ce87a0d443,1.0,868278429,2067738168,1755005248,2018-08-01,delivered,70.0,21.79,91.79,credit_card,8.0,4.0,-4.0,0.0
3210466852,aee590f76dc95d8c147146ae04100704,1.0,496876461,2396729096,1125369443,2018-08-05,delivered,120.0,17.03,137.03,credit_card,2.0,10.0,-4.0,0.0
2871413511,b2bbb2cca536bb4984557119c0eb3d8a,1.0,1171767491,3268583915,2507420777,2018-08-13,delivered,209.9,13.2,223.1,credit_card,8.0,2.0,-13.0,0.0
2659277027,52628d72feaca84428e9d902d3985605,1.0,135893072,1629797676,1579174796,2018-08-07,delivered,78.99,17.68,96.67,credit_card,3.0,6.0,-4.0,0.0
37326291,097d24fcfb2b0afac45ea41ab4d91694,1.0,2986542675,109469481,3546486894,2018-07-26,delivered,155.0,15.48,0.0,unknown,0.0,4.0,-4.0,0.0
1604070683,9a503487f2a2141cfc220d61e43bd938,1.0,1046605804,545984355,819761952,2018-08-06,delivered,99.9,17.83,117.73,boleto,1.0,8.0,0.0,0.0
395625450,a72a85d8ae2274e218fcea46f815cfa7,1.0,2003655907,4161737918,4125443955,2018-07-05,delivered,37.9,9.58,47.48,credit_card,2.0,5.0,-10.0,0.0
3522874404,b62cbd4c81925d07d9fd52a505072b62,1.0,2522757740,1575655702,3968462480,2018-08-16,delivered,119.0,57.31,176.31,boleto,1.0,11.0,0.0,0.0
1089266950,a6f7597815271fe59f9c00b31e6d322a,1.0,2898344240,1776620515,2475905934,2018-07-16,delivered,99.99,23.5,123.49,credit_card,2.0,9.0,-16.0,0.0
1935441880,223f7c98cbcab2327a6e8b11e0f13838,1.0,2107408206,2082431831,3778119994,2018-08-03,delivered,139.0,28.25,167.25,boleto,1.0,13.0,-13.0,0.0
96960905,39454163ea6db630f644e723c00f7da3,1.0,2928543315,1073034285,319657283,2018-07-03,delivered,36.9,7.84,44.74,credit_card,1.0,3.0,-9.0,0.0
1137614845,df13cbaf3230c62a4b582317936e8a39,1.0,87349731,342088942,1692866640,2018-07-08,delivered,6.12,11.13,8.844698326196962,credit_card,10.0,5.0,-14.0,0.0
4271408122,df13cbaf3230c62a4b582317936e8a39,2.0,87349731,1604237302,1556364177,2018-07-08,delivered,168.8,24.74,243.95181004281815,credit_card,10.0,5.0,-14.0,0.0
200667265,df13cbaf3230c62a4b582317936e8a39,3.0,87349731,342088942,1692866640,2018-07-08,delivered,6.12,11.13,8.844698326196962,credit_card,10.0,5.0,-14.0,0.0
1271213238,df13cbaf3230c62a4b582317936e8a39,4.0,87349731,342088942,1692866640,2018-07-08,delivered,6.12,11.13,8.844698326196962,credit_card,10.0,5.0,-14.0,0.0
3032102614,df13cbaf3230c62a4b582317936e8a39,5.0,87349731,342088942,1692866640,2018-07-08,delivered,6.12,11.13,8.844698326196962,credit_card,10.0,5.0,-14.0,0.0
624721261,df13cbaf3230c62a4b582317936e8a39,6.0,87349731,342088942,1692866640,2018-07-08,delivered,6.12,11.13,8.844698326196962,credit_card,10.0,5.0,-14.0,0.0
1814604470,df13cbaf3230c62a4b582317936e8a39,7.0,87349731,342088942,1692866640,2018-07-08,delivered,6.12,11.13,8.844698326196962,credit_card,10.0,5.0,-14.0,0.0
761913821,6e094f9da57fda90223610bbba3d4c6a,1.0,1972059851,814955450,2263326692,2018-07-08,delivered,73.9,13.86,87.76,credit_card,2.0,3.0,-13.0,0.0
1732605611,b1a6e1094db81b9b6f4b80a40fec524f,1.0,244910329,4153400718,1823190993,2018-07-17,delivered,1788.0,44.54,1832.54,credit_card,10.0,10.0,-12.0,0.0
183630858,c37a9a364fe07bc26ad03f0b4f306aa1,1.0,1815931727,3239363638,1868809992,2018-07-30,delivered,228.0,19.99,247.99,debit_card,1.0,7.0,-27.0,0.0
2103099456,d7f1fc795c94efd3a00141a5f8a2c9d7,1.0,4005351980,4060438359,2127102607,2018-08-13,delivered,22.9,37.07,59.97,debit_card,1.0,14.0,-10.0,0.0
558793720,b0018957adea4b9acded9df77514b844,1.0,1348356318,3029072800,1512163182,2018-07-03,delivered,140.9,14.33,155.23,credit_card,1.0,7.0,-22.0,0.0
3987452742,d032b5a19c78b60d1d65a567c274782d,1.0,3286154020,164855488,568670513,2018-08-10,delivered,52.09,18.54,70.63,debit_card,1.0,4.0,-2.0,0.0
13589751,def50c71a1a53113fb9d1ad68ee34e4a,1.0,508447146,1626959047,447945570,2018-08-14,delivered,120.49,19.75,140.24,credit_card,2.0,14.0,-8.0,0.0
2518914468,d1b180581daf3c00f4ab3691c9a12c92,1.0,3773742047,344482727,3770405468,2018-07-29,delivered,239.9,24.62,264.52,credit_card,5.0,2.0,-12.0,0.0
2680316004,dd148019cfd83f2e45f6c5d5a09771a0,1.0,1532831560,1091693017,1555790669,2018-08-19,delivered,60.0,7.68,67.68,debit_card,1.0,4.0,-6.0,0.0
205190545,2ad833b9fd5613588e248a6973e94de4,1.0,1222445015,216018721,2622583364,2018-08-23,delivered,299.9,14.76,314.66,credit_card,8.0,6.0,-5.0,0.0
61969758,a4bc1696d87f667da1b782b7707358ad,1.0,2480604879,631981802,4071751220,2018-08-08,delivered,49.9,7.61,57.51,credit_card,2.0,5.0,0.0,0.0
1491774806,4fe7d00d2bde166848bb86b86054295c,1.0,275256484,2879754240,1640236840,2018-07-14,delivered,55.0,18.49,73.49,boleto,1.0,8.0,-9.0,0.0
1466729503,2fbaa53206d7c894eb7fd3a28d5d5592,1.0,1740574755,3368556892,2324869708,2018-08-06,delivered,197.9,36.74,234.64,credit_card,10.0,7.0,-4.0,0.0
3382127465,8a713dce9fdac6b51a968b765612a700,1.0,3937764247,2852663264,1409850509,2018-08-18,delivered,38.0,8.43,46.43,credit_card,2.0,3.0,-3.0,0.0
2278049275,2f81679117775afb1a3ed7a78186eba8,1.0,487135090,3201228581,926823165,2018-07-08,delivered,12.25,7.39,19.64,credit_card,1.0,3.0,-8.0,0.0
61735484,43787011f63fb232ab281d68142f504f,1.0,43262823,1256751381,2880307388,2018-08-06,delivered,59.95,9.17,69.12,credit_card,6.0,9.0,-4.0,0.0
1684032030,d80f699fe4f9cb9ee6be99a1ff5c3944,1.0,2952443070,1559124853,817387091,2018-07-04,delivered,55.9,42.67,98.57,boleto,1.0,9.0,-20.0,0.0
1760657709,6d33da353d1319cf0f6c982b71edf354,1.0,3591422531,302400981,2304947736,2018-08-17,delivered,49.0,7.6,56.6,credit_card,1.0,11.0,6.0,1.0
3445563690,d4a27413b758ce1cea90d005252591f9,1.0,2938917682,3763077621,3626123686,2018-07-24,delivered,26.4,15.29,41.69,boleto,1.0,6.0,-13.0,0.0
1066759362,10b063d9a52993cc25ea7fe15c9334de,1.0,4271534835,2562460629,1884653127,2018-07-16,delivered,45.9,18.42,64.32,credit_card,1.0,3.0,-11.0,0.0
607964237,5494b2ddfe11df2c043ab5a56a2832bd,1.0,546972501,1928443686,3110983423,2018-08-05,delivered,69.99,18.59,88.58,credit_card,1.0,4.0,-8.0,0.0
579782286,64b45dd4d304401bc5a8b1ba620379a4,1.0,2218864808,235733608,353620887,2018-07-21,delivered,59.9,14.73,74.63,credit_card,1.0,5.0,-13.0,0.0
2821090345,45356b921c317565a85a7830994e288f,1.0,2878968375,3388342263,1579174796,2018-07-19,delivered,19.9,12.8,0.0,unknown,0.0,11.0,-3.0,0.0
2630572011,8b02937454ecbf39dea9989375d931e3,1.0,4154821194,2154414236,1765806340,2018-07-10,delivered,105.0,36.19,141.19,credit_card,5.0,9.0,-12.0,0.0
3191018945,57234dd70be5134da4994cc77f7d7693,1.0,2263372653,2019682322,422090325,2018-07-25,delivered,18.0,17.06,35.06,credit_card,1.0,13.0,-7.0,0.0
3788997231,7707b1061567c2bc77fe8c3724a3d615,1.0,548796653,2091800923,1472339194,2018-08-07,delivered,54.9,15.48,70.38,boleto,1.0,15.0,-2.0,0.0
1211630933,cf2b1a6921421d6455c8be0a1e2677d4,1.0,3823617038,2457385807,3404539086,2018-08-22,delivered,141.61,20.18,161.79,credit_card,3.0,8.0,-7.0,0.0
1951216627,b58613b6198d11176ee50ef1d433bfbd,1.0,3535599971,2279606371,305748041,2018-07-17,delivered,26.9,15.29,42.19,boleto,1.0,20.0,-1.0,0.0
1282835171,3ce28675a76726b00db6e5f1a3f61a5b,1.0,2492706735,3239363638,1868809992,2018-07-28,delivered,228.0,49.97,277.97,credit_card,2.0,5.0,-17.0,0.0
160743019,13753a4e6ae3b0201fb95003db4af823,1.0,3192312380,1934518943,96764808,2018-07-18,delivered,14.9,8.29,23.19,credit_card,2.0,2.0,-7.0,0.0
1898487015,27e82e1666b119aaadc6466019e50bc3,1.0,2306051715,1923618652,1696683105,2018-08-14,delivered,42.93,7.56,50.49,boleto,1.0,3.0,-3.0,0.0
498756396,6d1832bd42dccbd91d1ce32da7f54492,1.0,23551670,762556969,4275876195,2018-07-01,delivered,129.97,8.49,138.46,boleto,1.0,3.0,-12.0,0.0
1796933399,49e4c4907bdae7153ea492e2827fe5ab,1.0,120324073,231576890,3659481684,2018-08-02,delivered,25.89,18.28,44.17,credit_card,1.0,7.0,-6.0,0.0
2352540307,14896b78d03e4c9b80d6b32f73b2fb0d,1.0,2026963712,3351697209,3346316410,2018-08-23,delivered,98.0,15.76,113.76,boleto,1.0,6.0,-12.0,0.0
1329246139,454f02c2698ee870f2ebc3741d64540e,1.0,1431856044,391181773,123833255,2018-08-05,delivered,250.0,32.8,282.8,credit_card,8.0,8.0,-15.0,0.0
3287997357,db6953ee3e550b44b0876aef0ce63dd5,1.0,1863184204,772072752,3346316410,2018-08-25,delivered,109.0,15.83,124.83,credit_card,3.0,3.0,-8.0,0.0
242690575,880d0b678864b60cb1a087a3a0a896f0,1.0,2107028713,1106066167,1345082375,2018-07-13,delivered,310.0,45.97,355.97,boleto,1.0,10.0,-9.0,0.0
2616715007,c8ee25817be1ba8d4baa1d441aff6d48,1.0,2117919145,2763985828,3193283800,2018-08-12,delivered,52.99,13.95,66.94,credit_card,3.0,9.0,-3.0,0.0
827518465,a34cb116fd337ef68f4d8057031b39a5,1.0,4119330385,3363469831,740847726,2018-07-05,delivered,19.9,15.24,35.14,boleto,1.0,7.0,-26.0,0.0
1361918493,a04d5b77845f10a45576f115ac7a9c0d,1.0,2964969540,367207545,3485175421,2018-07-17,delivered,52.9,23.17,76.07,credit_card,1.0,7.0,-22.0,0.0
3890132413,1e5da4d344c0467e7c6f3a90e5ff91b7,1.0,497247656,1813560524,1873747380,2018-07-20,delivered,138.0,60.2,198.2,debit_card,1.0,10.0,-10.0,0.0
4142374356,00e365f4fc03d1098841af23d05c17a6,1.0,2487422783,3489139802,581044507,2018-08-20,delivered,175.0,19.33,194.33,credit_card,3.0,9.0,-12.0,0.0
1549148804,cfc8693f5a72369e0b4cd8d2f4f01ff1,1.0,3170984328,2834633731,2821648493,2018-08-04,delivered,676.97,62.82,739.79,credit_card,10.0,10.0,-7.0,0.0
3937084257,c2412fc369f785dbaebb28b731f92bdc,1.0,1087755808,26367845,3746284701,2018-08-03,delivered,29.9,7.63,37.53,credit_card,1.0,5.0,0.0,0.0
1456415505,1473319e2ff85803b7e969a788740cda,1.0,858984819,3474972314,2866776968,2018-07-10,delivered,69.9,18.59,88.49,credit_card,8.0,5.0,-14.0,0.0
3664581220,99b3fb1a943fa5d4af2a3386f00fdd19,1.0,2152022783,2155588347,3115096273,2018-08-22,shipped,49.89,9.1,58.99,credit_card,5.0,,,
3397626527,138f041df3644d9ad82f50c67b7bb304,1.0,1169742889,2509987569,3856277923,2018-07-16,delivered,116.36,18.92,135.28,credit_card,10.0,10.0,-8.0,0.0
2120267603,b66f62c3c5b15126deea5d6bb1d75889,1.0,1279452815,443793381,375847922,2018-08-10,delivered,37.0,13.6,50.6,credit_card,2.0,11.0,-2.0,0.0
3605732157,81d183ca30a0f0ced737aed18b2ed9de,1.0,398087307,1519832966,4086780073,2018-08-02,delivered,119.0,65.28,184.28,credit_card,8.0,8.0,-21.0,0.0
1933773433,81d183ca30a0f0ced737aed18b2ed9de,2.0,398087307,1100310831,4086780073,2018-08-02,delivered,119.0,65.28,184.28,credit_card,8.0,8.0,-21.0,0.0
4079673696,7621ddb8114cb72e4ac4673daf869f93,1.0,2595313985,3879458629,2804246847,2018-08-14,delivered,135.9,16.05,151.95,credit_card,2.0,4.0,-6.0,0.0
1417769407,e1d3f67ea81edae5f2975c2adb668b80,1.0,2050709296,2944240992,1615213775,2018-08-08,delivered,40.35,19.47,59.82,credit_card,1.0,5.0,-13.0,0.0
1913270319,e1d3f67ea81edae5f2975c2adb668b80,2.0,2050709296,2944240992,1615213775,2018-08-08,delivered,40.35,19.47,59.82,credit_card,1.0,5.0,-13.0,0.0
2587973339,70a988768d7dcafd6284577743090bb3,1.0,2798766590,774870517,4109304321,2018-07-18,delivered,128.0,14.24,142.24,boleto,1.0,11.0,-8.0,0.0
875716594,9d3da55bc185ccdbeccac8824c7330ae,1.0,103312839,374058553,1884653127,2018-08-20,delivered,31.9,8.38,40.28,credit_card,4.0,7.0,3.0,1.0
3767153126,a061df95ad7f5cdb3f6f15062486f4af,1.0,3197380927,1923531110,2131055484,2018-08-13,delivered,49.99,7.61,57.6,credit_card,1.0,2.0,-6.0,0.0
945431269,0b1c59b14d8f5965dea7bc2db28a34ee,1.0,2297389714,808779459,2227349227,2018-07-16,delivered,29.9,18.31,0.0,unknown,0.0,9.0,-5.0,0.0
3008300856,0e78cb0dc0e9e34f24bab8c86de949f1,1.0,3011064054,2746580491,3154186893,2018-07-29,delivered,167.68,20.36,188.04,credit_card,1.0,3.0,-20.0,0.0
3730039246,de11314f84cd5578a36ab8312ab5b5df,1.0,1171152452,1277571969,1763790356,2018-08-03,invoiced,170.0,10.32,180.32,credit_card,1.0,,,
1498755605,924d24dd7c6de024d96e25d4812d65bd,1.0,617427916,1241208376,2023461531,2018-07-02,delivered,69.99,19.4,89.39,credit_card,1.0,9.0,-16.0,0.0
119746856,2296fa4ebace1edacb9f91509766eb18,1.0,362217885,3652348979,1813866832,2018-07-21,delivered,228.99,10.35,239.34,credit_card,1.0,17.0,-7.0,0.0
3259525471,28ac9e005a274e1eeec0d874ce8e27f9,1.0,3539223981,1927800406,520545560,2018-08-16,delivered,17.5,18.23,35.73,debit_card,1.0,8.0,-7.0,0.0
3883128866,9dfd8df84d4f07cc8da0f2fa0fe96075,1.0,3009755510,4091113039,581044507,2018-07-19,delivered,178.99,8.99,187.98,boleto,1.0,5.0,-14.0,0.0
34955297,492f9efcbf108782f4de28d4ad0d4fc3,1.0,1146598353,3203899544,1565580883,2018-08-11,delivered,95.28,18.91,114.19,credit_card,4.0,5.0,-25.0,0.0
3675805385,492f9efcbf108782f4de28d4ad0d4fc3,2.0,1146598353,3203899544,1565580883,2018-08-11,delivered,95.28,18.91,114.19,credit_card,4.0,5.0,-25.0,0.0
2883308115,c8955054eff8de46231cb6e2e76b4fdc,1.0,3865333612,1606470815,3147574442,2018-08-03,delivered,49.0,42.62,91.62,credit_card,8.0,12.0,-15.0,0.0
23096282,9333298e9cc54a35f22242a9fc3a3ad0,1.0,144915955,553412510,2100815658,2018-07-06,delivered,95.2,23.47,118.67,debit_card,1.0,10.0,-10.0,0.0
3649177464,16a811fb1fdf869b3b5ab6f91b6f36bb,1.0,754133177,3489777262,3485175421,2018-07-31,delivered,74.0,14.83,88.83,debit_card,1.0,8.0,0.0,0.0
3068424483,3891073d9934c3bc761f151f90f1be17,1.0,272561803,3187111299,353620887,2018-07-23,delivered,99.9,23.5,123.4,credit_card,1.0,6.0,-14.0,0.0
1887302293,3c4401b17854071a9f4cf7a4d017fe3a,1.0,1289398904,2855261688,1361868224,2018-07-02,delivered,109.0,19.95,128.95,credit_card,4.0,9.0,-19.0,0.0
1395284498,4ff9ab070e81af8af428c889cc08b06d,1.0,3145522181,3508197554,925912501,2018-07-20,delivered,39.9,9.03,48.93,boleto,1.0,5.0,-4.0,0.0
3758438726,c5e30f4818a17e20a66b7277cd2eda07,1.0,3559104931,2407984281,342097555,2018-07-14,delivered,79.9,23.36,103.26,credit_card,8.0,9.0,-22.0,0.0
723808296,bc1b0a5ec1ab0ef72c28325275a2f908,1.0,3253500308,2254554039,4194263931,2018-08-09,delivered,125.0,18.98,143.98,credit_card,2.0,18.0,-4.0,0.0
122330343,530b947c3a33112e9d1b807557aabe41,1.0,3114816110,1293391083,797873474,2018-07-07,delivered,23.95,12.47,36.42,credit_card,1.0,4.0,-15.0,0.0
3705919892,120b19c8ebbbe34df59e157f3dd1f0c9,1.0,1584645164,3900236847,1604814988,2018-08-03,delivered,28.9,23.35,52.25,boleto,1.0,12.0,0.0,0.0
1742009972,5546e31c47b50234b9ac599f2f8c0061,1.0,3008863186,3815736963,1379301944,2018-08-08,delivered,17.19,12.79,29.98,credit_card,1.0,7.0,-8.0,0.0
2283168180,64a0069bcf4240b9246d1f9b7ed61825,1.0,4050437789,3574529082,2023461531,2018-07-25,delivered,49.99,7.61,57.6,boleto,1.0,2.0,-5.0,0.0
3873344068,a8a737a6c936da9f10807e4c4262da72,1.0,3195420321,3776974409,188678471,2018-08-07,delivered,198.0,19.49,217.49,credit_card,4.0,9.0,-3.0,0.0
2742149738,383adbaf853206e2dea04ba16c94f20a,1.0,2477720758,3720726719,3051201525,2018-08-21,delivered,59.0,13.99,72.99,credit_card,1.0,6.0,-2.0,0.0
2870635561,55bb79b4227dafa41a25a45e8462c7b5,1.0,946271590,2308396559,884199128,2018-07-01,delivered,21.5,18.25,39.75,credit_card,1.0,9.0,-21.0,0.0
209182392,55bb79b4227dafa41a25a45e8462c7b5,2.0,946271590,2308396559,884199128,2018-07-01,delivered,21.5,18.25,39.75,credit_card,1.0,9.0,-21.0,0.0
3711565827,8f0518f5d4437b43c4849faee7e6dacd,1.0,3149741806,1936447008,819761952,2018-07-01,delivered,32.9,19.42,52.32,credit_card,2.0,9.0,-17.0,0.0
3692328870,5ae462adc9fc09ec40e8eb915cecb4ca,1.0,3545102684,374058553,1884653127,2018-07-09,delivered,30.9,8.91,39.81,credit_card,1.0,3.0,-6.0,0.0
3367563896,ab7a53a8e94cab448240ff654797c44e,1.0,1547484689,1613907124,694667428,2018-08-28,delivered,249.9,9.91,259.81,credit_card,2.0,2.0,-4.0,0.0
2577240220,6533a0d9c1703a1ebf0115fb55e01834,1.0,4274010372,3263319202,3473894114,2018-08-11,delivered,34.9,23.39,58.28999999999999,credit_card,1.0,12.0,-39.0,0.0
2399507091,d035bb29ea5accfdb6e0c4b6925651cb,1.0,705009336,3678790918,3804798124,2018-07-29,delivered,250.0,26.1,276.1,credit_card,1.0,7.0,-9.0,0.0
1930490009,36870d717737ef5f4b201e7787c3ea6f,1.0,2083955353,252693253,2979075641,2018-07-04,delivered,598.99,22.29,621.28,credit_card,7.0,6.0,-21.0,0.0
3889932667,5c2c3051e99aa85bb1f2260f51e59f49,1.0,2796080097,3048535270,3147574442,2018-08-15,delivered,149.0,44.84,193.84,credit_card,5.0,11.0,3.0,1.0
808131283,a28814d7900a79b375c4f1aa2d2e1006,1.0,94800065,840416180,2494108194,2018-08-10,delivered,125.9,15.98,141.88,credit_card,2.0,7.0,-10.0,0.0
1947988915,818996ea247803ddc123789f2bd6046b,1.0,3441443240,1674287090,2261194409,2018-08-20,delivered,129.9,20.99,150.89,boleto,1.0,9.0,-36.0,0.0
2448896145,6aa88d307527c2931de6242ca2fbd3a2,1.0,2435760668,352077181,4106597905,2018-08-01,delivered,21.1,7.41,28.51,credit_card,1.0,2.0,-3.0,0.0
1998185416,3784bc92c8ff0ca207ed55629e5df7e9,1.0,1630347201,4114507059,1994919736,2018-07-05,delivered,70.0,7.75,77.75,credit_card,3.0,18.0,0.0,0.0
3312970511,0a90fd1ec2b6416cf95f9f9dbca21d9a,1.0,2937491797,2325558939,935749508,2018-07-29,delivered,34.99,19.44,54.43,credit_card,2.0,5.0,-26.0,0.0
1443135285,c4b8f31cb06079bdad3591ad9adc2d19,1.0,1829154066,1492486590,3267771422,2018-08-11,delivered,39.9,8.44,48.34,credit_card,2.0,3.0,-3.0,0.0
1460223016,7a8f0c1255003a0de7fd484dbab75fdb,1.0,2748849405,174750780,523493826,2018-07-05,delivered,122.99,30.11,153.1,boleto,1.0,18.0,-21.0,0.0
3754176437,519478e4bc7d1ca7d93f2fcd7f9e54b7,1.0,2245348991,4001472676,3927253571,2018-07-01,delivered,6.5,18.23,24.73,credit_card,2.0,9.0,-21.0,0.0
223399818,1a018d08ae8c02d0106efe732d3e8a03,1.0,4145723989,2128587248,1751079328,2018-08-07,delivered,129.9,23.71,153.61,debit_card,1.0,7.0,-15.0,0.0
531138202,cb8ac0a66ab9381703d4a2c473bba526,1.0,4101084690,3216787183,1236024297,2018-07-31,delivered,29.9,8.55,38.45,voucher,1.0,7.0,1.0,1.0
437133882,7d7f723eeaa656d3a6d504e6342e3d58,1.0,3296934264,3818021243,2023461531,2018-07-05,delivered,289.0,23.95,312.95,credit_card,8.0,7.0,-18.0,0.0
2282347741,bdda3ba1c505bc39ff2117e340280a74,1.0,954255806,2634595397,299968277,2018-08-03,delivered,132.0,9.67,141.67,credit_card,3.0,9.0,5.0,1.0
1102932464,03ad48120321b06697272dfa53deff2b,1.0,2006166464,2338770647,3094387524,2018-08-22,delivered,69.9,21.13,91.03,credit_card,4.0,7.0,-11.0,0.0
3970982647,90ee67e34c9289cc136a3677fc118253,1.0,1849101737,3564209566,1279646700,2018-08-12,delivered,56.1,18.49,74.59,credit_card,1.0,4.0,-11.0,0.0
789104591,a727355acb88d9b3e6e41fb2e3888a0e,1.0,2613937290,3201228581,926823165,2018-07-23,delivered,19.9,7.4,27.3,boleto,1.0,2.0,-6.0,0.0
2963420857,95026e2a6e774fdf2bb59a5eab661b15,1.0,2330759351,2228174140,3633342575,2018-08-26,delivered,12.99,15.23,28.22,credit_card,1.0,4.0,-14.0,0.0
274812572,c313f7a184ca89fe98049253bd4a3806,1.0,2667068510,2608146566,91113541,2018-08-06,shipped,99.9,22.0,121.9,boleto,1.0,,,
825311288,cff23799a67437f662527dff6056233e,1.0,3820545761,2203887488,2023461531,2018-08-01,delivered,99.0,8.85,107.85,credit_card,1.0,2.0,-3.0,0.0
3691493223,2c6fdda09fe92a0d4909b941e62fd790,1.0,938687163,3732208729,3067264533,2018-08-13,delivered,114.9,44.72,159.62,credit_card,2.0,11.0,-18.0,0.0
2885809941,91a4048535e7c3a499d28e56430d7c6a,1.0,2406153529,3569719807,3147574442,2018-08-05,delivered,149.0,44.84,193.84,credit_card,10.0,8.0,-9.0,0.0
2587397969,2ec51579f21b9d6da3f417e7ccea378d,1.0,2665322101,4243465835,2059590905,2018-07-06,delivered,118.8,18.93,137.73,credit_card,1.0,7.0,-17.0,0.0
1573575377,b15cd4687b1005f8274833b2c85b8cca,1.0,1718820356,1414168047,48186193,2018-07-21,delivered,95.0,38.94,133.94,credit_card,10.0,9.0,-18.0,0.0
1771151952,18de001c224789d86e9b702f0c0dde74,1.0,1600278255,1736179059,3761277192,2018-07-20,delivered,44.9,16.5,61.4,credit_card,1.0,7.0,-20.0,0.0
2123586979,b9b862b71dd3a13f37bbb72f2addc949,1.0,2151993636,3149468529,250985049,2018-07-27,delivered,54.9,22.31,77.21,credit_card,1.0,20.0,-21.0,0.0
2805897885,5265e13b1b649ee26bbaa159d56167aa,1.0,2058982593,1570529340,3546486894,2018-07-19,delivered,20.0,15.24,35.24,credit_card,1.0,7.0,-6.0,0.0
1730433754,cead26525980a4c3b2709a02342422c5,1.0,991067239,3823320208,357383673,2018-07-25,delivered,69.9,14.07,83.97,credit_card,1.0,5.0,-16.0,0.0
534452389,3660e114692157e805cdd9f04e83d9e9,1.0,2330067686,3250949668,1556364177,2018-07-04,delivered,34.9,13.82,48.72,credit_card,3.0,6.0,-15.0,0.0
3959218363,3660e114692157e805cdd9f04e83d9e9,2.0,2330067686,3250949668,1556364177,2018-07-04,delivered,34.9,13.82,48.72,credit_card,3.0,6.0,-15.0,0.0
2120769175,d91313a0c0af07ea76d8eb89ed780b61,1.0,3665458753,1301095001,2235530015,2018-07-17,delivered,59.0,16.6,75.6,boleto,1.0,7.0,-9.0,0.0
3653144618,ad1e181092a016f9c984f5ba59bd9119,1.0,1803451672,2162462400,1480205621,2018-07-21,delivered,278.5,23.88,302.38,debit_card,1.0,11.0,-13.0,0.0
670596350,cf61ad2218e5c14397e7c0ba7a6a50f9,1.0,340653533,2660378645,305748041,2018-08-08,delivered,19.9,15.24,35.14,debit_card,1.0,6.0,-15.0,0.0
4058331196,2cb6e38ed0cc360e8364ac92cbd72c6a,1.0,3477371050,1118275504,3422743060,2018-08-07,delivered,45.0,52.67,97.67,credit_card,6.0,20.0,0.0,0.0
2261000704,30ef7c120f099b71e0e0eae30f95c954,1.0,1992208669,767568032,1018258220,2018-07-20,delivered,107.65,18.61,126.26,credit_card,6.0,5.0,-8.0,0.0
3860546787,5ffeee9d677333ddef6ef0db3aaf50e9,1.0,1271277841,2221145052,2212029620,2018-07-15,delivered,89.9,13.29,103.19,credit_card,2.0,4.0,-11.0,0.0
1169606609,e0f9009cf0a83fa9341d61e7052a6e5d,1.0,3069499374,3670389529,447945570,2018-07-24,delivered,79.0,23.27,102.27,credit_card,3.0,15.0,-14.0,0.0
600961497,825197d9865f5523eb079605067c8fed,1.0,3257273681,2001367298,3352094320,2018-08-20,delivered,54.3,7.64,61.94,boleto,1.0,3.0,-4.0,0.0
3727724937,a1a43cda291e19630504e0139508698d,1.0,2334077352,3698918344,2304947736,2018-08-03,delivered,55.0,7.65,62.65,credit_card,3.0,3.0,-3.0,0.0
2740434707,7e6947a332fa36bbb61f7fc5a92fc988,1.0,1565036807,2116048782,4055463965,2018-07-10,delivered,22.32,13.5,35.82,credit_card,2.0,10.0,-11.0,0.0
2870237691,7f3550ae81191baec2a35d0e2a21a6d4,1.0,1070608774,2372933516,4086780073,2018-08-22,delivered,109.0,24.84,133.84,boleto,1.0,8.0,-18.0,0.0
2006457166,93d7cfb112111edec49fd02555f48da3,1.0,3289046393,2930095485,3131976384,2018-08-15,delivered,64.9,19.64,84.54,boleto,1.0,7.0,-6.0,0.0
2982276954,b800ea6bc1a4ef36509ee646e9fba841,1.0,2937009942,524128695,2304947736,2018-07-12,delivered,59.0,20.99,79.99,credit_card,1.0,12.0,-29.0,0.0
258717847,071be1c98f3a6f467d8e472d94350db8,1.0,398835402,53867632,3393462886,2018-08-07,delivered,199.9,50.36,241.5030433325888,boleto,1.0,6.0,-11.0,0.0
2373479489,071be1c98f3a6f467d8e472d94350db8,2.0,398835402,2130882331,900310379,2018-08-07,delivered,158.26,24.18,191.19695666741123,boleto,1.0,6.0,-11.0,0.0
1691417958,12731a5b2b2ad871d0994d8362dfbce2,1.0,992107888,282994485,2949449251,2018-08-18,delivered,78.9,8.71,87.61,credit_card,3.0,3.0,-3.0,0.0
3972281157,9b1e6dedd7de3097acb7948dfd8cc359,1.0,3177401900,3759309271,3012856585,2018-07-04,delivered,139.99,25.85,165.84,credit_card,4.0,5.0,-31.0,0.0
280035486,783b1d8d1782290b10a4d8633721e26f,1.0,727802785,2749178296,4156473050,2018-08-22,delivered,36.94,15.36,52.3,boleto,1.0,6.0,-8.0,0.0
846730026,42c146c7d76c003910cda3357aeb754b,1.0,2507154745,2871094519,3633342575,2018-08-16,delivered,20.49,7.4,27.89,boleto,1.0,4.0,-4.0,0.0
732113960,35133d30b32f389949394cf5ce8ab03e,1.0,1416419954,3665822880,60670679,2018-08-09,delivered,152.0,15.37,0.0,unknown,0.0,8.0,-6.0,0.0
3632846947,6954eac303f94f5f51b80deb4ba7be50,1.0,3316983899,2042113378,478933761,2018-08-03,canceled,60.0,7.68,67.68,credit_card,1.0,,,
1755193995,028cad58dbd393e348c73435f8192919,1.0,2041075208,1776620515,2475905934,2018-07-02,delivered,99.99,15.01,115.0,credit_card,10.0,8.0,-15.0,0.0
1150940926,2ba9cedfe4113e91c29c82f4be24687d,1.0,2075695675,729536071,1077946416,2018-07-08,delivered,65.0,19.37,84.37,credit_card,1.0,23.0,-5.0,0.0
1586736375,d3838a24843870a5ec06d16bcf45bbdd,1.0,4126711435,3922499241,853605052,2018-08-14,delivered,109.9,36.0,145.9,credit_card,10.0,6.0,-4.0,0.0
423923260,bde483878bed3f9a95fed760af049891,1.0,2953100104,3008245088,1191111959,2018-08-01,shipped,59.9,19.33,79.23,debit_card,1.0,,,
3167235595,b72afa4aad9d75e39c6edeb6141a3a7b,1.0,758589052,2267963450,1379301944,2018-07-23,delivered,26.19,18.28,44.47,credit_card,1.0,10.0,-7.0,0.0
2603154456,bd11d8a02c0645efcce377e63362cbf2,1.0,890860459,975655341,2997337676,2018-08-01,delivered,527.9,63.98,591.88,credit_card,5.0,11.0,-15.0,0.0
9855353,a7c96c67b28612698cc5e0fb735dad94,1.0,2658471853,933076056,3622402055,2018-07-29,delivered,59.9,13.08,72.98,credit_card,1.0,28.0,6.0,1.0
765798907,1f45a28586a90ea15a58abe89e405d46,1.0,1034985234,594700544,471171552,2018-08-09,delivered,124.99,37.21,162.2,credit_card,1.0,3.0,-4.0,0.0
331794755,820749211528f2ac3c371469c8dcff94,1.0,807780978,865221458,2561072851,2018-07-29,delivered,89.99,38.43,128.42,credit_card,1.0,5.0,-18.0,0.0
3061300761,28100e608903eb27aa01604f626bd8c6,1.0,3856948864,3083427170,1560335256,2018-08-18,delivered,89.9,21.27,111.17,credit_card,4.0,9.0,-2.0,0.0
4292186593,22b31554c7c727c7d79ebd604c08bab0,1.0,477583549,1850974781,817416274,2018-08-21,delivered,129.0,14.48,143.48,credit_card,2.0,5.0,-3.0,0.0
3659093766,55f140655997122535ac2c2290ce6b2e,1.0,2186419485,3317495682,4120033478,2018-08-02,delivered,199.9,24.2,224.1,boleto,1.0,8.0,-11.0,0.0
11340472,b364399a0c864ced54841697ef73235b,1.0,3874711120,1801621977,4168739865,2018-07-02,delivered,89.9,23.43,113.33,credit_card,5.0,8.0,-30.0,0.0
804288141,03572de4ee0598b00c48f6de965fcf78,1.0,1794106698,4020869818,3927428427,2018-07-26,delivered,148.5,165.32,313.82,credit_card,8.0,9.0,-10.0,0.0
1475221802,15b43c7df18210a4d78cb043992d1ef5,1.0,3606639069,1837858618,3355778793,2018-07-04,delivered,79.99,8.72,88.71,debit_card,1.0,6.0,-8.0,0.0
2210975130,aca44cb492f80075220916b0a4486b10,1.0,1936593005,2472453309,3342868299,2018-08-01,delivered,186.0,13.96,0.0,unknown,0.0,13.0,1.0,1.0
579920025,2e167a5acbb1c31fd50faac2ac3986d4,1.0,3555380800,512650152,1471696078,2018-07-17,delivered,36.9,13.6,50.5,boleto,1.0,6.0,-14.0,0.0
1209966645,2e167a5acbb1c31fd50faac2ac3986d4,2.0,3555380800,512650152,1471696078,2018-07-17,delivered,36.9,13.6,50.5,boleto,1.0,6.0,-14.0,0.0
551547843,3465fd888b10f6955d53af353b72452b,1.0,2595374952,887825307,2173695781,2018-08-14,delivered,139.0,67.5,206.5,voucher,1.0,6.0,-7.0,0.0
3869951056,7c48bb55e8e4f7e56d412e9653db37bc,1.0,823572985,2645908256,1292371024,2018-07-16,delivered,40.0,14.58,54.58,credit_card,1.0,7.0,-15.0,0.0
49153943,929244ee19bf60f57d300c49dd9cb3b2,1.0,2159123116,1813404577,4271935289,2018-07-24,delivered,270.79,9.16,279.95,credit_card,5.0,1.0,-9.0,0.0
3104712234,04f1689642ed3c3e45244d4f7b2fe731,1.0,2586993055,3634914483,1422228924,2018-08-20,delivered,259.9,20.99,280.89,credit_card,2.0,9.0,-33.0,0.0
1017029349,2cc606fca85523eee5d51c8d9defe0a5,1.0,3833000458,3318117104,2997337676,2018-07-15,delivered,1359.9,31.45,1391.35,boleto,1.0,15.0,-14.0,0.0
951030625,c3d8d92b4371e7710cdc67fcb1f49a34,1.0,1049028196,489479271,168521415,2018-07-10,delivered,11.0,22.06,33.06,credit_card,3.0,15.0,-12.0,0.0
2292046702,6172afce91cfea665433203359f6d1e7,1.0,2360017669,2793857149,3098701595,2018-07-19,delivered,59.0,15.51,74.51,boleto,1.0,11.0,-9.0,0.0
465280090,465a271ded1329037fb92a87a725c131,1.0,3657623474,2439220810,388368993,2018-07-19,delivered,25.9,18.28,44.18,credit_card,1.0,7.0,-11.0,0.0
2397301499,6ae0348c0cca83cc28ca3bf25d9e60fe,1.0,2615756124,3004605591,357383673,2018-07-26,delivered,159.9,19.22,179.12,boleto,1.0,11.0,-21.0,0.0
110971589,0c283c8e0c146f4528295a6f4ade284f,1.0,3482322885,3686510176,4109304321,2018-07-15,delivered,139.0,19.07,158.07,boleto,1.0,9.0,-16.0,0.0
937088727,63906fe0b5159737edaca79de6b80fc1,1.0,4182866549,139689051,2857842454,2018-08-08,delivered,48.99,18.61,61.39582256089264,credit_card,8.0,7.0,-6.0,0.0
1411692736,63906fe0b5159737edaca79de6b80fc1,2.0,4182866549,414564316,2857842454,2018-08-08,delivered,97.99,18.61,122.80417743910736,credit_card,8.0,7.0,-6.0,0.0
1018360072,cf703e251309f59e2db9776270cf28bb,1.0,2109446921,2375199552,3737198912,2018-08-12,delivered,158.0,13.77,171.77,credit_card,2.0,3.0,-15.0,0.0
1977066249,428cc5c73a0cf1cc3dcd64c660c85e3d,1.0,1544416761,302788722,4156473050,2018-07-25,delivered,48.9,15.44,64.34,credit_card,5.0,5.0,-10.0,0.0
3987366674,9e4243313a1d4a651bb23ffa6edd96e2,1.0,1504498617,639098729,2082347993,2018-07-30,delivered,139.98,25.06,165.04,boleto,1.0,28.0,-3.0,0.0
2962295893,4d3d69fc5da58b96ec1c571580f89070,1.0,4013121584,3192056087,4194263931,2018-07-23,delivered,100.0,38.97,138.97,credit_card,1.0,14.0,-11.0,0.0
1362419529,37c647851a4d30342bc4dd9ec8c95861,1.0,2624281286,1528212124,9861004,2018-07-01,delivered,49.9,41.33,91.23,credit_card,10.0,10.0,-26.0,0.0
723643782,37c647851a4d30342bc4dd9ec8c95861,2.0,2624281286,1528212124,9861004,2018-07-01,delivered,49.9,41.33,91.23,credit_card,10.0,10.0,-26.0,0.0
3693308681,505bb60c12a248aa8c995503ec264554,1.0,485113961,1711882095,2845521358,2018-08-07,delivered,59.5,22.35,81.85,credit_card,8.0,12.0,-22.0,0.0
2245270053,e26def18967c8f7038476bbfd3256f43,1.0,1098880931,217244535,1480205621,2018-07-23,delivered,728.9,25.37,754.27,credit_card,10.0,14.0,-15.0,0.0
458488674,a111e0cee7dde2bb68cfb7cd18a8a914,1.0,4123146466,806098036,1675260091,2018-07-26,delivered,19.99,12.8,32.79,voucher,1.0,3.0,-11.0,0.0
1953984408,02521a906b13fc8ff9314bf88adc31ed,1.0,870677879,1326345122,3743845763,2018-07-16,delivered,509.0,12.31,521.31,credit_card,8.0,4.0,-5.0,0.0
310205335,02640665fed0e2c2cdbe0f266a2aa1f2,1.0,3519025339,3793099605,737969628,2018-08-09,delivered,134.9,27.89,162.79,credit_card,8.0,20.0,-2.0,0.0
2041499734,8a443dafa1f394bbf651877a75e5a2ce,1.0,752369553,1441170874,4086780073,2018-07-25,delivered,79.0,44.35,123.35,credit_card,3.0,7.0,-32.0,0.0
4133316411,45cbedcdca177029ad93022f2ebb8cef,1.0,3782826790,830222385,3443170030,2018-07-16,delivered,420.0,24.24,444.24,boleto,1.0,4.0,-14.0,0.0
435367320,520ea64853a832e3e2fe0ff5d6f44667,1.0,797780679,574471694,4190919575,2018-08-08,delivered,109.9,9.9,119.8,debit_card,1.0,2.0,-6.0,0.0
3797922135,3a2b0d4a2b00020fddcc9d625553a114,1.0,3285794770,899860769,53223181,2018-08-12,shipped,29.99,7.47,37.46,debit_card,1.0,,,
3305881607,8420b0f7022cf4d4ec5eec76ce180669,1.0,2760036742,1115024975,1408870915,2018-07-15,delivered,159.99,18.25,178.24,boleto,1.0,8.0,-6.0,0.0
3463699067,292362d65fdd556daf473eaeaa487a06,1.0,2208079610,1570888716,53223181,2018-08-07,delivered,28.99,7.46,36.45,credit_card,1.0,6.0,4.0,1.0
1881334940,3f71e424f5c88b151069830e08da04ad,1.0,2446216520,3579010215,1342390521,2018-08-02,delivered,189.99,22.19,214.6594057754762,credit_card,1.0,8.0,-25.0,0.0
3437371939,3f71e424f5c88b151069830e08da04ad,2.0,2446216520,962662264,3734320862,2018-08-02,delivered,151.8,22.19,171.51059422452386,credit_card,1.0,8.0,-25.0,0.0
1866505180,09b9364d966593e51c1edead847fd220,1.0,3772634741,4081015769,2304947736,2018-08-10,delivered,44.0,8.95,52.51893494779762,voucher,1.0,7.0,-18.0,0.0
3362143603,09b9364d966593e51c1edead847fd220,2.0,3772634741,2432343820,4289768623,2018-08-10,delivered,117.87,22.39,140.6910650522024,voucher,1.0,7.0,-18.0,0.0
704061267,4924d4064306a4b2cde5a264e106de11,1.0,642763040,1118237897,753329531,2018-08-09,delivered,179.9,25.61,205.51,credit_card,2.0,6.0,-14.0,0.0
2971147059,7fdf1bc0675e3bf96a0375e4d84ec39a,1.0,3560976445,1645574541,1867257412,2018-08-18,delivered,88.99,23.42,112.41,credit_card,2.0,11.0,-1.0,0.0
3091055321,5713e6bc9a550b3abc8c7aa03a2db95d,1.0,1528559464,2669739086,3671667280,2018-08-14,delivered,712.3,65.07,777.37,debit_card,1.0,3.0,-9.0,0.0
2864455895,7f9cd52ad1ff3569254091c513fb552e,1.0,3628897734,2345596305,2732618041,2018-07-06,delivered,119.9,22.77,142.67,credit_card,5.0,7.0,-25.0,0.0
665203380,afe0ea024346be7fa63b997fd149c757,1.0,387410043,816438954,4120033478,2018-07-27,delivered,229.9,19.99,249.89,credit_card,3.0,9.0,-35.0,0.0
2920958545,48f5a8fa0f281cf8ab2f7905a11c3c29,1.0,2655919059,939739429,1238242724,2018-07-23,delivered,45.9,7.58,53.48,credit_card,2.0,15.0,7.0,1.0
507624004,c7ab4f518d1a47c3f78768c41c887d1b,1.0,3201411156,1767205982,1615213775,2018-08-09,delivered,26.4,13.77,40.17,boleto,1.0,18.0,7.0,1.0
184172416,44efa161f00e760df72f281915ad34e7,1.0,261108609,67918273,66329149,2018-08-14,delivered,49.9,14.66,64.56,credit_card,1.0,5.0,-4.0,0.0
1726267083,3915c06b1483016c7d41dc705c1b0090,1.0,2138504436,3333821734,3783637211,2018-08-10,delivered,79.9,18.66,98.56,credit_card,6.0,7.0,-10.0,0.0
2707606910,65ac269bbcdab3f78e9365f37aa89626,1.0,760400324,483546940,3482396629,2018-08-22,delivered,65.0,52.81,117.81,credit_card,2.0,7.0,-13.0,0.0
321473914,a695e8fc1b0a6e9c814da33ed8cd9703,1.0,3897160271,3064981304,1806598175,2018-07-14,delivered,150.0,17.32,167.32,boleto,1.0,15.0,6.0,1.0
3053102393,4722c098a33ec33f73433dd2c8539858,1.0,2423123107,1692631844,1666561422,2018-08-13,delivered,29.99,18.99,48.98,voucher,1.0,6.0,-24.0,0.0
282029814,993d5d78bd251d2ad7d2607110a04bbe,1.0,2124076293,260299213,604144110,2018-08-27,delivered,55.55,15.46,71.01,credit_card,2.0,3.0,-24.0,0.0
2520174795,93fe52f922933e89732474d91f6ac25f,1.0,768923895,3816208212,2636346249,2018-08-17,delivered,39.99,7.54,47.53,credit_card,1.0,5.0,-1.0,0.0
243369424,5fa643060454c5e14a75113a3800b787,1.0,339793098,3124936374,212815993,2018-08-13,delivered,107.99,15.86,123.85,credit_card,2.0,7.0,-8.0,0.0
232651180,d35f8dc1aab5eb262bfb16db16fccfa5,1.0,3713574292,3518432271,486655703,2018-08-21,delivered,129.9,44.71,174.61,credit_card,3.0,7.0,-21.0,0.0
3169954260,c647254c19cb14894d4cf37d3d8e450b,1.0,230562780,4261116448,642218148,2018-08-21,delivered,39.9,7.54,47.44,credit_card,1.0,1.0,-4.0,0.0
1565419192,1237476520c90c304e2603af9629d0e3,1.0,2952647277,3317495682,4120033478,2018-07-03,delivered,199.9,28.35,228.25,credit_card,8.0,9.0,-18.0,0.0
3138096028,ddd05f07be2e7c5c7f191e06bb0fbc70,1.0,2495531018,445907098,2712979794,2018-07-03,delivered,49.0,16.53,65.53,credit_card,1.0,5.0,-15.0,0.0
774084565,78567659a8ac9a5615f4dd5b70fd3ed0,1.0,1278488183,3663483138,342097555,2018-07-15,delivered,69.9,23.29,93.19,credit_card,4.0,5.0,-13.0,0.0
3880502245,a00687a01571352d823a005e4f3f457e,1.0,2237814417,3350541649,1432305819,2018-07-28,delivered,79.99,29.81,109.8,credit_card,2.0,13.0,-11.0,0.0
2452661048,38dcf9bd2b8951b1407c82f1d70a8f7f,1.0,687128203,988736007,1868809992,2018-08-05,delivered,150.0,69.2,219.2,credit_card,10.0,10.0,-13.0,0.0
909761810,38dcf9bd2b8951b1407c82f1d70a8f7f,2.0,687128203,988736007,1868809992,2018-08-05,delivered,150.0,69.2,219.2,credit_card,10.0,10.0,-13.0,0.0
2190054000,21af06c81b813d390e6f5df558fdbc3c,1.0,2223767448,2591853865,2348458789,2018-08-03,delivered,74.99,19.72,94.71,credit_card,2.0,7.0,-3.0,0.0
3735448821,c802ca542cd239a800f378b2059e87f9,1.0,1483136353,2413621728,2250123381,2018-08-22,delivered,79.0,13.21,92.21,boleto,1.0,8.0,-4.0,0.0
2937927834,3255bbc82834f5babe538cf6d868e831,1.0,907888068,604374538,2629314654,2018-08-10,delivered,16.0,17.06,33.06,credit_card,1.0,10.0,-16.0,0.0
1579650535,3f7b475727ce3c7198f0ca2a15c05e9d,1.0,1102053577,2327991487,2490225171,2018-08-07,delivered,16.0,38.99,54.99,credit_card,1.0,9.0,-48.0,0.0
3530348781,bafb7839993d401fc28cbd78488ea03a,1.0,70992473,4105117867,4132039069,2018-07-01,delivered,105.0,49.11,154.11,credit_card,8.0,7.0,-18.0,0.0
216355764,3eff3be449eaedf0e5b56e9a7d35bb82,1.0,3169808855,74994665,4294512883,2018-07-15,delivered,169.9,39.46,209.36,credit_card,1.0,8.0,-35.0,0.0
2248088604,2e514f06a55a990840cf3f7131b45f55,1.0,3088004333,662478505,2880307388,2018-07-20,delivered,41.95,10.41,47.68284542172628,credit_card,6.0,4.0,-14.0,0.0
3933237865,2e514f06a55a990840cf3f7131b45f55,2.0,3088004333,436540830,1868809992,2018-07-20,delivered,110.4,10.41,125.48715457827367,credit_card,6.0,4.0,-14.0,0.0
1955232664,59593e36c1e6a46a1cf48a5af3c6ffe5,1.0,3757130313,3050895646,3485175421,2018-07-11,delivered,173.0,28.16,201.16,debit_card,1.0,20.0,-1.0,0.0
3729693794,8c08046423760b49c5791fa64db061da,1.0,2734987822,4172655545,34613838,2018-07-31,delivered,159.0,27.41,186.41,boleto,1.0,7.0,-17.0,0.0
3780556197,8c08046423760b49c5791fa64db061da,2.0,2734987822,4172655545,34613838,2018-07-31,delivered,159.0,27.41,186.41,boleto,1.0,7.0,-17.0,0.0
2328243964,8c08046423760b49c5791fa64db061da,3.0,2734987822,4172655545,34613838,2018-07-31,delivered,159.0,27.41,186.41,boleto,1.0,7.0,-17.0,0.0
3886284799,c578368509858a65535ce3962ee21be3,1.0,4080900860,945283945,2775148626,2018-08-01,delivered,19.49,12.8,32.29,credit_card,1.0,8.0,-14.0,0.0
2049954822,b027e9d1b5a30853af2663e94f2e8a00,1.0,1399723692,2430302892,1919968767,2018-08-12,delivered,110.32,18.87,129.19,credit_card,1.0,10.0,-12.0,0.0
3279778438,201183426051cfc62c56f2414b2480e3,1.0,2764415856,738576785,1404829027,2018-08-01,delivered,57.5,9.71,67.21,boleto,1.0,9.0,5.0,1.0
2329996470,201183426051cfc62c56f2414b2480e3,2.0,2764415856,738576785,1404829027,2018-08-01,delivered,57.5,9.71,67.21,boleto,1.0,9.0,5.0,1.0
4089222148,201183426051cfc62c56f2414b2480e3,3.0,2764415856,738576785,1404829027,2018-08-01,delivered,57.5,9.71,67.21,boleto,1.0,9.0,5.0,1.0
1355329825,201183426051cfc62c56f2414b2480e3,4.0,2764415856,738576785,1404829027,2018-08-01,delivered,57.5,9.71,67.21,boleto,1.0,9.0,5.0,1.0
1272438491,201183426051cfc62c56f2414b2480e3,5.0,2764415856,738576785,1404829027,2018-08-01,delivered,57.5,9.71,67.21,boleto,1.0,9.0,5.0,1.0
3368273306,201183426051cfc62c56f2414b2480e3,6.0,2764415856,738576785,1404829027,2018-08-01,delivered,57.5,9.71,67.21,boleto,1.0,9.0,5.0,1.0
563751843,994572d6e67b97ce9c9ceb7cc0f6445f,1.0,1584309623,2825069493,1432305819,2018-07-04,delivered,29.99,7.79,37.78,boleto,1.0,2.0,-12.0,0.0
2640806233,24125310335475b73015f74ec4327c2a,1.0,3136917234,1966304666,4071751220,2018-07-13,delivered,49.49,27.12,0.0,unknown,0.0,12.0,-8.0,0.0
2981208407,260663e19dcfde94518d21b2dbde37d9,1.0,1393525649,3046374291,2304947736,2018-07-20,delivered,58.0,7.67,65.67,credit_card,2.0,4.0,-6.0,0.0
3453628066,763cef494955df156986e220c7810b18,1.0,519542174,3560854620,3734320862,2018-07-04,delivered,99.99,15.01,115.0,credit_card,4.0,2.0,-19.0,0.0
1594061734,61e2fb8e77d1f20f7f3ace7ca3a7133f,1.0,2028468155,4265332005,728604636,2018-08-09,delivered,35.99,22.18,58.17,boleto,1.0,7.0,-8.0,0.0
2999233983,61e2fb8e77d1f20f7f3ace7ca3a7133f,2.0,2028468155,4265332005,728604636,2018-08-09,delivered,35.99,22.18,58.17,boleto,1.0,7.0,-8.0,0.0
555432476,db74facc22b984a0e9f3fedac9196d9d,1.0,3729551384,4127033778,730094745,2018-07-18,delivered,17.0,8.29,25.29,credit_card,1.0,7.0,-9.0,0.0
3865160802,cea661692913da073bd99bb510849bdc,1.0,874389731,631981802,4071751220,2018-08-10,delivered,54.9,15.48,70.38,voucher,1.0,8.0,-3.0,0.0
3312511763,b86f93410aa7fe320e029d576bf7bb71,1.0,2187459135,2324370903,1839514776,2018-08-09,delivered,180.0,19.36,199.36,credit_card,8.0,6.0,-27.0,0.0
385036934,6f0dfb5b5398b271cc6bbd9ee263530e,1.0,1000549952,2715880309,2599601520,2018-08-01,delivered,58.9,19.6,78.5,credit_card,1.0,5.0,-17.0,0.0
2409404232,a9c8ac0c26c178f0ad33618f96225a01,1.0,2015591664,1551687581,1456299548,2018-07-22,canceled,359.0,31.04,390.04,credit_card,8.0,,,
2564049543,a9c8ac0c26c178f0ad33618f96225a01,2.0,2015591664,1551687581,1456299548,2018-07-22,canceled,359.0,31.04,390.04,credit_card,8.0,,,
1206977926,a9c8ac0c26c178f0ad33618f96225a01,3.0,2015591664,1551687581,1456299548,2018-07-22,canceled,359.0,31.04,390.04,credit_card,8.0,,,
3084371000,a9c8ac0c26c178f0ad33618f96225a01,4.0,2015591664,1551687581,1456299548,2018-07-22,canceled,359.0,31.04,390.04,credit_card,8.0,,,
3094044462,a9c8ac0c26c178f0ad33618f96225a01,5.0,2015591664,1551687581,1456299548,2018-07-22,canceled,359.0,31.04,390.04,credit_card,8.0,,,
653887280,d9e05f5c9c364436b18207eeff4f789e,1.0,3567451139,1165245561,1422228924,2018-07-21,delivered,62.9,13.1,76.0,credit_card,1.0,5.0,-12.0,0.0
3218360406,d9e05f5c9c364436b18207eeff4f789e,2.0,3567451139,1165245561,1422228924,2018-07-21,delivered,62.9,13.1,76.0,credit_card,1.0,5.0,-12.0,0.0
1804578255,2a68c629963d9ef7755eb29d53147d35,1.0,533077040,1013114562,3723740414,2018-08-22,delivered,25.0,8.93,33.93,boleto,1.0,4.0,-2.0,0.0
2755325300,0d0b6cc488971eabaf999e0fca2b7bfe,1.0,2970192715,2506413452,1821221035,2018-07-04,delivered,17.75,23.28,41.03,boleto,1.0,16.0,-9.0,0.0
835441379,3720597f28a3c3c4dd7e603f98e67af1,1.0,2344990881,1574183703,2679036362,2018-08-15,delivered,27.99,7.46,35.45,credit_card,1.0,2.0,-3.0,0.0
4280075757,3720597f28a3c3c4dd7e603f98e67af1,2.0,2344990881,1574183703,2679036362,2018-08-15,delivered,27.99,7.46,35.45,credit_card,1.0,2.0,-3.0,0.0
894028667,90e4d4f7e2221bf7f81a4873e3161b96,1.0,2096773295,1027453934,3034887517,2018-07-18,delivered,58.0,11.43,69.43,debit_card,1.0,2.0,-11.0,0.0
4058969969,2e1d942dd860482d56fb7b9e9f507cc0,1.0,715770373,865919159,520545560,2018-07-03,delivered,49.9,18.45,68.35,boleto,1.0,7.0,-17.0,0.0
699486646,7bda7db3336fe81423dded5d342d4115,1.0,3497290130,3430358107,596468350,2018-07-03,delivered,59.0,13.99,72.99,credit_card,4.0,2.0,-14.0,0.0
3807240816,7bda7db3336fe81423dded5d342d4115,2.0,3497290130,3430358107,596468350,2018-07-03,delivered,59.0,13.99,72.99,credit_card,4.0,2.0,-14.0,0.0
2415886929,63a1e75d65a3dcb40d5f452a248e9680,1.0,425748677,1954901884,3485175421,2018-07-16,delivered,84.9,14.9,99.8,credit_card,6.0,6.0,-7.0,0.0
4122101956,e1a3568b83270103ac2d1ffd0e598a0f,1.0,2193504060,4123201094,358900552,2018-08-05,delivered,78.0,9.3,87.3,credit_card,3.0,3.0,-1.0,0.0
2188543381,80b2c8fbc0b161d23711d7829e54c6b2,1.0,4106169576,1528212124,9861004,2018-08-08,delivered,49.9,20.99,70.89,credit_card,7.0,4.0,-3.0,0.0
3627133832,2008d42068c636c1f2dfc2679457e8c9,1.0,884935093,3463176742,2979075641,2018-07-04,delivered,142.9,37.91,180.81,credit_card,10.0,6.0,-29.0,0.0
4221395437,5d9013fe5dce377c791a2c2fdb499f4b,1.0,3501250750,2974428404,3366215599,2018-07-09,delivered,179.9,24.06,203.96,boleto,1.0,11.0,-18.0,0.0
2313829124,1cbf75447931e3dbc3c38893fa41a6fb,1.0,2599559539,1150114816,1716536501,2018-08-20,delivered,48.9,13.92,62.82,credit_card,1.0,2.0,-8.0,0.0
3907484629,a814c3bac8cee558887d1cd73a0696a0,1.0,241401705,1851471480,2490225171,2018-08-22,delivered,20.0,7.4,27.4,credit_card,1.0,2.0,-7.0,0.0
534195305,d56b0809a6666dd3fbadb40902a42b41,1.0,992936113,3911641092,2173695781,2018-08-05,delivered,119.99,23.83,143.82,credit_card,10.0,8.0,-7.0,0.0
2881742553,b9a703ce4f5ae752f1ea894775d250ff,1.0,2313505673,1491328836,1914769873,2018-08-15,delivered,126.49,14.19,140.68,credit_card,2.0,4.0,0.0,0.0
2491448083,6b9aa78b4ae64ba1d10964b1a15b5989,1.0,2069479220,1271628224,900310379,2018-08-07,delivered,96.8,14.98,111.78,boleto,1.0,8.0,-5.0,0.0
2413230244,d94600e5b855ffe8db3b9bc06e21b1bd,1.0,1066170954,607215103,3302929409,2018-07-27,delivered,17.53,11.15,28.68,boleto,1.0,4.0,-6.0,0.0
3618955694,d94600e5b855ffe8db3b9bc06e21b1bd,2.0,1066170954,607215103,3302929409,2018-07-27,delivered,17.53,11.15,28.68,boleto,1.0,4.0,-6.0,0.0
64327512,cfaff268e0f68c9e833e9a57638d6fd5,1.0,2487437785,1940763656,1580565151,2018-07-26,delivered,18.24,7.39,25.63,boleto,1.0,4.0,-7.0,0.0
3080601117,cfaff268e0f68c9e833e9a57638d6fd5,2.0,2487437785,1940763656,1580565151,2018-07-26,delivered,18.24,7.39,25.63,boleto,1.0,4.0,-7.0,0.0
3247620178,d6559cf575d2b2a2ca5f8c1932094e70,1.0,47586568,2492570794,2636346249,2018-07-25,delivered,29.9,7.47,37.37,credit_card,1.0,5.0,-3.0,0.0
2990741172,d4e252756885006a02c890a27d6bbf53,1.0,2764625679,4294399807,2308685613,2018-08-28,delivered,85.9,8.76,94.66,credit_card,10.0,1.0,-2.0,0.0
1936611282,d4e252756885006a02c890a27d6bbf53,2.0,2764625679,4294399807,2308685613,2018-08-28,delivered,85.9,8.76,94.66,credit_card,10.0,1.0,-2.0,0.0
3828202022,28291626a693f9b9c43762c8e33aed2b,1.0,1320547423,1060521812,2636346249,2018-07-16,delivered,24.99,15.28,40.27,credit_card,1.0,7.0,-8.0,0.0
112068712,25362fbf6aac4b01a28dee1e076acc26,1.0,2416389035,86016976,1728935788,2018-08-08,delivered,39.9,16.47,56.37,credit_card,3.0,8.0,-4.0,0.0
190430705,25362fbf6aac4b01a28dee1e076acc26,2.0,2416389035,86016976,1728935788,2018-08-08,delivered,39.9,16.47,56.37,credit_card,3.0,8.0,-4.0,0.0
1559565508,8ef63805460994636446a1e1012ee8b6,1.0,606557783,3381232156,3526770996,2018-07-05,delivered,27.9,24.55,52.45,boleto,1.0,18.0,-6.0,0.0
1731181513,86f326cf5027a4aff831e2c80f1b383e,1.0,1461548531,1205176810,1765806340,2018-07-24,delivered,105.0,44.66,149.66,credit_card,2.0,9.0,-12.0,0.0
2832578237,97aeae7e7b1d8a32cf3f26c3946eab1d,1.0,1992206648,4091113039,581044507,2018-07-22,delivered,178.99,19.35,198.34,credit_card,8.0,12.0,-23.0,0.0
705425382,d4361586dbdf3e45c6de2faac0714711,1.0,1149734567,4234796284,3995891762,2018-07-16,delivered,113.89,16.03,129.92,boleto,1.0,3.0,-14.0,0.0
421985684,d4361586dbdf3e45c6de2faac0714711,2.0,1149734567,4234796284,3995891762,2018-07-16,delivered,113.89,16.03,129.92,boleto,1.0,3.0,-14.0,0.0
2818078764,0475d054d40280dfba750663c9ad7a0a,1.0,3962221627,1432364131,2580370799,2018-07-24,delivered,49.9,13.69,63.59,credit_card,1.0,10.0,-14.0,0.0
3814783537,bd982aee32cd290fc0ecf05ec77c326b,1.0,211490708,765266054,2102163508,2018-08-04,delivered,109.8,9.52,119.32,credit_card,5.0,12.0,8.0,1.0
4110065333,45c5f1ab99efdaf580f4d57769aee540,1.0,3876239861,3403333100,3443170030,2018-07-24,delivered,440.0,32.88,472.88,credit_card,9.0,9.0,-8.0,0.0
1966432058,3d3b13a4414d475f80a8fbc1c5afd1df,1.0,415621150,2648071367,4055463965,2018-07-13,delivered,38.9,22.2,61.1,credit_card,6.0,10.0,-25.0,0.0
1080823000,62fb9bca0ffbfb14ef2cc2b79b4434a5,1.0,1747023219,3831588147,3962302186,2018-08-06,delivered,149.9,17.24,167.14,credit_card,2.0,7.0,-3.0,0.0
2964029094,4bcfd4cbbe95542bb16ad7ba325e2dfa,1.0,1922370640,773557726,3734640654,2018-07-27,delivered,21.5,18.25,39.75,credit_card,3.0,7.0,-24.0,0.0
3269188593,3e43e4dedffaf5c15e579786d0b5317f,1.0,2542078827,2143489089,2436133809,2018-08-03,delivered,99.9,34.46,134.36,boleto,1.0,26.0,12.0,1.0
2604934028,220b5fbfd28bbffc942d3c77f7ddb50c,1.0,2472255274,1205223205,3103215707,2018-07-18,delivered,249.99,23.68,273.67,boleto,1.0,15.0,-14.0,0.0
1425354591,76ce88e33d4fe9f50ad83539cd8fdb94,1.0,1367541944,1378147945,4055463965,2018-07-14,delivered,28.9,23.35,52.25,debit_card,1.0,9.0,-20.0,0.0
2446346260,00c47cfa491ef55779ec7557673087fc,1.0,1195594367,2868588524,3482396629,2018-07-23,delivered,59.0,13.07,72.07,credit_card,1.0,2.0,-12.0,0.0
1306042403,d4bec1a24c97bd17be18d77297a0f6a0,1.0,945126697,1159501270,1868809992,2018-08-09,delivered,150.0,60.37,244.99625327838143,credit_card,10.0,12.0,-12.0,0.0
2183738909,d4bec1a24c97bd17be18d77297a0f6a0,2.0,945126697,1782083014,1868809992,2018-08-09,delivered,67.0,60.37,109.43165979767706,credit_card,10.0,12.0,-12.0,0.0
2140204706,d4bec1a24c97bd17be18d77297a0f6a0,3.0,945126697,1745648530,9861004,2018-08-09,delivered,49.9,48.29,81.50208692394155,credit_card,10.0,12.0,-12.0,0.0
4232784644,1dfe6a690d7897fc421a5bd2529b7f47,1.0,2424448742,1567030015,2812297156,2018-08-10,delivered,330.0,24.24,354.24,credit_card,6.0,10.0,-14.0,0.0
152440073,a58d2e45e365fdb3ee3cdac17e1be44a,1.0,1013524054,2466355469,523493826,2018-07-18,delivered,66.99,19.38,86.37,credit_card,3.0,22.0,-3.0,0.0
3330399207,5a0911d70c1f85d3bed0df1bf693a6dd,1.0,404115500,914900306,2304947736,2018-07-26,delivered,59.0,51.13,110.13,credit_card,2.0,12.0,-14.0,0.0
3379070097,3d6809371021cc510de4743748a1c235,1.0,4282406910,3740728990,1603761322,2018-07-18,delivered,50.0,15.45,65.45,credit_card,1.0,14.0,-1.0,0.0
4138749421,b2899a43c8dc465bf845340ea77aef50,1.0,2309552323,2811552375,2304947736,2018-08-03,delivered,59.0,23.13,82.13,credit_card,4.0,12.0,-7.0,0.0
2867312495,ae335d085e7fb3e027c0943975a839fc,1.0,489357028,2067738168,1755005248,2018-07-23,delivered,70.0,26.79,96.79,credit_card,1.0,3.0,-19.0,0.0
429646307,cc4609648b8cff3ea47a04fc4380c25c,1.0,3654481211,2774952528,3664770205,2018-08-07,delivered,160.0,51.84,211.84,credit_card,8.0,6.0,-17.0,0.0
2838076529,51439e5635af258945aeca18f5a04edb,1.0,1421126410,4207344648,3734963615,2018-07-25,delivered,146.99,19.13,166.12,debit_card,1.0,6.0,-15.0,0.0
340576807,458fdcdd7b5c74dce496d897a5a974df,1.0,853055807,466657291,3374723997,2018-08-08,delivered,90.49,19.82,110.31,boleto,1.0,9.0,-14.0,0.0
431251957,c73d5fa01a74c67962173f17716b9630,1.0,700232583,2857571781,1379301944,2018-08-07,delivered,35.6,26.55,62.15,credit_card,1.0,14.0,-7.0,0.0
2329415550,96bb1f97b225fb91cdfced5bbae3166e,1.0,3676383056,1982813401,2364738006,2018-08-03,delivered,159.8,19.22,179.02,boleto,1.0,11.0,0.0,0.0
1343402324,a132f4bdf1eb9803546cef73ca7bd322,1.0,225532380,2830254752,687121961,2018-07-19,delivered,59.99,9.17,69.16,credit_card,1.0,1.0,-12.0,0.0
2525433580,3e73a3d4003ea03e955b2fba57e2dc79,1.0,3344675770,3536384497,3078723279,2018-07-15,delivered,66.39,19.66,0.0,unknown,0.0,16.0,-1.0,0.0
972275577,18fff28b262a583fa603571f53521574,1.0,1607530969,2635054845,3460754279,2018-07-26,delivered,215.9,24.31,240.21,boleto,1.0,11.0,-3.0,0.0
3718514170,21c24f8f2452ec20a5184abfb269c35e,1.0,3604347543,2448812675,528293807,2018-08-08,delivered,44.9,12.61,57.51,credit_card,2.0,8.0,1.0,1.0
809816899,a35f08311f3c3ceb67be9ff5c1828886,1.0,1711340688,650566202,1763790356,2018-08-10,delivered,249.0,52.46,301.46,boleto,1.0,18.0,-1.0,0.0
1024781314,cd74cd8f3a1445a29e098dcac4cc8d11,1.0,2579496571,2259372721,2082347993,2018-07-19,delivered,149.98,36.28,186.26,credit_card,1.0,22.0,-24.0,0.0
1949322756,cd74cd8f3a1445a29e098dcac4cc8d11,2.0,2579496571,2259372721,2082347993,2018-07-19,delivered,149.98,36.28,186.26,credit_card,1.0,22.0,-24.0,0.0
2285134027,191d075b61db3a892fde83330d82d7c6,1.0,3667612222,231041745,796664912,2018-08-08,delivered,109.22,9.52,118.74,credit_card,4.0,5.0,-2.0,0.0
2123416940,56a88710573842db37ac692a3252a761,1.0,926615720,735861985,1931544687,2018-08-14,delivered,205.0,13.74,218.74,credit_card,4.0,1.0,-1.0,0.0
161871805,e215d6f06aeb94e2f6359a86e58dd39c,1.0,1646535383,1333595921,1464160362,2018-07-04,delivered,245.0,18.85,263.85,credit_card,5.0,26.0,7.0,1.0
4292599195,2027c60e9786b0dbc84f5849a80976d8,1.0,3003650479,513671471,1659506471,2018-08-13,delivered,99.99,11.72,111.71,boleto,1.0,7.0,0.0,0.0
1629933043,2027c60e9786b0dbc84f5849a80976d8,2.0,3003650479,513671471,1659506471,2018-08-13,delivered,99.99,11.72,111.71,boleto,1.0,7.0,0.0,0.0
1005747500,7bc26962535d2a6a7f34041908736df5,1.0,3749756005,3537585960,1919968767,2018-07-17,delivered,110.32,13.43,123.75,credit_card,2.0,8.0,-8.0,0.0
1549643142,13c208c7221faed9cb7ac326a6f873da,1.0,4043103698,1041899156,9861004,2018-07-20,delivered,79.9,59.79,139.69,credit_card,10.0,9.0,-21.0,0.0
395242388,9cc9e5aaad2fee99a6ba423fed688178,1.0,91199079,3749776846,2312430349,2018-08-09,delivered,89.7,13.97,103.67,credit_card,2.0,5.0,-1.0,0.0
2158365204,5f0dfd096a455e93ffb4ee0635b32264,1.0,143811229,1957200690,3267771422,2018-07-29,canceled,26.9,7.45,34.35,credit_card,1.0,,,
4125600825,4aa1a996d80cacb74d1653b2cf934be0,1.0,2892547368,1921068978,4273487192,2018-07-09,delivered,34.95,16.2,51.15,credit_card,1.0,1.0,-7.0,0.0
2556947370,c202ed8340693a8fb2e8bb2a43a1647e,1.0,699004365,2367417408,1579174796,2018-08-16,delivered,54.99,13.97,68.96,credit_card,1.0,7.0,-6.0,0.0
2064309161,a8898844029abdc3064b4fed7ca04a47,1.0,3099839024,3361113650,3734320862,2018-07-31,delivered,39.99,18.38,58.37,credit_card,2.0,6.0,-14.0,0.0
3149194577,72c98b53f4f357890d8107a06f895d4b,1.0,173114555,3912072961,3267771422,2018-07-07,delivered,70.9,39.41,110.31,credit_card,2.0,3.0,-8.0,0.0
479787147,b42c3979ca033193016394e37f74d668,1.0,2841508204,2303633763,1430230204,2018-07-11,delivered,129.89,9.07,138.96,credit_card,6.0,2.0,-6.0,0.0
25268254,cb0ba38b8d7b0db732a053690b0ad864,1.0,2990425417,897327624,3958952303,2018-08-22,delivered,139.0,20.16,159.16,credit_card,1.0,6.0,-14.0,0.0
70261081,673005b4d67fb096100f48d7a6cb008f,1.0,1763132130,3482901040,3873348354,2018-07-02,delivered,49.9,13.93,63.83,boleto,1.0,7.0,-11.0,0.0
1620167225,485dda00ddae0be1121b189eae942d99,1.0,413762936,885246954,4160630161,2018-08-22,delivered,32.0,7.48,39.48,credit_card,1.0,2.0,-3.0,0.0
3155424336,67a3664e806dcb942fb6d07d36c9ff8d,1.0,3613058524,1130749437,2775148626,2018-08-08,delivered,18.49,7.39,25.88,credit_card,1.0,6.0,-6.0,0.0
1031534746,67a3664e806dcb942fb6d07d36c9ff8d,2.0,3613058524,1130749437,2775148626,2018-08-08,delivered,18.49,7.39,25.88,credit_card,1.0,6.0,-6.0,0.0
4015460382,347bf2a6f72b7c7650838aef5cd546be,1.0,1504251113,1813105390,1519347188,2018-07-30,delivered,105.0,38.99,143.99,credit_card,1.0,10.0,-32.0,0.0
3163920,7b6d60ef9f4bea8469da80168c894820,1.0,1821648486,3513669726,900310379,2018-08-08,delivered,98.9,14.99,113.89,boleto,1.0,6.0,-7.0,0.0
3009715167,89386a239475a1cd440505e7519404cc,1.0,4256457271,3806040020,2265764126,2018-07-25,delivered,44.6,18.41,63.01,credit_card,1.0,7.0,-18.0,0.0
3047719346,8ba726c808e76426c3ed43efc7ebce96,1.0,3323917480,653417559,4086780073,2018-07-25,delivered,109.0,21.4,130.4,credit_card,2.0,5.0,-11.0,0.0
149213824,adc3c2a7a5283d29f235da2e760b0f05,1.0,1368647160,1779293247,581044507,2018-07-31,delivered,219.0,38.44,257.44,credit_card,5.0,15.0,-16.0,0.0
4187866817,8ad43a57bb88d52531c6facae014a8ae,1.0,3427383439,1271628224,900310379,2018-07-04,delivered,96.8,14.98,111.78,credit_card,4.0,6.0,-12.0,0.0
4291381029,2894cc15228a7127f78cb41017091b4c,1.0,3770218254,1245653087,819761952,2018-07-27,delivered,43.0,12.96,55.96,credit_card,1.0,6.0,-10.0,0.0
3042299387,2894cc15228a7127f78cb41017091b4c,2.0,3770218254,1245653087,819761952,2018-07-27,delivered,43.0,12.96,55.96,credit_card,1.0,6.0,-10.0,0.0
2009538737,ca90e0247838f37e708b833b004ba84b,1.0,4235949489,706791892,3957555298,2018-07-04,delivered,289.9,92.24,382.14,credit_card,8.0,6.0,-24.0,0.0
2337772107,996cf7c353223f600a2ea65b66166d91,1.0,3673817016,3286585782,3667124800,2018-07-30,delivered,49.9,18.45,68.35,credit_card,2.0,6.0,-15.0,0.0
885809855,4e09a6bc2b1596b9e54829e168bfd37f,1.0,1054819815,2725684015,123833255,2018-07-10,delivered,90.0,9.38,99.38,credit_card,4.0,1.0,-6.0,0.0
278432987,a85c1538df5701aa9a7c6cc423bd80f4,1.0,860244515,3911641092,2173695781,2018-08-07,delivered,119.99,44.64,164.63,credit_card,2.0,7.0,-2.0,0.0
3547185607,14666138d6ac727f90a5f2775b282d07,1.0,1703041865,3732414669,2622583364,2018-08-16,delivered,129.0,22.83,151.83,credit_card,3.0,11.0,-18.0,0.0
3561140375,e11e0f810b87b5bcbc4ce90273881f6c,1.0,3802693267,1046219916,1619469742,2018-07-20,delivered,49.8,18.45,68.25,credit_card,1.0,10.0,-8.0,0.0
3805106233,3f1d42a217afb22fc9ee819f602664b2,1.0,2132567536,1296699883,305748041,2018-07-27,delivered,59.9,9.17,69.07,credit_card,5.0,4.0,-1.0,0.0
2289004442,104b23439f7dc2291659a26f2237abdc,1.0,3194006831,1104351628,2303787513,2018-08-17,delivered,200.0,15.71,215.71,credit_card,4.0,6.0,-28.0,0.0
56236060,d19792edee7b2cc1d094d869461abf3a,1.0,2067882901,2951326151,2986688637,2018-08-21,delivered,113.37,17.72,131.09,boleto,1.0,8.0,-27.0,0.0
2073102702,7170c855b98cfed5dc82dc9e9b122b64,1.0,1383174900,953810007,3485175421,2018-07-23,delivered,52.9,23.17,76.07,boleto,1.0,8.0,-8.0,0.0
1363980289,7c368cac70a301684eb08e7397a3da54,1.0,2135023418,1984384427,1008270582,2018-08-02,delivered,126.99,18.02,145.01,credit_card,2.0,6.0,-7.0,0.0
905440154,c4ee82a6c0873cfdbe96e41596698248,1.0,981082076,1607278035,854629258,2018-08-03,delivered,99.0,30.49,129.49,credit_card,2.0,10.0,-1.0,0.0
3865119216,9a1be11e9a732a340c3bec3b390debeb,1.0,3764132426,2455587579,123833255,2018-07-03,delivered,39.0,18.37,57.37,boleto,1.0,6.0,-16.0,0.0
2882900884,0df047ac4fa1b5eed06cc188e54fd23e,1.0,4013391681,1636344012,4086780073,2018-08-07,delivered,39.0,12.93,51.93,debit_card,1.0,4.0,-16.0,0.0
656923327,0df047ac4fa1b5eed06cc188e54fd23e,2.0,4013391681,1636344012,4086780073,2018-08-07,delivered,39.0,12.93,51.93,debit_card,1.0,4.0,-16.0,0.0
3513450753,00063b381e2406b52ad429470734ebd5,1.0,3454690678,3566031945,2597129368,2018-07-27,delivered,45.0,12.98,57.98,credit_card,5.0,10.0,0.0,0.0
1829080003,ba5fa5d6fe39ade3049fcbc2966fc82c,1.0,1094109635,2257789733,2469936348,2018-08-08,delivered,43.0,15.4,58.4,credit_card,1.0,4.0,-7.0,0.0
2801111506,1cdcd38020c62cfc2ba884e5a23eaa0e,1.0,2186597354,1812634765,2469936348,2018-08-01,delivered,119.0,21.1,140.1,credit_card,4.0,8.0,-8.0,0.0
9523180,0492eead55cd90ba9690387cca2baa20,1.0,927887805,2390391351,2304947736,2018-07-22,delivered,99.0,7.95,106.95,boleto,1.0,3.0,-5.0,0.0
3564626759,2255eb0e92e75d04fc4afa0ad636f875,1.0,1363977916,1880950498,2023461531,2018-08-02,delivered,24.99,12.84,37.83,credit_card,3.0,7.0,-4.0,0.0
4104628501,875c175eb6577637f9001b99dc54a7e1,1.0,2385793398,1850045954,2082347993,2018-07-20,delivered,166.94,23.88,190.82,boleto,1.0,37.0,12.0,1.0
1712165548,267519bdbe13b2f237af57f3f1b86a9e,1.0,3452848173,3823811607,3712467349,2018-07-03,delivered,349.0,53.16,402.16,credit_card,4.0,59.0,32.0,1.0
4248849309,acb2afbcbcc3be10924f75fd3b6c98d8,1.0,3550637102,4168589453,3168180425,2018-07-22,delivered,49.0,15.44,64.44,credit_card,1.0,8.0,-8.0,0.0
794142537,acb2afbcbcc3be10924f75fd3b6c98d8,2.0,3550637102,4168589453,3168180425,2018-07-22,delivered,49.0,15.44,64.44,credit_card,1.0,8.0,-8.0,0.0
4128525000,761de39b98af23c2f3b771461e2c5e2c,1.0,4062355419,1795108154,2612393066,2018-08-06,delivered,135.0,17.88,152.88,credit_card,2.0,8.0,-1.0,0.0
1937893348,7e0527f8f130007faef1d379fe7644ad,1.0,2817333018,1969419061,112649996,2018-07-24,delivered,48.99,22.27,71.26,credit_card,7.0,7.0,-16.0,0.0
772795230,3df9a0706897e062e91f253fa132b6dd,1.0,3641782296,995534141,392238237,2018-08-16,delivered,219.9,26.52,246.42,credit_card,3.0,4.0,-1.0,0.0
319816051,752265739a6d8d671585c7b9c924b9d9,1.0,2989985871,4241728412,261066546,2018-08-07,delivered,68.9,22.41,91.31,boleto,1.0,8.0,-8.0,0.0
3412617281,1e16f42e33100a56e1408cceb4846f2b,1.0,857090161,3183400179,1207458958,2018-08-17,delivered,44.9,19.5,64.4,credit_card,5.0,7.0,-18.0,0.0
2095013841,1b9d5d91c2a7afffb51beb03f162c6cd,1.0,2427611905,3151395998,4120033478,2018-08-10,delivered,69.9,23.29,93.19,credit_card,4.0,8.0,-12.0,0.0
752070466,2b1db95ad7cf165f885e51c1abfed43c,1.0,3849462011,880070998,2622583364,2018-07-25,delivered,119.9,13.5,133.4,boleto,1.0,6.0,-9.0,0.0
4203428938,cf020d5028c46dbd39ec2f9345777cfd,1.0,1468822215,3646085392,2166899228,2018-07-25,delivered,35.0,42.53,77.53,credit_card,1.0,8.0,-18.0,0.0
1243816200,a382cb8f8029155c37cb65eed956b494,1.0,3578823629,3046374291,2304947736,2018-08-21,delivered,58.0,18.51,76.51,credit_card,4.0,8.0,-6.0,0.0
3171467054,ded176f58e62a0b64346e4aed245ccd1,1.0,2784056987,704694418,763830896,2018-08-09,delivered,59.9,15.52,75.42,credit_card,1.0,5.0,-6.0,0.0
1774255077,90ff5f0766504f304ace97af9b321c78,1.0,1694642380,1870358564,357383673,2018-07-05,delivered,79.0,18.85,97.85,credit_card,1.0,6.0,-19.0,0.0
3066922247,3ff3c14b693208d95c7a79ad6fe5c117,1.0,3119617806,2180178469,926823165,2018-07-03,delivered,12.9,18.23,31.13,boleto,1.0,9.0,-14.0,0.0
3183178239,a64faadf772cdd7147ed00192cbf4ff2,1.0,2217704151,1150114816,1716536501,2018-07-03,delivered,48.9,19.53,0.0,unknown,0.0,6.0,-29.0,0.0
3757311340,cf9b4bc8a0831980b324e030bf8cf1f3,1.0,4194149109,4102193398,2681412629,2018-07-13,delivered,79.99,37.47,117.46,credit_card,5.0,10.0,-15.0,0.0
1897928618,6e0a47b1af62bf9751afb7756ae1b82a,1.0,3322558979,2474436571,3016182256,2018-07-26,delivered,162.5,16.24,178.74,credit_card,2.0,4.0,-15.0,0.0
2452753431,a5ee139d1586d2d22c21ce7048e1d36d,1.0,1440831568,1069936409,2304947736,2018-08-27,delivered,49.0,7.6,56.6,credit_card,1.0,2.0,-2.0,0.0
2305261208,18bcbca4b2c948e7653345492627a1cc,1.0,412421319,2810092087,4168739865,2018-07-30,delivered,114.99,34.57,149.56,credit_card,2.0,4.0,-9.0,0.0
1971699531,7e2f198c10c1ac5ad206ebcdb1f18861,1.0,713353872,1529402584,3522250725,2018-08-03,delivered,45.97,13.9,59.87,boleto,1.0,8.0,1.0,1.0
1053848046,22771f93db288e22caf88967606b3e43,1.0,2831914136,3724501815,1480205621,2018-07-29,delivered,179.89,13.92,193.81,credit_card,8.0,5.0,-13.0,0.0
3938666207,b562335292868936c122b33bf8485b13,1.0,3034171847,1786968494,655950489,2018-07-23,delivered,514.9,16.26,531.16,credit_card,2.0,6.0,-7.0,0.0
562699053,c3209eebfba86d30279573e94ae46a2b,1.0,933978160,2084718145,740847726,2018-08-12,delivered,19.99,7.4,27.39,boleto,1.0,2.0,-1.0,0.0
2136859626,4e41d776fc4ffdec6708862a05a1ea30,1.0,1348080329,228069001,1011007161,2018-07-05,delivered,89.9,40.68,114.02513110846246,credit_card,5.0,5.0,-30.0,0.0
494027612,4e41d776fc4ffdec6708862a05a1ea30,2.0,1348080329,3658875146,250985049,2018-07-05,delivered,77.9,4.35,98.80486889153757,credit_card,5.0,5.0,-30.0,0.0
4138114625,95160939719ddfef2f951cc36e468567,1.0,3856793356,1081738210,2598814270,2018-08-06,delivered,49.9,7.93,57.83,credit_card,1.0,3.0,-1.0,0.0
28800465,4b2113709e5d5f3760113b4a980cc88d,1.0,4023522835,77032099,357383673,2018-08-07,delivered,229.9,14.27,244.17,credit_card,4.0,7.0,-13.0,0.0
2439975704,96656dd1c9f0e6b415561d8a6734ffef,1.0,315671909,99230834,2384848440,2018-07-21,delivered,129.9,27.89,157.79,credit_card,4.0,5.0,-11.0,0.0
1303364564,4dda81f6169b472f50dc01b2c3cea637,1.0,1925625456,1597415275,1503930686,2018-08-06,delivered,95.9,23.47,119.37,credit_card,2.0,5.0,-13.0,0.0
3078709201,8118e88205b0cd1342e85368ed6c0bcf,1.0,1002287920,2232313993,3796303809,2018-08-24,delivered,179.0,9.41,188.41,credit_card,3.0,4.0,-9.0,0.0
74552370,d224ba092ec1cb38bf389f3a5b727054,1.0,1133979138,2944240992,1615213775,2018-08-21,delivered,40.35,13.86,54.21,credit_card,2.0,7.0,-1.0,0.0
2078140777,ca6e9fb5f1a78410c6e1a89640efa8f6,1.0,3141282904,725227831,876033421,2018-07-01,delivered,560.0,19.22,579.22,credit_card,2.0,2.0,-16.0,0.0
453297912,91c9f456cb2e53af4edc1b33b3bd7f7c,1.0,4159640197,2695419407,208919382,2018-08-08,delivered,88.9,13.96,102.86,voucher,1.0,7.0,-6.0,0.0
2743179826,02ae2a6d1d1f1432dc743ca4f67033df,1.0,4182513516,25128817,2297018242,2018-07-30,delivered,158.0,16.21,174.21,credit_card,3.0,4.0,-13.0,0.0
223869249,b178d37bc8cf0346e18f4ebeff294dcc,1.0,1133405348,3797699490,3070457104,2018-08-15,delivered,106.9,18.85,125.75,boleto,1.0,13.0,-3.0,0.0
2867731973,20e2af2e88f87028e067d8f71a7ea84e,1.0,3256856470,3916328043,1637578522,2018-07-25,delivered,199.9,14.98,214.88,credit_card,1.0,5.0,-9.0,0.0
1933609597,21acd87ab0e70951d2aa3b0cd6445c69,1.0,2938079988,1604261118,2373578609,2018-07-16,delivered,65.9,13.12,79.02,credit_card,10.0,7.0,-6.0,0.0
1907755010,21acd87ab0e70951d2aa3b0cd6445c69,2.0,2938079988,1604261118,2373578609,2018-07-16,delivered,65.9,13.12,79.02,credit_card,10.0,7.0,-6.0,0.0
3441870709,28a1ff56441c9df5d5bfaead83cd76fd,1.0,1330785841,216234716,523493826,2018-07-10,delivered,154.99,29.2,188.76646092992013,credit_card,8.0,13.0,-8.0,0.0
240930236,28a1ff56441c9df5d5bfaead83cd76fd,2.0,1330785841,1295107613,523493826,2018-07-10,delivered,112.99,29.2,137.61353907007984,credit_card,8.0,13.0,-8.0,0.0
3280017483,d3f6f79bdfb5ff2eb96f8c4838b904df,1.0,4057443733,1759581546,1694950908,2018-08-15,delivered,138.0,9.72,147.72,boleto,1.0,7.0,-8.0,0.0
3929104610,4fab03676c2144ed35264324eef0ea12,1.0,1204943346,2817707932,47085388,2018-08-04,delivered,45.0,17.25,62.25,credit_card,3.0,4.0,-20.0,0.0
3288473944,5bea5dd69875b9ab8df73e12126a939e,1.0,4189185480,2241124357,2304947736,2018-08-17,delivered,49.0,18.44,67.44,debit_card,1.0,10.0,-14.0,0.0
3439173883,8d5939137fefa94485150d55a82dcd11,1.0,2920543771,3562369157,1716536501,2018-08-20,delivered,134.9,20.13,155.03,boleto,1.0,7.0,-14.0,0.0
4177689256,27c49d4a7b5ffac7a824721909617820,1.0,4072944658,3361113650,3734320862,2018-07-15,delivered,39.99,18.38,58.37,boleto,1.0,10.0,-18.0,0.0
3738120758,27c49d4a7b5ffac7a824721909617820,2.0,4072944658,3361113650,3734320862,2018-07-15,delivered,39.99,18.38,58.37,boleto,1.0,10.0,-18.0,0.0
3462226767,d110ac83a8b313d9d5e17d9ed61e7804,1.0,224285412,2495106546,2580370799,2018-07-12,delivered,119.9,18.94,0.0,unknown,0.0,8.0,-26.0,0.0
4150651314,13a45e2e8407ebdf8c1e8fb6e1dba4fd,1.0,2961631223,3768962742,890939886,2018-07-23,delivered,99.9,9.45,109.35,credit_card,1.0,2.0,-5.0,0.0
3993559058,0e1501cd30758f584d1fa67cc6f9493a,1.0,1353805749,1346651586,2089148942,2018-07-02,delivered,120.0,16.79,136.79,boleto,1.0,2.0,-13.0,0.0
1653255639,20914c76989e5eac4e2675de44f7275a,1.0,2761411891,4058964725,2681412629,2018-08-20,delivered,44.99,12.98,57.97,boleto,1.0,6.0,-14.0,0.0
4205616726,ac5c875d7fbcc1765c32e13b8ee888cb,1.0,789161945,3816787882,4086780073,2018-08-26,delivered,59.0,18.51,77.51,credit_card,2.0,3.0,-14.0,0.0
3086406013,5b95bd0807c4d1bdc5db12fe3373ba8e,1.0,1722671510,1929091645,196831707,2018-07-09,delivered,209.99,28.45,238.44,credit_card,8.0,11.0,-7.0,0.0
3104189552,c22f6ba7f27b03c0882d2c2ce2a3f3a9,1.0,2565879725,653417559,4086780073,2018-07-25,delivered,109.0,65.21,174.21,boleto,1.0,12.0,-18.0,0.0
700153004,7ecf895a86816395ae333859b2c7bd7c,1.0,763073100,3848475051,3046549764,2018-07-17,delivered,59.0,15.51,74.51,credit_card,1.0,7.0,-10.0,0.0
549031881,d12750a4a29395c6d1cd3a83992f1e16,1.0,1968972363,3658875146,250985049,2018-08-01,delivered,77.9,4.35,98.80486889153757,boleto,1.0,14.0,-12.0,0.0
1313555446,d12750a4a29395c6d1cd3a83992f1e16,2.0,1968972363,228069001,1011007161,2018-08-01,delivered,89.9,40.68,114.02513110846246,boleto,1.0,14.0,-12.0,0.0
1146855734,0e33201d95dd99ef2fc82d81732957b2,1.0,3437126498,7687210,3302929409,2018-07-23,delivered,49.99,13.01,63.0,credit_card,1.0,7.0,-6.0,0.0
1931490765,0ea5fe4904bdca87f8cc726a5bb5d768,1.0,3550780863,893840574,1423184178,2018-08-04,delivered,129.0,16.0,145.0,credit_card,1.0,4.0,-6.0,0.0
1034517057,728e61b2b527529e10ce6ec9b04afaf8,1.0,891850367,2117307661,766667350,2018-08-24,delivered,57.0,13.98,70.98,boleto,1.0,4.0,-16.0,0.0
2776401876,6ee0abe7b83e046f6ca20743a8c6e7c7,1.0,1557694702,1913017858,4120033478,2018-08-06,delivered,199.9,22.4,222.295,debit_card,1.0,4.0,-5.0,0.0
503628906,6ee0abe7b83e046f6ca20743a8c6e7c7,2.0,1557694702,3317495682,4120033478,2018-08-06,delivered,199.9,22.39,222.295,debit_card,1.0,4.0,-5.0,0.0
538438212,8c75817539308b6a536d4b8e59cc1e61,1.0,1307171066,3374556705,2809386744,2018-07-28,delivered,159.99,19.22,179.21,credit_card,3.0,12.0,-6.0,0.0
907056160,df2daf96320942e1449ef115ee1b5624,1.0,97950699,1903008729,1585314166,2018-08-12,delivered,49.9,13.01,62.91,boleto,1.0,12.0,-7.0,0.0
914676218,a908872306574c9405b29a838aee5521,1.0,651628915,605718328,3734640654,2018-07-24,delivered,31.9,20.12,43.960730688935286,credit_card,5.0,3.0,-13.0,0.0
3675010746,a908872306574c9405b29a838aee5521,2.0,651628915,3895834643,3734640654,2018-07-24,delivered,31.9,20.12,43.960730688935286,credit_card,5.0,3.0,-13.0,0.0
1931632451,a908872306574c9405b29a838aee5521,3.0,651628915,529495488,3485175421,2018-07-24,delivered,79.9,14.09,110.10853862212944,credit_card,5.0,3.0,-13.0,0.0
763975784,b5ee3b06caf9f3c1c7ada2bdf482bb8b,1.0,1818354106,2133832165,1227159798,2018-07-21,delivered,19.9,7.4,27.3,credit_card,1.0,4.0,-21.0,0.0
4231421529,2e203d616e144d45fd13e47098343406,1.0,3586126576,2594868280,1921184264,2018-08-06,delivered,129.99,11.93,141.92,credit_card,2.0,15.0,6.0,1.0
1214410017,d18585adacf5dc420841dfb67243a224,1.0,1518808104,1646387023,2351927611,2018-08-24,delivered,49.9,9.1,59.0,credit_card,1.0,5.0,-1.0,0.0
1753618650,657938f6cc6b388ef70d756aeeda75a9,1.0,1900633643,1307841668,1573069542,2018-07-27,delivered,52.0,18.46,70.46,credit_card,3.0,10.0,-10.0,0.0
4259594437,657938f6cc6b388ef70d756aeeda75a9,2.0,1900633643,1307841668,1573069542,2018-07-27,delivered,52.0,18.46,70.46,credit_card,3.0,10.0,-10.0,0.0
3100533368,691c30273e86d88ab9be2ac45e25d516,1.0,558298741,282847940,368619248,2018-08-08,delivered,735.0,19.46,754.46,credit_card,1.0,6.0,-6.0,0.0
2346694131,6682badeb849b39a76e35a275574fe12,1.0,3975037045,3964322993,1884653127,2018-08-01,delivered,55.9,13.97,69.87,credit_card,1.0,6.0,-3.0,0.0
2054491447,4cfb3d5969df460524508647d27aca46,1.0,1643773900,2952777915,2622583364,2018-08-15,delivered,145.0,13.68,158.68,boleto,1.0,13.0,0.0,0.0
3317707955,2aa60aae490332613940bcc5eea147c6,1.0,510282093,192594630,3404539086,2018-08-07,delivered,87.99,8.78,96.77,credit_card,2.0,13.0,7.0,1.0
1452158332,9f7d811e4738ca24d33c0dc98d2cba67,1.0,3264609520,12852246,604144110,2018-08-12,delivered,245.0,32.59,277.59,debit_card,1.0,5.0,-20.0,0.0
4233690862,370d5b41dfcdc96d0edb780967153d4e,1.0,1102617784,3811022772,1350631362,2018-08-03,delivered,42.79,18.4,61.19,boleto,1.0,12.0,-2.0,0.0
2217773017,41d85a7a138b7205e32211537623eed3,1.0,3378536285,749116161,342097555,2018-07-16,delivered,119.9,33.92,153.82,voucher,1.0,7.0,-8.0,0.0
3333352157,1200ed0c118de7e4524b65918a42c990,1.0,4022873897,312036201,1702792411,2018-07-17,delivered,32.9,27.18,60.08,boleto,1.0,9.0,-7.0,0.0
2304497360,1ae3abfcd12459a836834a171af03e2e,1.0,2533813893,4265270830,2890074202,2018-08-18,delivered,19.0,15.23,34.23,credit_card,3.0,10.0,-9.0,0.0
1311976937,39dd2e6b9da61a6882d7cf708508c071,1.0,4272139882,1960479650,2304947736,2018-07-19,delivered,69.0,7.74,76.74,debit_card,1.0,4.0,-3.0,0.0
1214661249,65dd890ad9d1c2c3552f35e9e0bd6092,1.0,2900773674,302400981,2304947736,2018-08-11,delivered,49.0,7.6,0.0,unknown,0.0,3.0,-3.0,0.0
2644171249,e20a706ac55f135718368acf3c333dc4,1.0,4088696293,3304897236,123833255,2018-08-05,delivered,42.0,17.22,59.22,credit_card,1.0,8.0,-14.0,0.0
1547330136,c58280939363439540f5e35a91a5e296,1.0,2117507668,3720266267,1572139895,2018-08-06,delivered,349.0,88.33,437.33,credit_card,8.0,10.0,-11.0,0.0
2366424976,7f1159c14b23fc83c21b4c3af15c092a,1.0,2522011779,3064981304,1806598175,2018-07-02,delivered,118.0,36.28,154.28,credit_card,4.0,11.0,-20.0,0.0
1795615626,484ab8a13180429b94330c723289a4f2,1.0,2192880725,721170892,3267771422,2018-07-18,delivered,49.9,11.37,61.27,credit_card,1.0,3.0,-5.0,0.0
3856594374,d47275f7c8f1c128471944cf03903a2e,1.0,2001045255,3729082786,2490225171,2018-07-01,delivered,55.38,8.55,63.93,credit_card,1.0,2.0,-19.0,0.0
888490874,c7e9244a9fdf9ae33fd94f55e7e24741,1.0,1216617632,3929257273,1287319368,2018-08-24,delivered,219.0,45.33,264.33,boleto,1.0,6.0,-14.0,0.0
1841986301,adc34e61cc1a93fc2c76f9193190249a,1.0,2152131232,3820673694,3106288757,2018-07-08,delivered,85.5,14.91,100.41,credit_card,1.0,13.0,-4.0,0.0
2273886332,94cab359d45ddd582953e6e793a9724c,1.0,2777731067,3264238970,1925879045,2018-08-03,delivered,18.9,15.23,34.13,credit_card,2.0,6.0,-7.0,0.0
1008525146,94cab359d45ddd582953e6e793a9724c,2.0,2777731067,3264238970,1925879045,2018-08-03,delivered,18.9,15.23,34.13,credit_card,2.0,6.0,-7.0,0.0
2960622520,d5ca15179b0ee9c4d3720776ad896416,1.0,1341537116,729536071,1077946416,2018-07-20,delivered,65.0,7.72,72.72,credit_card,1.0,3.0,-7.0,0.0
1450669207,a41bb2f937139613df86a333fdbaa7c9,1.0,1663491339,3512592783,2412635066,2018-08-20,delivered,129.9,14.25,144.15,credit_card,1.0,3.0,-6.0,0.0
3144974695,aac88c8074f903c76fc8616b924ab3e4,1.0,1906410929,2434094948,387984413,2018-08-02,delivered,139.9,24.59,164.49,credit_card,2.0,12.0,1.0,1.0
2690730487,34fa7b125777f2296cee0450560eeeac,1.0,28499075,4005377693,3996093901,2018-07-26,delivered,199.0,16.49,215.49,credit_card,2.0,6.0,-22.0,0.0
2600823756,82262a82713a250e0e1f99b5111b9614,1.0,2657951877,3998357053,3734320862,2018-08-04,delivered,49.7,34.66,84.36,credit_card,8.0,8.0,-2.0,0.0
1670935730,9a7dc0f1de6be37b24d30c88398ff4cb,1.0,2632429437,3691969606,4289768623,2018-07-18,delivered,74.67,8.86,83.53,credit_card,2.0,12.0,-16.0,0.0
3474052619,37820e5c04da5c34523175842e470d25,1.0,2487174482,486554141,47085388,2018-08-05,delivered,45.0,17.25,62.25,boleto,1.0,5.0,-11.0,0.0
800482748,1bb0ce15a167cb42d0bc628a99395f66,1.0,3611067395,2956390354,3393462886,2018-08-02,delivered,129.9,24.06,153.96,credit_card,6.0,6.0,-7.0,0.0
93121229,438b46304b3217ea878c63aeb5b98f5d,1.0,3381682746,646584020,2627125470,2018-07-03,delivered,175.99,20.42,196.41,voucher,1.0,7.0,-17.0,0.0
1121447160,d10eafa208521dc30796e6a26099b6a6,1.0,887123939,1248852044,1813314038,2018-07-14,delivered,42.9,19.49,62.39,credit_card,1.0,11.0,-14.0,0.0
2909291208,4f510ee3f8f37d3f09228624a7b72ec8,1.0,1875194311,782339384,2629314654,2018-08-06,delivered,110.0,8.03,118.03,credit_card,3.0,4.0,1.0,1.0
2991685344,9702b284912de5c57518af9f8220246c,1.0,454485043,4160155418,1672091742,2018-08-03,delivered,19.9,37.05,56.95,credit_card,4.0,21.0,-21.0,0.0
1894019939,6b3c0661b32905af6722a962d2fac779,1.0,1559993776,3350541649,1432305819,2018-07-27,delivered,79.99,16.75,96.74,credit_card,1.0,4.0,-16.0,0.0
233788247,56610fa87188c93ee5993a5e98a7b092,1.0,3506222521,1010816471,53223181,2018-08-27,delivered,38.99,7.53,0.0,unknown,0.0,3.0,0.0,0.0
2830366474,d8d842d38880d9584e98d64058aedfed,1.0,2023765403,731813237,3514986460,2018-08-26,delivered,299.99,19.9,319.89,credit_card,1.0,3.0,-32.0,0.0
367152905,99907bf137138e8a41986fc842736a37,1.0,381990989,3742612479,2900095324,2018-08-13,delivered,59.0,19.32,78.32,credit_card,1.0,7.0,-24.0,0.0
2410612335,6007f653ed368c140327fb6e59aa523c,1.0,135653144,3645543149,1040030263,2018-08-14,delivered,89.0,13.28,102.28,credit_card,4.0,15.0,1.0,1.0
3449266133,7c84f3ad69b989de803692b81743e3e7,1.0,3971946383,3015230721,2008019197,2018-07-14,delivered,109.9,57.25,0.0,unknown,0.0,9.0,-13.0,0.0
160410083,494648e782c762fe2547626ebb7dfaff,1.0,987207856,3075793487,3761277192,2018-08-07,delivered,39.9,7.54,47.44,credit_card,1.0,3.0,0.0,0.0
3205125194,a86a34972a168f819d4e6fbf8d07a264,1.0,830192347,757399809,24962101,2018-07-24,delivered,24.0,18.27,42.27,credit_card,2.0,16.0,-5.0,0.0
3523978618,ddd9c425db13b8b55a6dc676634ea208,1.0,4082220100,3924580625,4194263931,2018-07-30,delivered,65.9,13.8,79.7,boleto,1.0,15.0,-13.0,0.0
1267625365,ddd9c425db13b8b55a6dc676634ea208,2.0,4082220100,3924580625,4194263931,2018-07-30,delivered,65.9,13.8,79.7,boleto,1.0,15.0,-13.0,0.0
4099448273,c005c973843746a08a6ea826af4ce0c0,1.0,2643655840,445545034,179864683,2018-07-29,delivered,64.9,19.36,84.26,credit_card,1.0,46.0,23.0,1.0
1626206485,bbae6c48f9a555fcdfc699ed409760f8,1.0,920186198,2787435028,2837110182,2018-07-31,delivered,179.99,39.53,219.52,credit_card,8.0,9.0,-13.0,0.0
4177007677,dc6f399c6e89a48c2b06005aff6e0a94,1.0,2405044904,4294399807,2308685613,2018-08-20,delivered,82.49,8.74,91.23,debit_card,1.0,3.0,0.0,0.0
3970995410,2d9fae00e8fabe4fc6128a1d8a527aeb,1.0,2164942444,4099738147,664830643,2018-07-25,delivered,19.0,7.39,26.39,credit_card,2.0,7.0,-8.0,0.0
3109377767,88b24cb0678cf5b316584a332f724969,1.0,2110496440,1982727993,2082146367,2018-07-13,delivered,1099.0,69.71,1168.71,credit_card,8.0,16.0,-15.0,0.0
2180768233,d017d0e91fe40d6aa17e32f698543706,1.0,667820923,1361088590,1716536501,2018-07-26,delivered,48.9,9.09,57.99,credit_card,3.0,5.0,-3.0,0.0
3145905071,1b70309f9d8c8068c52cab917fb26379,1.0,79687063,3970047203,4027947388,2018-07-21,delivered,239.9,43.96,283.86,boleto,1.0,14.0,-12.0,0.0
2210322042,9f614c4a6839e4c60280aa7c70913658,1.0,1965499205,2073353639,817416274,2018-07-24,delivered,140.0,15.29,155.29,credit_card,2.0,3.0,-11.0,0.0
3536274727,7085a588f3bd2d50f30fa90ef4265f3c,1.0,2563320550,2737365249,1902553100,2018-08-23,delivered,259.0,20.11,279.11,credit_card,8.0,4.0,-8.0,0.0
3871743299,b77e196ee314322dcec6124fa3e38b6b,1.0,2138504069,1389968214,4109304321,2018-08-18,delivered,187.0,45.11,232.11,credit_card,8.0,9.0,-13.0,0.0
2418929064,ae8b5df33b436c333b48d59c25ddcf46,1.0,84694262,3470517503,1615213775,2018-08-19,delivered,56.1,13.97,70.07,credit_card,1.0,5.0,-5.0,0.0
1592633902,78e2e121092766f1dd16d8570944bca0,1.0,3670020042,1115227678,1550185782,2018-08-09,delivered,59.99,18.22,78.21,credit_card,7.0,12.0,-10.0,0.0
238858054,b33010cda5cc0e6573b4eecafeb14082,1.0,2586889253,2508683014,212815993,2018-07-30,delivered,238.99,16.77,0.0,unknown,0.0,8.0,-9.0,0.0
620832127,3cdbf328dc0f52112842b474f208831b,1.0,2470572668,2769757044,1227159798,2018-08-18,delivered,16.99,7.39,24.38,credit_card,1.0,11.0,-8.0,0.0
1394634524,9ba2c9b0388923ffcdc4c4f3dffec0a8,1.0,2014218101,387810902,926823165,2018-07-14,delivered,28.0,18.35,46.35,credit_card,1.0,36.0,13.0,1.0
3451569009,697fd318644f987187c9cde4ab05bb67,1.0,1005241774,2746034656,261066546,2018-07-25,delivered,118.7,15.93,134.63,credit_card,5.0,12.0,-15.0,0.0
1403309153,2b57c696ecd14a037a58743e71c2bd39,1.0,2381443879,3546789628,370601253,2018-08-09,delivered,159.9,53.47,213.37,credit_card,3.0,11.0,-22.0,0.0
1859070644,38c9169c58d74d3447a3ffed8962ce34,1.0,1855942184,3714195824,73684966,2018-08-22,delivered,12.5,7.39,19.89,credit_card,1.0,2.0,-3.0,0.0
3302060478,38c9169c58d74d3447a3ffed8962ce34,2.0,1855942184,3714195824,73684966,2018-08-22,delivered,12.5,7.39,19.89,credit_card,1.0,2.0,-3.0,0.0
1592861454,b91a3ffa761815f3bef95a126159d0b8,1.0,759576700,4213611084,3383846266,2018-07-22,delivered,118.0,17.76,135.76,credit_card,1.0,14.0,-18.0,0.0
2058520698,6ac7e852b9acd63429f9b6ac61ae165a,1.0,3824840234,3898251050,96764808,2018-07-24,delivered,14.9,22.85,37.75,boleto,1.0,15.0,-1.0,0.0
932846691,32dd7913bfe4d7f0647e7d5a5e711f2d,1.0,3180781215,3582539479,390945606,2018-07-28,delivered,14.99,7.39,22.38,credit_card,2.0,3.0,-3.0,0.0
630570607,af581263488e6e37a5eecc8323943693,1.0,1649905574,59459176,2235530015,2018-07-11,delivered,420.0,91.65,461.2835546475996,boleto,1.0,13.0,-6.0,0.0
3932886158,af581263488e6e37a5eecc8323943693,2.0,1649905574,1440799355,2235530015,2018-07-11,delivered,559.0,4.58,613.9464453524005,boleto,1.0,13.0,-6.0,0.0
62955226,57c38272c5be87d337e47ad5f1d88343,1.0,2883766369,2701790491,3768979254,2018-08-06,delivered,190.0,24.13,214.13,credit_card,5.0,4.0,-11.0,0.0
3727201555,22401427638873c7bd3cffca5c9f38bf,1.0,4048980315,1441170874,4086780073,2018-07-24,delivered,79.0,22.37,101.37,credit_card,3.0,6.0,-15.0,0.0
3977048445,6c0579db279e926d14faf051deae3288,1.0,1290329741,3258959526,1579174796,2018-08-07,delivered,56.99,14.71,71.7,boleto,1.0,6.0,-4.0,0.0
3806946926,0f6d4797b3933b25519398b754dfe58c,1.0,2941148009,1715952204,2023461531,2018-07-21,delivered,99.0,15.79,114.79,credit_card,1.0,6.0,-10.0,0.0
1077640297,58c5215132c75e7d8226faaf2fab73a2,1.0,569662100,1363426231,3632234477,2018-07-19,delivered,1389.9,24.8,1414.7,credit_card,10.0,7.0,-11.0,0.0
61677848,3c3757e099924a1ef846889be651f146,1.0,2404455534,2866851247,1756264364,2018-07-17,delivered,293.2,23.87,317.07,boleto,1.0,6.0,-10.0,0.0
1881213943,598e3e1a06cd6e5aa4779c6d4c11e11a,1.0,401160132,2397286120,753329531,2018-07-16,delivered,149.9,17.24,167.14,boleto,1.0,8.0,-15.0,0.0
3012899057,0e26d0a204b8688d2481b72560ac3ddf,1.0,131858194,1646107025,1700921277,2018-08-01,delivered,229.0,27.66,256.66,credit_card,2.0,5.0,-7.0,0.0
2774755645,491e593aee916fa4bf7b6cabb2f80070,1.0,3949846721,3036043331,2566875709,2018-08-02,delivered,419.0,43.91,462.91,credit_card,1.0,5.0,-10.0,0.0
3428941636,51fea792e465500a842c7325adabf0ad,1.0,2800489591,1012272379,768290608,2018-07-01,delivered,69.9,27.44,97.34,boleto,1.0,9.0,-28.0,0.0
321403022,4f9a350ccfff326b528a0d7e24ca8743,1.0,1602478089,564590060,3466035030,2018-08-19,delivered,37.91,23.42,61.33,credit_card,1.0,9.0,-6.0,0.0
1981526577,988117e4f714ed70371d15b7063e0add,1.0,4135846094,1653187576,3835866364,2018-08-05,delivered,169.0,17.13,186.13,credit_card,8.0,4.0,-4.0,0.0
404882586,33a7b8ae888999afb219263e9a36fb77,1.0,1322181542,3679015686,1902553100,2018-08-19,delivered,148.0,27.34,198.19,credit_card,10.0,8.0,-9.0,0.0
559516988,33df70afce3d048ea97b52a230185c90,1.0,1692063321,2757471485,4185397625,2018-08-07,delivered,85.0,33.08,118.08,credit_card,8.0,6.0,-10.0,0.0
4235038557,a5963ec55629a3be5270283db13391a6,1.0,3452222583,2718595618,3003602011,2018-08-11,delivered,32.49,8.98,41.47,credit_card,1.0,6.0,-3.0,0.0
2546640766,3e5a5f26a57dc7918c951081887b0e88,1.0,702302386,2116048782,4055463965,2018-07-02,delivered,22.32,17.09,39.41,credit_card,1.0,23.0,-13.0,0.0
2955070760,d72d3f4cc43d48736c9d01b802a85bd9,1.0,3095859614,3064981304,1806598175,2018-08-18,delivered,157.0,21.74,0.0,unknown,0.0,6.0,-5.0,0.0
930097153,a5030749302e7c9a21f56e55fc391341,1.0,3018359903,3837136944,1778061601,2018-07-04,delivered,394.9,89.35,484.25,credit_card,1.0,7.0,-21.0,0.0
1054847786,369c055c7ea13627ab3d3100c5af3e8b,1.0,54566013,1461899831,2604222599,2018-08-06,delivered,22.5,8.32,30.82,credit_card,1.0,8.0,4.0,1.0
2882365347,036c6f5c3d6a81192f4896ddb2c00c83,1.0,1326438799,1016218503,2684332936,2018-07-22,delivered,53.8,22.31,76.11,boleto,1.0,11.0,-13.0,0.0
1994787469,42006f4285a74fe6aeef976170d01e60,1.0,1833024584,2536816678,3819213127,2018-08-22,delivered,159.9,40.2,200.1,credit_card,4.0,5.0,-2.0,0.0
706038979,42006f4285a74fe6aeef976170d01e60,2.0,1833024584,2536816678,3819213127,2018-08-22,delivered,159.9,40.2,200.1,credit_card,4.0,5.0,-2.0,0.0
2490322077,3a25790f0659c035cf7d5e3208deb6ce,1.0,1539947884,1954539847,4027816933,2018-07-26,delivered,184.0,24.09,0.0,unknown,0.0,6.0,-14.0,0.0
1655471767,89ad9301604c76e365ba9b9db109bcaa,1.0,3661647585,1427149018,1003179062,2018-07-19,delivered,124.9,20.82,145.72,credit_card,2.0,5.0,-16.0,0.0
2260421375,cd866ebb9aa10bfa70f22d11e82bc4e9,1.0,3565279409,1084811042,1919968767,2018-07-08,delivered,110.32,23.49,133.81,credit_card,5.0,16.0,-12.0,0.0
4086196275,23e61b7a50280ac24831f163542e5fe6,1.0,3418123987,1378147945,4055463965,2018-08-19,delivered,24.9,9.3,34.2,boleto,1.0,10.0,-4.0,0.0
3892149653,da1bf4bd73b666e0f4173221301aaca3,1.0,1631675274,2955141554,261066546,2018-07-25,delivered,132.2,16.03,148.23,credit_card,7.0,4.0,-9.0,0.0
3174960978,1a479eca71e8e8efb68b0968a43d8fb1,1.0,827861523,3821764583,1350631362,2018-08-01,delivered,68.9,17.41,86.31,credit_card,1.0,7.0,-8.0,0.0
41443649,78d5c205c38367a8894d4721fdbb6962,1.0,2742430455,2403206639,3485175421,2018-08-27,delivered,64.0,14.03,78.03,credit_card,6.0,3.0,-5.0,0.0
2660418422,d195cac9ccaa1394ede717d38d075fac,1.0,590550198,3899280422,733774970,2018-08-12,delivered,19.9,17.07,36.97,credit_card,5.0,10.0,-42.0,0.0
20983165,d195cac9ccaa1394ede717d38d075fac,2.0,590550198,3899280422,733774970,2018-08-12,delivered,19.9,17.07,36.97,credit_card,5.0,10.0,-42.0,0.0
1692446767,5c2630d9eb5757718ef5a12b09368935,1.0,1234803422,640332081,520545560,2018-07-12,delivered,24.99,18.28,43.27,boleto,1.0,14.0,-13.0,0.0
3491292333,aa31e416f67318939922854f9af2b087,1.0,1010322357,3523725024,2938631263,2018-08-09,delivered,37.5,14.57,52.07,credit_card,2.0,5.0,-2.0,0.0
780858217,53b74e6d05c2fa0f3915c608e6537d30,1.0,3116621155,879526596,139859989,2018-07-29,delivered,295.22,52.36,347.58,credit_card,8.0,9.0,-6.0,0.0
3719062576,8e0596076e4dd8dfc010e2cf60af9fab,1.0,3656550693,2641526871,2775148626,2018-08-10,delivered,156.0,23.89,179.89,credit_card,3.0,9.0,-8.0,0.0
870413421,4bd13580e951063d19e99e60bc4d1492,1.0,1229868538,577999247,2433711167,2018-08-03,delivered,149.0,29.69,169.90272701714926,voucher,1.0,3.0,-9.0,0.0
3257267057,4bd13580e951063d19e99e60bc4d1492,2.0,1229868538,4109758498,2809386744,2018-08-03,delivered,99.99,5.24,114.0172729828507,voucher,1.0,3.0,-9.0,0.0
1495269042,a69cfdf2a1c59f8ff05718f69d021e81,1.0,4164378680,1988783782,3996093901,2018-07-19,delivered,58.0,18.51,76.51,credit_card,1.0,7.0,-11.0,0.0
2746029400,7c2b39d429d502e10a0ef4dd8fc88830,1.0,4226408429,650566202,1763790356,2018-07-31,delivered,219.0,24.25,243.25,credit_card,4.0,13.0,-7.0,0.0
3803690325,7c2b39d429d502e10a0ef4dd8fc88830,2.0,4226408429,650566202,1763790356,2018-07-31,delivered,219.0,24.25,243.25,credit_card,4.0,13.0,-7.0,0.0
2221315296,2e55db958a20257bc57183a4e74e6b47,1.0,3339514869,2184882008,2304947736,2018-07-30,delivered,45.0,18.99,63.99,credit_card,5.0,3.0,-26.0,0.0
3852740349,4974295376c45fc743638ffad01b8959,1.0,1722602134,3670149510,1040030263,2018-07-21,delivered,45.0,18.42,63.42,credit_card,1.0,11.0,-9.0,0.0
2121605761,cc7403cc8930609fb8201add01828b05,1.0,310729984,3101675611,1367815669,2018-08-21,delivered,139.0,9.72,148.72,credit_card,3.0,2.0,-5.0,0.0
2523139796,7a8107927fd13f239a62ba070873fe45,1.0,3712560211,1429115575,2047495738,2018-07-30,delivered,19.9,7.56,27.46,credit_card,1.0,3.0,-1.0,0.0
2416061131,dda2dbc7b1340a2c9f8743feb8cbc432,1.0,1937372296,3969901017,3761277192,2018-08-01,delivered,66.9,9.22,76.12,credit_card,2.0,7.0,2.0,1.0
2376311825,65190ebf6d5ddbbb29883d2399fc531c,1.0,1268707056,849155371,1066843052,2018-08-21,delivered,59.99,18.99,78.98,credit_card,4.0,9.0,-22.0,0.0
2692498563,80503508be2a3417d594a5d158c22ec1,1.0,1064406793,3166777224,3085186048,2018-07-31,delivered,26.9,13.77,40.67,boleto,1.0,6.0,-7.0,0.0
1583011656,99b4647e792ac5029235bbd15476e6bf,1.0,3513471508,1162359579,1292755017,2018-08-24,delivered,50.0,13.01,63.01,credit_card,1.0,6.0,-6.0,0.0
240453564,ca096b7aaeb4fc794c0e4e8e9ad8294f,1.0,385832396,2040245849,292598503,2018-07-24,delivered,129.97,17.1,147.07,credit_card,8.0,3.0,-13.0,0.0
151513472,b08e77f09baf59e555941a454cc56dbb,1.0,1663219939,3520052168,2304947736,2018-07-07,delivered,56.0,7.65,0.0,unknown,0.0,3.0,-8.0,0.0
462534159,601fb7b5c950f370e9b7fa94529b8880,1.0,1830037513,4113005167,2487708955,2018-07-05,delivered,399.0,63.07,462.07,credit_card,2.0,5.0,-8.0,0.0
328068448,7cb7082833b403a3d40a1596b54f2fba,1.0,2061155563,786040410,295356219,2018-07-24,delivered,24.0,13.51,37.51,credit_card,1.0,3.0,-11.0,0.0
2561686106,9949f7af3885f27e84044841513de26e,1.0,2568144484,3307329727,1512163182,2018-07-19,delivered,110.81,19.99,130.8,credit_card,5.0,14.0,-38.0,0.0
1110510812,1e8b5739cd3836175c13682f71530a85,1.0,1331513544,1934518943,96764808,2018-07-22,delivered,14.9,7.39,22.29,credit_card,1.0,4.0,-6.0,0.0
1256235566,678ec27e8a4c8d92384bd0834f21b308,1.0,1492679470,266457030,1521024051,2018-08-14,delivered,149.99,34.81,184.8,debit_card,1.0,10.0,1.0,1.0
2034702914,812855c58b365035c104626bd744eddc,1.0,144715385,1073358592,1612681572,2018-08-16,delivered,105.0,27.69,132.69,credit_card,2.0,10.0,-7.0,0.0
575908024,56489a88db0de4afa3664cb5712f7d31,1.0,112818872,688588434,3485175421,2018-08-16,delivered,125.0,18.98,143.98,credit_card,7.0,7.0,-20.0,0.0
4094990269,17e604bb550e265b46ebefe61430751b,1.0,1476504083,3670078461,1379301944,2018-08-21,delivered,14.96,12.79,27.75,boleto,1.0,6.0,-9.0,0.0
3601642387,1c34540e08aaa8566e32b53509f14ebb,1.0,3047137467,2527349137,1195323413,2018-08-26,delivered,102.0,18.81,120.81,credit_card,3.0,4.0,-14.0,0.0
2447342235,89babe508d7970dd64bc5c43f771e15b,1.0,1822239562,3659179533,1582785315,2018-08-21,delivered,289.0,35.78,324.78,credit_card,3.0,7.0,-16.0,0.0
4003504454,01825d0debce07b6502f4aff38a00e69,1.0,4293078611,3360362321,3485175421,2018-07-11,delivered,189.0,23.25,212.25,credit_card,10.0,14.0,-9.0,0.0
2414270665,86c94a0d5411b58234ceb4ddda0ee6c1,1.0,1218508248,2397286120,753329531,2018-08-09,delivered,149.9,23.77,173.67,boleto,1.0,12.0,-2.0,0.0
726619052,b75fb3fad479a8d1dfff143f49f2f76d,1.0,3601269405,537217907,989903952,2018-07-14,delivered,59.9,15.65,75.55,credit_card,3.0,9.0,-6.0,0.0
1651390601,85eeda44e93bdd0ac057cdf18179d693,1.0,1545061142,463721623,3883719590,2018-08-19,delivered,80.0,14.15,94.15,credit_card,1.0,5.0,-5.0,0.0
1707303120,914a491b0919b0205dc6fe31c052ac49,1.0,2585003588,101048405,2622583364,2018-08-03,delivered,102.9,51.44,154.34,credit_card,2.0,21.0,-6.0,0.0
2694226525,c8e8f8ab00ec5d13a1d93718f5af9e4a,1.0,2171094305,2877750467,4055463965,2018-08-16,delivered,24.9,15.27,40.17,credit_card,1.0,10.0,-10.0,0.0
598401090,226bc0c2f038af61a10705e253ef0d6a,1.0,191954404,3554196978,3761277192,2018-07-16,delivered,39.9,23.0,62.9,credit_card,1.0,25.0,3.0,1.0
2588133301,20e966193a16a101f6a264df9dd92968,1.0,4090144970,2466355469,523493826,2018-07-02,delivered,66.99,27.75,94.74,credit_card,4.0,8.0,-21.0,0.0
755036328,64eeb35d3ade7fcdff9fbb1ca5175bcf,1.0,3548631570,3332874104,2053349188,2018-08-16,delivered,8.7,15.23,23.93,credit_card,1.0,6.0,-42.0,0.0
2757745137,b876459be8cda353e0830b7ce970e067,1.0,1708958148,2648057459,1615213775,2018-08-02,delivered,69.99,23.29,93.28,credit_card,2.0,18.0,5.0,1.0
3412413771,0596e04bc1e3bb1649cf6d1f8545e5eb,1.0,816340894,1422142397,3424220039,2018-08-13,delivered,247.0,88.32,335.32,credit_card,5.0,8.0,-1.0,0.0
564405179,99ae4dfbf51fa5875227d43e7b5c95c1,1.0,2088882280,4294399807,2308685613,2018-08-24,delivered,85.9,8.76,94.66,credit_card,2.0,3.0,-2.0,0.0
2091483936,3d352a1e37d7eabd08d9104244fa0e21,1.0,2827442993,1795108154,2612393066,2018-07-31,delivered,135.0,17.88,152.88,boleto,1.0,6.0,-3.0,0.0
555343169,7904ad4690e52067be7de5f91f2ad3b3,1.0,2987738758,2567466118,1027933367,2018-07-22,delivered,50.0,9.1,59.1,credit_card,4.0,2.0,-7.0,0.0
2831762238,1254db2858a5edb97a4c724409299e13,1.0,3105013364,4081925990,1919968767,2018-08-05,delivered,110.32,8.03,118.35,credit_card,1.0,8.0,0.0,0.0
2676152263,a3d974992b6e4d46af6f3c6259ad725d,1.0,2016678004,1507172851,1544198991,2018-08-16,delivered,39.0,18.37,57.37,credit_card,1.0,13.0,-5.0,0.0
2765371473,a6d9999c33b017f6d907c296e13db22c,1.0,1046902037,2060815964,2031026716,2018-07-30,delivered,80.0,15.66,0.0,unknown,0.0,4.0,-17.0,0.0
3317295867,99be4182146d779870a657ca6ca5700a,1.0,830164870,3983692150,4106597905,2018-08-11,delivered,68.9,11.5,80.4,credit_card,1.0,3.0,-2.0,0.0
2370889858,99be4182146d779870a657ca6ca5700a,2.0,830164870,3983692150,4106597905,2018-08-11,delivered,68.9,11.5,80.4,credit_card,1.0,3.0,-2.0,0.0
3023776932,06a02b60d897c8f12fb3287e9de120e3,1.0,582256891,1781251941,2304947736,2018-08-14,delivered,65.0,18.56,83.56,credit_card,1.0,5.0,-8.0,0.0
2640134026,d6f49f5dff3052a0ecf30c9493a975f3,1.0,2675099091,1408968732,989903952,2018-08-17,delivered,57.99,9.72,67.71,credit_card,5.0,5.0,0.0,0.0
1234592535,afed00b9cae687f1f1a07bad548aaa50,1.0,3456480366,661904589,3016182256,2018-07-02,delivered,179.9,13.92,193.82,boleto,1.0,3.0,-17.0,0.0
3472095731,b0c7196170c9adcbf44c5b77f03165e5,1.0,737189642,3742878999,4028933957,2018-08-11,delivered,68.8,42.76,111.56,credit_card,2.0,11.0,-11.0,0.0
2726857192,39fa02e23ac8857769bdcdd496180f7c,1.0,4064259225,1745648530,9861004,2018-08-11,delivered,49.9,20.99,70.89,credit_card,3.0,6.0,-12.0,0.0
4183041350,aa2dc936dd126536c8f2eb4dbaf37333,1.0,1290379673,3843655945,2154000458,2018-07-30,delivered,43.99,18.18,58.29763082608177,credit_card,2.0,4.0,-4.0,0.0
3934443042,aa2dc936dd126536c8f2eb4dbaf37333,2.0,1290379673,3843655945,2154000458,2018-07-30,delivered,43.99,18.18,58.29763082608177,credit_card,2.0,4.0,-4.0,0.0
85792149,aa2dc936dd126536c8f2eb4dbaf37333,3.0,1290379673,2618079057,737969628,2018-07-30,delivered,39.9,9.1,52.87736917391822,credit_card,2.0,4.0,-4.0,0.0
3469874697,aa2dc936dd126536c8f2eb4dbaf37333,4.0,1290379673,579467812,737969628,2018-07-30,delivered,39.9,9.1,52.87736917391822,credit_card,2.0,4.0,-4.0,0.0
4119706077,977ec2dc0bff193996408d1631b22181,1.0,1097075096,3269926595,854629258,2018-08-02,delivered,135.0,60.18,195.18,boleto,1.0,8.0,-12.0,0.0
288336267,23538663b36489215fd49765baa4ba8f,1.0,3418646528,2475475663,1364951977,2018-08-05,delivered,98.0,27.64,125.64,debit_card,1.0,11.0,-12.0,0.0
3439810826,3b842ff9ea0324f7726503cadd3c0db5,1.0,820242417,421686986,1847905424,2018-08-07,delivered,129.0,69.05,198.05,boleto,1.0,17.0,-11.0,0.0
1677236059,585ce4ee0af830235ceed384bcbe545f,1.0,971260018,3567882326,2727015201,2018-07-19,delivered,75.0,18.63,93.63,boleto,1.0,12.0,-6.0,0.0
1298134822,dde2650c0fa0e73271dc339daf400ac9,1.0,2883603883,902292397,2804246847,2018-07-30,delivered,56.5,23.2,79.7,credit_card,3.0,4.0,-7.0,0.0
1334080012,9340ec2a1f243ae60a2b70696db3b202,1.0,227288666,272764264,3070457104,2018-07-02,delivered,48.9,7.6,56.5,credit_card,1.0,3.0,-11.0,0.0
1041837178,76464635ac7911e6670c028e667ca7f0,1.0,2787275574,3286585782,3667124800,2018-08-08,shipped,49.9,15.45,65.35,credit_card,2.0,,,
1324312105,71f78dbe56e4ceb4b7ce394fb6de8f15,1.0,2023659134,3814704442,3154186893,2018-08-24,delivered,24.0,7.59,31.59,credit_card,3.0,5.0,-2.0,0.0
1422277556,56f1d06ce4c0cf8a60c9d1af768f39de,1.0,2281717264,4114507059,1994919736,2018-07-17,delivered,86.0,15.7,101.7,boleto,1.0,33.0,6.0,1.0
1900961342,a530dc19f1969dc7898a1b96fcd6e602,1.0,2956271669,1693141323,1009744371,2018-08-05,delivered,17.99,7.39,25.38,credit_card,2.0,2.0,-6.0,0.0
129699606,6325af88a0611fc357055cb87dcec11e,1.0,551081582,3658875146,250985049,2018-07-18,delivered,77.9,22.48,100.38,boleto,1.0,61.0,27.0,1.0
295709186,5a213cd2c31b85edd98ae1ab50c50aee,1.0,734688181,1523256566,3676672524,2018-07-08,delivered,399.99,143.76,543.75,credit_card,2.0,18.0,-19.0,0.0
3117095597,a1aa085af097613cc86d6105d15b39f3,1.0,2675505262,3516846593,1235607158,2018-08-22,delivered,299.0,16.54,315.54,credit_card,1.0,7.0,-1.0,0.0
3621692209,0a457a7e838f772d804eebe8d6261ed0,1.0,2319997712,1241208376,2023461531,2018-08-08,delivered,74.99,8.69,83.68,boleto,1.0,2.0,-3.0,0.0
2707273977,3f23bdebc73fa439fcd2b1b77fbeaf7a,1.0,4163763637,3216599867,1919968767,2018-07-14,delivered,110.32,15.87,126.19,credit_card,1.0,8.0,-11.0,0.0
2909300530,b5780df6f99a1b41aaf41e0937ca5e9f,1.0,2454506219,2628804973,2944393368,2018-08-02,delivered,159.0,42.09,201.09,credit_card,2.0,11.0,-8.0,0.0
362842120,c4694142c485a1a9d1ca666ea9c00d07,1.0,1486900384,1570888716,53223181,2018-07-03,delivered,27.9,7.94,35.84,debit_card,1.0,1.0,-11.0,0.0
2896024582,a8dab5a72130fd27326322c2b8cdfb5e,1.0,3924174640,2194995211,3659481684,2018-08-17,delivered,14.89,15.23,30.12,voucher,1.0,4.0,-9.0,0.0
765237766,00a99c50fdff7e36262caba33821875a,1.0,3242294823,672214668,487246604,2018-08-17,shipped,52.99,22.3,75.29,credit_card,4.0,,,
2463638384,0d221dabf9051681797df7bba5701cb6,1.0,699517269,1816939174,1550185782,2018-08-10,delivered,85.99,27.55,113.54,credit_card,2.0,13.0,-12.0,0.0
725100942,1d5685dc33b104f71bb3a8709255c729,1.0,524180692,1277917110,1480205621,2018-07-20,delivered,199.0,14.05,213.05,credit_card,4.0,7.0,-7.0,0.0
1319019289,171a1f1ee5fb6ee190e46e3a9dbf85c7,1.0,694447632,3239363638,1868809992,2018-07-22,delivered,228.0,34.68,262.68,credit_card,5.0,3.0,-14.0,0.0
3131264031,255e207e77964616c3c1ede4741a13fa,1.0,3054857782,2406861396,879502040,2018-08-10,delivered,55.0,19.58,74.58,boleto,1.0,9.0,-14.0,0.0
2583941637,2cad1cf90acc3870d982eafa58b9a657,1.0,3090620022,92530995,250985049,2018-08-02,delivered,74.9,18.62,93.52,credit_card,2.0,18.0,-4.0,0.0
1013390861,2cad1cf90acc3870d982eafa58b9a657,2.0,3090620022,92530995,250985049,2018-08-02,delivered,74.9,18.62,93.52,credit_card,2.0,18.0,-4.0,0.0
4177559197,31cad6ec7ac19b48d3eca43d624f6cfd,1.0,360802640,2648071367,4055463965,2018-07-18,delivered,38.9,13.61,52.51,boleto,1.0,9.0,-16.0,0.0
2294583827,36c68e2e8ad21203f7f149a315550bb7,1.0,1838729946,3064981304,1806598175,2018-08-01,delivered,150.0,17.32,167.32,boleto,1.0,9.0,5.0,1.0
864278378,48483d781181b0424eb4d9729ce4ccca,1.0,2071446321,1823520425,1379301944,2018-08-03,delivered,66.7,18.57,85.27,credit_card,1.0,9.0,-3.0,0.0
1971900242,136a3da67b93100ec6fc05442613bcec,1.0,773135570,1964155017,3554345266,2018-08-03,delivered,189.0,19.42,208.42,boleto,1.0,7.0,-14.0,0.0
3580568547,6258f184f313311383d31c1a6ea59b7a,1.0,3641412745,956706213,1415924549,2018-08-18,delivered,83.9,23.39,107.29,credit_card,4.0,5.0,-11.0,0.0
1534521361,c89a29cbd8db5a3dc5750a3748985526,1.0,3844240069,1205223205,3103215707,2018-08-02,delivered,259.99,19.92,279.91,credit_card,2.0,12.0,-9.0,0.0
2544498155,a54b9350f120bf643b010046fc8d7790,1.0,1229540723,1186428281,2356191125,2018-07-05,delivered,29.0,7.46,36.46,credit_card,3.0,5.0,-13.0,0.0
1224558227,ae444b0ace16023ecd8b22ea477c263d,1.0,4168928714,1841784105,2127264097,2018-08-15,delivered,55.8,18.49,74.29,credit_card,2.0,6.0,-9.0,0.0
2078409731,3f975d6254e730e9262bc7be0b71a589,1.0,795694505,3735505983,3743845763,2018-07-31,delivered,488.0,12.17,500.17,credit_card,6.0,7.0,2.0,1.0
3878772895,78275af5c9a2f3d0e1d19f9f4bc62922,1.0,249471294,788153889,577813429,2018-08-15,delivered,79.99,9.31,89.3,credit_card,3.0,6.0,-2.0,0.0
2901178609,760209837cc5c577075aeb32eb2f219f,1.0,3592571969,3456254014,3942029387,2018-08-14,delivered,169.99,23.99,193.98,credit_card,3.0,3.0,-11.0,0.0
67928352,e144a54c13458667eb25fc1a5eaf5139,1.0,1834927992,2267979100,1308541058,2018-08-17,delivered,20.0,7.56,27.56,credit_card,1.0,4.0,-1.0,0.0
1632601871,e144a54c13458667eb25fc1a5eaf5139,2.0,1834927992,2267979100,1308541058,2018-08-17,delivered,20.0,7.56,27.56,credit_card,1.0,4.0,-1.0,0.0
1511663478,8585531565f837954132c3e78ff8afc7,1.0,527668366,1103724453,2745162286,2018-08-12,delivered,69.9,9.24,79.14,credit_card,3.0,3.0,-5.0,0.0
836871596,3c75574b6ba7015391e4755c6c03bd12,1.0,3485847276,2257580866,2814304116,2018-08-01,delivered,99.9,19.89,0.0,unknown,0.0,5.0,-9.0,0.0
1983303443,733fd3fbb07ad971f1570aa18efe747a,1.0,1797429540,3864094454,84469676,2018-07-24,delivered,169.9,19.49,189.39,credit_card,2.0,8.0,-8.0,0.0
34420216,d338e94a703f4d7af1612be068a85bb6,1.0,3226685390,2735595944,305748041,2018-08-10,delivered,9.9,8.88,18.78,credit_card,1.0,4.0,-8.0,0.0
3588078813,a698966a44dec5eb80ac9c132b5d2a53,1.0,2906327457,3321232182,3267771422,2018-07-25,delivered,79.9,18.66,98.56,credit_card,9.0,5.0,-13.0,0.0
2310053922,3788e0af9e212034588d6d24fa1b7fd1,1.0,2010604875,2748551230,3267771422,2018-07-30,delivered,39.9,23.08,62.98,credit_card,2.0,7.0,-1.0,0.0
1653724568,daa82801011a09e5047dca31d70b6be1,1.0,40802144,2562799665,2880307388,2018-08-07,delivered,79.9,9.31,89.21,boleto,1.0,14.0,-1.0,0.0
307030660,48182f93c2c0bc28cb145431fa5bcc16,1.0,2514041233,3517858956,1612681572,2018-07-25,delivered,64.0,18.25,82.25,credit_card,8.0,5.0,-10.0,0.0
1709427521,dffb9004059a7aa9a84571480d7a1c0f,1.0,3121305710,50247468,177643490,2018-07-23,delivered,89.0,22.55,0.0,unknown,0.0,9.0,-15.0,0.0
3086430967,10d5f0eaccc82a1edadfdf784a8c2928,1.0,3705746295,3145350346,2490225171,2018-08-20,delivered,28.99,8.36,37.35,boleto,1.0,2.0,-5.0,0.0
686798974,65cc9958974d9b84cb4caad96226d10f,1.0,995570374,619915650,3280936577,2018-08-04,delivered,118.99,15.93,134.92,boleto,1.0,9.0,-8.0,0.0
3302117712,d9faf6f49d2c7b35db2ee149350d371a,1.0,2347184241,3728931937,1277691880,2018-07-22,delivered,59.9,16.61,76.51,credit_card,1.0,11.0,-11.0,0.0
3298893446,d9faf6f49d2c7b35db2ee149350d371a,2.0,2347184241,3728931937,1277691880,2018-07-22,delivered,59.9,16.61,76.51,credit_card,1.0,11.0,-11.0,0.0
449924606,b90edb88aa8235216b0f06e1a8ecee43,1.0,2974670423,729925985,2274414976,2018-07-02,delivered,42.0,17.22,59.22,credit_card,1.0,8.0,-14.0,0.0
1522305104,3ace6f2805072fe7b4512a1e3d11217b,1.0,267167388,4294399807,2308685613,2018-08-23,delivered,85.9,13.26,0.0,unknown,0.0,7.0,-6.0,0.0
711851325,4f75714930281cf2a8b983e0dd8a3fde,1.0,3138760738,4010140468,4106597905,2018-08-09,delivered,57.9,11.43,69.33,credit_card,4.0,4.0,0.0,0.0
3602135419,7b4f660a72183fc98991998a65320863,1.0,2454806651,3957292357,2131055484,2018-08-28,delivered,14.5,7.39,21.89,credit_card,1.0,2.0,-5.0,0.0
2347648474,33bc4c72007ae1b6043cdbe5cf1bdd0e,1.0,4025207601,4201050027,3743845763,2018-07-17,delivered,481.0,19.56,500.56,credit_card,2.0,6.0,-15.0,0.0
3244198530,110fb617059394261537548c8124ee1e,1.0,2509243802,3864094454,84469676,2018-08-08,shipped,169.9,19.49,189.39,boleto,1.0,,,
3156844894,93ef5624aaaeded1aa197fd63116d902,1.0,2919326663,1037762649,596468350,2018-07-05,delivered,43.0,13.88,56.88,credit_card,5.0,4.0,-14.0,0.0
225702945,5f4c10d4bedd746cefe9291035d2f8a4,1.0,2911892728,3456254014,3942029387,2018-08-04,delivered,169.99,23.99,193.98,boleto,1.0,12.0,1.0,1.0
2879380172,73df7f271536068cac9f113c9d73cbb0,1.0,663027722,4065875374,342097555,2018-08-13,delivered,139.9,18.11,158.01,boleto,1.0,9.0,-4.0,0.0
2350543103,bd429f272e71ed50b0adf8defc8d24e1,1.0,684062183,245188110,1734904905,2018-08-07,delivered,699.42,15.92,715.34,boleto,1.0,14.0,7.0,1.0
1837196028,39fa4236f74ce3cf9427df583375b046,1.0,4002325597,957206836,1715652828,2018-07-11,delivered,69.9,7.75,77.65,credit_card,3.0,1.0,-10.0,0.0
1647988718,446965992096e4620bf30d170edc3f9e,1.0,3690812198,4010911302,2250123381,2018-08-21,delivered,93.0,13.31,106.31,credit_card,8.0,3.0,-7.0,0.0
3839425341,c477fc53ce47c17b7c9dc786ac9925f0,1.0,904185944,398728529,1575942221,2018-08-21,delivered,157.99,34.87,192.86,credit_card,6.0,6.0,-14.0,0.0
58022310,36b8ca63eb9822b5f68630749ff70e32,1.0,3014061871,2207446385,1345082375,2018-08-17,delivered,34.9,19.43,54.33,credit_card,5.0,10.0,-15.0,0.0
4240697378,70e7a11b175c444133b3b4e8e655fa52,1.0,24350662,2304070875,3326062316,2018-08-08,delivered,159.9,13.42,173.32,credit_card,3.0,12.0,1.0,1.0
1286144193,1f75a7630a802a5ca4b723d03b2560b4,1.0,3657005296,2930324656,4132039069,2018-07-04,delivered,76.0,20.8,96.8,credit_card,1.0,20.0,-9.0,0.0
271146237,a0d0610703403a3ae85d5777c8c5897a,1.0,862248071,3452507450,796664912,2018-08-09,delivered,77.98,7.81,85.79,credit_card,1.0,1.0,-4.0,0.0
3190566526,3c63400d519c5dd742db492fffc5a49f,1.0,3943272750,992585944,519564207,2018-07-07,delivered,41.9,19.48,61.38,credit_card,1.0,7.0,-18.0,0.0
3441384506,7627cb930af1800bf8aa7275633c9eba,1.0,2304362447,2640997797,3003602011,2018-08-01,delivered,79.99,15.86,95.85,credit_card,1.0,5.0,-3.0,0.0
1137210825,7bf262f298d3a3e62a691b4bcb82916d,1.0,1435231846,2998809140,1803873909,2018-07-18,delivered,149.99,28.0,177.99,credit_card,17.0,8.0,-13.0,0.0
4088747774,b46846b45a07d12a5553a67d4320ba61,1.0,1965989790,2128215339,1628249471,2018-07-17,delivered,52.9,18.47,71.37,credit_card,1.0,7.0,-8.0,0.0
2629903606,2c48969e48da7da20b6122d12778ea37,1.0,2469508593,1514746470,2842251768,2018-07-06,delivered,79.99,43.5,123.49,credit_card,2.0,7.0,-12.0,0.0
2583496991,6a145a0bfebe28cf3c33bffdcc1be30a,1.0,1816863627,4052859027,2928255765,2018-08-15,delivered,57.0,34.16,91.16,credit_card,3.0,5.0,-14.0,0.0
565900689,bbd8e564f8a7baebca36f716fa4ae247,1.0,1828316740,2109764082,3381238893,2018-07-23,delivered,31.78,12.88,44.66,boleto,1.0,5.0,-11.0,0.0
978060399,470bd7c916de78d36c5ed1f1990f1c5a,1.0,2523132639,269505001,2395580491,2018-08-14,delivered,195.0,19.17,214.17,credit_card,1.0,13.0,-3.0,0.0
3185628369,21b9bb429b09c08b2ae81e3ed20e8d2f,1.0,1838602687,458536271,2490360540,2018-08-27,delivered,129.9,9.07,138.97,credit_card,6.0,2.0,-1.0,0.0
3281987647,6a5586aef88bff8c258fec8c11a31e07,1.0,3380961800,2254317077,412617711,2018-07-31,delivered,94.9,31.53,126.43,credit_card,1.0,8.0,-14.0,0.0
660124160,03dffd456132253d009d20fc4a228c9b,1.0,3648461795,1414206517,3620228618,2018-07-22,delivered,12.99,7.39,20.38,credit_card,1.0,2.0,-6.0,0.0
2059754316,09ca36d55d4afbcc785cf9def43c9078,1.0,3859086915,4064704862,2533375300,2018-07-14,delivered,18.9,13.47,32.37,boleto,1.0,17.0,-1.0,0.0
714609611,477749bcfe4bc5261ca38dd7fad8859b,1.0,3968840109,2036569304,3147574442,2018-08-10,delivered,79.0,27.5,106.5,boleto,1.0,7.0,-11.0,0.0
1257583747,02cdf0f2b05845468fdf0c104e24ae17,1.0,852993240,2570500686,1694950908,2018-08-17,delivered,44.0,9.99,55.99345156889496,credit_card,4.0,12.0,-29.0,0.0
3512527250,02cdf0f2b05845468fdf0c104e24ae17,2.0,852993240,2173051953,1694950908,2018-08-17,delivered,29.3,9.99,37.286548431105054,credit_card,4.0,12.0,-29.0,0.0
1026494620,28b6917cb6d7f6fe0540986342ec6866,1.0,2292236144,2344533837,2636346249,2018-08-01,delivered,37.99,18.37,56.36,credit_card,1.0,6.0,-9.0,0.0
505433988,ca956d502f34466301d1268a2df5b0a3,1.0,212403464,1354194349,1813314038,2018-08-03,delivered,49.9,19.54,69.44,credit_card,3.0,10.0,-7.0,0.0
998289533,1f940fc941da73865323a8c30e2871f0,1.0,118213067,504038994,3826842713,2018-08-13,delivered,100.0,23.42,123.42,credit_card,10.0,15.0,-5.0,0.0
2108085650,42ae5f07337ca05cc783cbf53a52e1b5,1.0,561630614,755081506,2170108011,2018-07-30,delivered,590.0,19.23,609.23,credit_card,8.0,4.0,-5.0,0.0
3455628930,45904bc2f27b4b3d71f27fc638080399,1.0,2500857128,2524535724,1919968767,2018-07-18,delivered,110.32,8.03,118.35,debit_card,1.0,6.0,-5.0,0.0
239379591,735c97c58832ee67c2f23aa70deb343c,1.0,3763123299,3304739198,3783637211,2018-07-21,delivered,35.9,18.35,54.25,credit_card,2.0,14.0,-9.0,0.0
3852150534,7e03ea2749db964d64386d5ba76cad36,1.0,1649813217,3292860082,687121961,2018-08-09,delivered,109.99,30.57,140.56,credit_card,2.0,10.0,-7.0,0.0
1619803375,91dd5af14efa32795fa00503841506c5,1.0,412573168,774870517,3681078781,2018-07-25,delivered,150.0,19.15,0.0,unknown,0.0,20.0,-7.0,0.0
1842999478,4a1b2eddbc026752feeb5bdc37943b0d,1.0,3888364355,2224958380,1813314038,2018-08-09,delivered,34.9,13.82,48.72,credit_card,4.0,7.0,-7.0,0.0
2814934238,85599745768805ce8a4885e5098d0d9e,1.0,145397585,4059102121,112649996,2018-07-30,delivered,29.99,18.31,0.0,unknown,0.0,8.0,-20.0,0.0
2724287286,0b223d92c27432930dfe407c6aea3041,1.0,1317921459,54653615,3790156441,2018-08-29,delivered,209.0,46.48,255.48,credit_card,8.0,1.0,-5.0,0.0
3367148338,0b223d92c27432930dfe407c6aea3041,2.0,1317921459,54653615,3790156441,2018-08-29,delivered,209.0,46.48,255.48,credit_card,8.0,1.0,-5.0,0.0
3522583617,db0c4d3804fd0676152a2ac39cf5cc27,1.0,345434774,3145529761,1751079328,2018-07-13,delivered,69.9,23.29,0.0,unknown,0.0,10.0,-9.0,0.0
270053456,db0c4d3804fd0676152a2ac39cf5cc27,2.0,345434774,3145529761,1751079328,2018-07-13,delivered,69.9,23.29,0.0,unknown,0.0,10.0,-9.0,0.0
1079702828,02ed129a369c56d40549270ac5900864,1.0,3332287556,3686510176,4109304321,2018-07-02,delivered,139.0,14.31,153.31,credit_card,3.0,2.0,-22.0,0.0
2505472723,45a410b9ee5e2362f406a525457778f9,1.0,2619302865,3593368094,603112042,2018-07-24,delivered,479.99,21.46,501.45,credit_card,4.0,9.0,-14.0,0.0
210116212,23d5d28c2bf332ea0034ec9ec17437f9,1.0,1503044661,3936218533,2127264097,2018-07-30,delivered,42.9,25.81,68.71,voucher,1.0,8.0,-22.0,0.0
2853988418,617e9e939fe662eb114540a7d2008eca,1.0,3645189780,4169586860,890939886,2018-08-06,delivered,89.9,18.73,108.63,boleto,1.0,8.0,-15.0,0.0
3415224652,80a16d66483cba1e11bd7f56a3cc175d,1.0,2472747932,1496642912,1379301944,2018-07-26,delivered,50.19,8.09,58.28,boleto,1.0,9.0,-3.0,0.0
1300859541,601d20f33163e575f4eb9704e3730c1a,1.0,567185192,2872197303,1250028102,2018-07-05,delivered,69.0,12.78,81.78,credit_card,1.0,8.0,-6.0,0.0
486326751,2a3510ed79746b2668793262896d3aa3,1.0,3828727833,2703664508,9861004,2018-07-10,delivered,49.9,41.33,91.23,credit_card,1.0,6.0,-16.0,0.0
1355729257,9b027054a981a89fca1af6a5341e81e2,1.0,3110863835,2337853631,471171552,2018-08-18,delivered,199.99,10.15,210.14,credit_card,1.0,4.0,-2.0,0.0
4183409778,34ab0cb9a828372a0c1de84088b216ae,1.0,3840644820,178126164,1765806340,2018-07-03,delivered,169.9,19.36,189.26,credit_card,8.0,2.0,-12.0,0.0
2304184554,0796436a57062ff1b4a95616fdf3f2fa,1.0,2557279481,1532811110,3833703632,2018-08-19,delivered,349.9,17.55,367.45,credit_card,3.0,9.0,-15.0,0.0
3341768381,dcb97cff5ad47d9a584ac61d5b857f41,1.0,271291527,2982465350,1615213775,2018-08-08,delivered,66.55,14.78,81.33,credit_card,2.0,12.0,0.0,0.0
938721939,dcb97cff5ad47d9a584ac61d5b857f41,2.0,271291527,2982465350,1615213775,2018-08-08,delivered,66.55,14.78,81.33,credit_card,2.0,12.0,0.0,0.0
3810517617,3c7a85bec79aa0e49a8c03c3fbece2de,1.0,290853241,1486201569,2526522891,2018-08-15,delivered,89.0,16.9,105.9,credit_card,1.0,2.0,-2.0,0.0
1394475990,47016aad5e46195be82ac5fe39b63483,1.0,1327215557,2097085490,3664770205,2018-07-02,delivered,289.9,62.31,352.21,credit_card,8.0,26.0,-4.0,0.0
457779913,e17b66e5337dee2de3d676c5698fa71f,1.0,1660394630,1920796201,2173695781,2018-08-20,delivered,99.99,23.69,123.68,credit_card,6.0,7.0,-4.0,0.0
4160952392,754af8a169601b3ad5dc333db745b158,1.0,1385190398,1175674364,2304947736,2018-07-26,delivered,55.0,51.11,106.11,credit_card,10.0,8.0,-13.0,0.0
3135306978,50a98bed547040031825f02f6606c7d7,1.0,2195150993,2925776587,4212863027,2018-07-13,delivered,49.9,18.45,68.35,boleto,1.0,9.0,-9.0,0.0
1175052188,31890e605bf108c3cbef0e15bd533614,1.0,39922876,1263832192,1491168291,2018-08-16,delivered,114.9,27.75,142.65,credit_card,3.0,12.0,-38.0,0.0
37763302,725bd1de71d306a7803aad540b487fae,1.0,1817417769,2704270240,1930594773,2018-07-02,delivered,32.0,15.32,47.32,credit_card,2.0,8.0,-13.0,0.0
4045278916,161505c64f201d3bbcfe5c6116474ebd,1.0,3595581620,1345766636,1503930686,2018-08-20,delivered,107.9,11.78,119.68,credit_card,4.0,3.0,-1.0,0.0
2006748216,a5faf579cc2b53168cc080836b834078,1.0,3270271859,3336524757,123833255,2018-08-28,delivered,12.0,7.39,19.39,credit_card,1.0,1.0,-6.0,0.0
4081575923,be9b657bc6db0ce7ee053472ae3e3fb6,1.0,1822732428,3621970897,581044507,2018-08-08,delivered,155.0,13.75,168.75,credit_card,8.0,6.0,-10.0,0.0
4103104814,db064b03849f2171a59f4a8cd50778f0,1.0,3520524145,2986475846,3667124800,2018-07-30,delivered,49.9,18.45,68.35,credit_card,5.0,7.0,-7.0,0.0
1776226147,4d513811c3447933c3472defe4992141,1.0,2170195563,1108722406,3034887517,2018-07-03,delivered,227.17,10.34,237.51,credit_card,8.0,8.0,-7.0,0.0
2830193521,c31a859e34e3adac22f376954e19b39d,1.0,1316323858,4037266165,3726490712,2018-08-07,delivered,139.9,59.06,198.96,credit_card,3.0,5.0,-58.0,0.0
3966801087,c4a813b981516ec9f56994ad042d9fbd,1.0,49349866,3216049564,3620228618,2018-08-09,delivered,27.99,15.5,43.49,boleto,1.0,7.0,3.0,1.0
1295295979,8d71c4f38d584ca7e192f7e02dd592f1,1.0,1137387926,3683902790,1734769477,2018-08-06,delivered,19.9,8.89,28.79,credit_card,2.0,8.0,4.0,1.0
4189418373,d0474ae1c2cc3b4e0ac853b073fec9e9,1.0,2661717529,2870068901,2082347993,2018-07-12,delivered,89.98,44.62,134.6,credit_card,1.0,25.0,-8.0,0.0
1620157587,aba560ab127e5b68433f34376747f9aa,1.0,1036823784,3601016201,213195857,2018-08-01,delivered,144.9,73.08,195.34289926289927,credit_card,5.0,8.0,-13.0,0.0
2002491005,aba560ab127e5b68433f34376747f9aa,2.0,1036823784,612898653,1248838824,2018-08-01,delivered,140.0,26.1,188.73710073710075,credit_card,5.0,8.0,-13.0,0.0
3293370289,408b675f9e40be5250625c8c70472409,1.0,1526464291,4208860122,3664770205,2018-07-19,delivered,139.9,19.08,158.98,boleto,1.0,7.0,-13.0,0.0
3183165951,4708b6cbf7e34b7dbf3f7b75d6bfbd00,1.0,1479695774,2598585557,3851041961,2018-08-13,delivered,53.9,18.18,72.08,boleto,1.0,7.0,-8.0,0.0
188367561,0d8bde7325af3ab269064a609e832c91,1.0,343763937,1882728759,242663277,2018-07-05,delivered,149.0,67.57,216.57,credit_card,5.0,5.0,-29.0,0.0
2999730726,0d8bde7325af3ab269064a609e832c91,2.0,343763937,1882728759,242663277,2018-07-05,delivered,149.0,67.57,216.57,credit_card,5.0,5.0,-29.0,0.0
56580966,04da4dc0ed95cc93f9f25375fa08ad47,1.0,208531480,2791740821,2622583364,2018-08-23,delivered,246.9,14.39,261.29,credit_card,7.0,6.0,-7.0,0.0
977960930,38d5ef6462d5c0929ea356606f4e58bf,1.0,3322483694,1021061320,737969628,2018-07-17,delivered,109.9,23.57,133.47,credit_card,8.0,10.0,-14.0,0.0
292177558,38d5ef6462d5c0929ea356606f4e58bf,2.0,3322483694,1021061320,737969628,2018-07-17,delivered,109.9,23.57,133.47,credit_card,8.0,10.0,-14.0,0.0
1488848270,18259631aab7299bf25f83f5eac4c8d1,1.0,4238464032,765138432,2809386744,2018-07-10,delivered,199.99,20.31,220.3,credit_card,4.0,10.0,-11.0,0.0
716120221,b6906ad8ffc10ced26f9f5850aabea27,1.0,1760144790,2796545540,3485175421,2018-07-29,shipped,165.9,27.46,193.36,credit_card,5.0,,,
1835471348,2305a735f5b64c8b4e0e7e3d64b5a39f,1.0,3093941633,1125171551,2440337336,2018-07-06,delivered,65.0,9.21,74.21,debit_card,1.0,7.0,-5.0,0.0
3473376093,237bc9f2aa86b56ab439b6a508832d88,1.0,3154748193,2725850556,3728838497,2018-08-21,delivered,199.9,19.5,219.4,credit_card,5.0,7.0,-22.0,0.0
2954455470,4876b4ecbb74b9092df123fd372b4419,1.0,4209071609,1366473478,934960704,2018-07-06,delivered,92.49,8.81,101.3,credit_card,2.0,6.0,-7.0,0.0
1605263388,51d33e03b53c86c11bb49dac397b1a46,1.0,4076224344,3317495682,4120033478,2018-08-02,delivered,199.9,24.2,0.0,unknown,0.0,12.0,-8.0,0.0
908656350,41139489fb8433d34419f648aa690815,1.0,685090708,1510551132,819761952,2018-08-09,delivered,36.49,8.0,44.49,credit_card,1.0,4.0,-2.0,0.0
1856515357,d15d5477cce94ff7cc703231f43288a2,1.0,265577165,1158234014,2083543944,2018-07-20,delivered,18.9,13.61,32.51,credit_card,1.0,6.0,-12.0,0.0
2582376099,587065077b677088697c8e99e2c8e273,1.0,2804903528,809825722,3243706070,2018-08-13,delivered,9.99,7.39,17.380000000000003,voucher,1.0,2.0,-5.0,0.0
979209608,13d42b83c086bc8b73e3b9c8aca4b88c,1.0,441803130,3998209605,1266529499,2018-08-01,delivered,219.0,16.83,235.83,credit_card,8.0,2.0,-4.0,0.0
3300258370,7bcacfd812c9d8194d414b83d7e28153,1.0,3834590008,3255865861,2312430349,2018-08-13,delivered,94.9,23.81,118.71,credit_card,2.0,9.0,-19.0,0.0
2321356254,02cb7027f3074adf1407706d712298f7,1.0,106325825,3879458629,2804246847,2018-08-07,delivered,135.9,23.67,159.57,credit_card,3.0,10.0,-6.0,0.0
1305141417,67f05f6d7d84bf6e1abf7d7d8e8a41e3,1.0,1420554328,3309413427,725155637,2018-07-27,delivered,415.9,137.13,601.3945113026508,credit_card,10.0,9.0,-11.0,0.0
869601604,67f05f6d7d84bf6e1abf7d7d8e8a41e3,2.0,1420554328,3482317805,1755005248,2018-07-27,delivered,199.0,137.12,287.7554886973492,credit_card,10.0,9.0,-11.0,0.0
2254721509,37171240b533064451dd9e3f15e36c9e,1.0,3538261724,2456580652,3626123686,2018-07-11,delivered,46.9,18.43,65.33,boleto,1.0,8.0,-14.0,0.0
2810926754,ddbbf91a5dc91f4757ad2ed77ab9616b,1.0,2164564036,2180178469,926823165,2018-07-01,delivered,12.9,7.39,20.29,credit_card,1.0,2.0,-13.0,0.0
1922425432,ddbbf91a5dc91f4757ad2ed77ab9616b,2.0,2164564036,2180178469,926823165,2018-07-01,delivered,12.9,7.39,20.29,credit_card,1.0,2.0,-13.0,0.0
4219706503,46539a2a7ba12ec60ad78ead51805b26,1.0,1850880172,1424785379,391897587,2018-07-25,delivered,19.99,18.24,38.23,boleto,1.0,8.0,-6.0,0.0
3386417207,29167b624a7980a896eefbf16c7c3974,1.0,1254019303,3095058614,581044507,2018-08-20,delivered,430.0,21.11,451.11,credit_card,5.0,7.0,-14.0,0.0
3952628516,2d84a50c6a3aaae840d7a0dbdde2df45,1.0,1340812088,3906738941,1464160362,2018-07-31,delivered,24.0,8.33,32.33,debit_card,1.0,3.0,-3.0,0.0
3134176268,1d5f437b878f76103ac129b13e81bbbb,1.0,2477787420,3262842417,2166760408,2018-08-03,delivered,59.9,9.17,69.07,boleto,1.0,11.0,-3.0,0.0
277079432,1d5f437b878f76103ac129b13e81bbbb,2.0,2477787420,3262842417,2166760408,2018-08-03,delivered,59.9,9.17,69.07,boleto,1.0,11.0,-3.0,0.0
3489271286,d2e0fadb18eae2ce47cee10a51b09351,1.0,3723946908,2540885369,353620887,2018-08-17,delivered,59.9,27.37,87.27,credit_card,2.0,12.0,-12.0,0.0
159175256,c2c8a6bf69f9530b40dbe6b53119fcd0,1.0,3004374724,1686977456,305748041,2018-07-07,delivered,32.9,8.98,41.88,credit_card,1.0,4.0,-15.0,0.0
84538284,b042196844fac663617a8534823b6720,1.0,3447493802,2768804023,523493826,2018-08-04,delivered,64.99,19.37,84.36,credit_card,1.0,9.0,-23.0,0.0
4090798855,3823f120a83e20af66f49d377207bbeb,1.0,2931534368,1934518943,96764808,2018-07-17,delivered,14.9,8.29,23.19,boleto,1.0,3.0,-6.0,0.0
4062401893,b2c02abc77fd85115efdf30b9ca63b4c,1.0,1282081227,2659353721,2118540709,2018-07-06,delivered,105.0,9.49,114.49,debit_card,1.0,6.0,-7.0,0.0
2986336671,6b62c1fd112c4fd97899170bfb19a43d,1.0,2443937382,1955702619,2208217379,2018-08-21,delivered,79.99,16.75,96.74,boleto,1.0,7.0,-13.0,0.0
4035585904,44150e408d0bd0a5341db3e4f11a98d8,1.0,370792746,3564610888,3861952746,2018-08-06,delivered,399.0,17.86,416.86,credit_card,4.0,9.0,-4.0,0.0
4113062654,91c4a93764c64f05b6548ef057e6d3e5,1.0,4001441185,887825307,2173695781,2018-08-18,delivered,139.0,60.2,199.2,credit_card,5.0,10.0,-17.0,0.0
368236247,92907309dff7adcd19bbbb29d5fda792,1.0,560837757,1526554051,2520348686,2018-08-18,delivered,90.0,17.76,107.76,voucher,1.0,5.0,-6.0,0.0
88298212,283bf5d2f306422175c079231da015f7,1.0,1404110156,151674622,3446539219,2018-08-03,delivered,114.08,13.46,127.54,credit_card,6.0,9.0,-1.0,0.0
2581688157,57d910db0cbe63c5b908c829fb9f3c17,1.0,2382862377,3452738577,2681412629,2018-08-16,delivered,49.99,7.61,57.6,credit_card,5.0,4.0,-3.0,0.0
4157794849,6a6c30136e870dc8e8338fbb826ee41e,1.0,660583181,853352981,3929842482,2018-07-05,delivered,1399.99,98.47,1498.46,credit_card,10.0,7.0,-25.0,0.0
3899467020,994e1f4a0a62e1dea607edbf63528bcb,1.0,1448117607,2765592877,935749508,2018-07-30,delivered,56.99,13.98,70.97,credit_card,4.0,3.0,-5.0,0.0
3054511115,994e1f4a0a62e1dea607edbf63528bcb,2.0,1448117607,2765592877,935749508,2018-07-30,delivered,56.99,13.98,70.97,credit_card,4.0,3.0,-5.0,0.0
2074831795,83a2c8f38977e68d54c3c28a49c6cb99,1.0,4053001885,436540830,1868809992,2018-08-04,delivered,110.4,11.79,122.19,credit_card,5.0,6.0,-4.0,0.0
4105572356,d1a6ee88427645deee3a642c9f27e39a,1.0,2009726293,2959974487,740847726,2018-08-01,delivered,31.0,8.38,39.38,credit_card,1.0,4.0,-2.0,0.0
3943417145,07294ed0ece67bb004a4813c77dfc3e3,1.0,314759108,1529402584,3522250725,2018-07-17,delivered,45.97,19.51,65.48,credit_card,2.0,7.0,-13.0,0.0
1558722054,d97ceab969b84967a5c136683ab0625e,1.0,410879823,4151213458,3103215707,2018-07-18,delivered,1099.0,25.79,1124.79,credit_card,12.0,20.0,-7.0,0.0
3380167429,68a103d3cbef07b7a8cc14147b26aa96,1.0,3866333022,3324120971,1018258220,2018-07-19,delivered,149.65,19.15,168.8,credit_card,1.0,5.0,-12.0,0.0
2031095753,1d5627fc461ef90a7a7c03f06266aa54,1.0,3683903429,1245653087,819761952,2018-08-01,delivered,43.0,18.4,61.4,credit_card,1.0,6.0,-9.0,0.0
3613550631,73a701180eb8c7933d23e211f735302b,1.0,2855517045,1573440718,3009763027,2018-07-30,delivered,35.35,15.35,50.7,credit_card,1.0,17.0,-7.0,0.0
2290159897,54ba74414bed49a8b13864b3e8666f57,1.0,1583059835,992450801,4086780073,2018-07-31,delivered,49.0,23.14,72.14,credit_card,1.0,6.0,-10.0,0.0
1599194044,963d2768670ecd5c585e20b21a3d295c,1.0,2945203650,1488764763,796664912,2018-07-23,delivered,79.18,7.81,86.99,credit_card,3.0,7.0,0.0,0.0
492685203,963d2768670ecd5c585e20b21a3d295c,2.0,2945203650,1488764763,796664912,2018-07-23,delivered,79.18,7.81,86.99,credit_card,3.0,7.0,0.0,0.0
887553872,b8a890f39e274d5853601790a14f8c90,1.0,978549943,3448628240,2812297156,2018-08-21,delivered,540.0,25.08,565.08,credit_card,8.0,8.0,-27.0,0.0
743872723,c0b7aa955b674c70e833720661fa765f,1.0,3166884137,1015143283,2287647353,2018-08-16,delivered,265.9,18.99,284.89,credit_card,5.0,7.0,-5.0,0.0
1636878474,995e90c3995e0f19a9579b90c6dcbad2,1.0,1693996033,3985290164,250985049,2018-07-04,delivered,50.9,13.7,64.6,credit_card,1.0,6.0,-28.0,0.0
2363982998,7e6507919e5e16849dd9a0f4354209d9,1.0,300900281,3558688841,890939886,2018-07-13,delivered,38.9,16.46,55.36,boleto,1.0,14.0,-7.0,0.0
973192148,30e5f6d1724b24b1d19d90ec48d9c7d6,1.0,1405086222,3094520909,4125443955,2018-07-08,delivered,19.9,14.45,34.35,credit_card,1.0,5.0,-14.0,0.0
2862161059,28cee6e32da30679cbfe3da21d2608e1,1.0,3498055999,4118681256,1292755017,2018-08-22,delivered,47.5,18.43,65.93,credit_card,1.0,6.0,-8.0,0.0
3079464468,bfc8d3ca0ee3a93d7eee14d27639c90f,1.0,832928189,4294399807,2308685613,2018-08-16,delivered,80.49,8.72,89.21,credit_card,1.0,4.0,-1.0,0.0
410730883,57a05984170fbb84344898547914f22c,1.0,2295837347,4010911302,2250123381,2018-08-20,delivered,93.0,13.31,106.31,credit_card,8.0,6.0,-3.0,0.0
2386240913,300e12a84758b5aa3c990863afafa9d9,1.0,4026384958,3921691285,357383673,2018-08-09,delivered,69.9,17.62,87.52,credit_card,1.0,8.0,-14.0,0.0
2388327944,330ef0a4fda3b673b429290366ce32ca,1.0,1013885654,3795547337,3078723279,2018-07-17,delivered,67.8,19.67,87.47,credit_card,8.0,7.0,-7.0,0.0
2087855684,83d0c85dbcc4f41c0608144b122c4034,1.0,4144075056,2147895925,811506041,2018-08-06,delivered,39.9,9.03,48.93,credit_card,1.0,7.0,0.0,0.0
1696909232,83d0c85dbcc4f41c0608144b122c4034,2.0,4144075056,2147895925,811506041,2018-08-06,delivered,39.9,9.03,48.93,credit_card,1.0,7.0,0.0,0.0
4082994737,59d7a8119bf89c6444ae76a6cf2f9479,1.0,1913847558,4059624910,1634107465,2018-08-24,delivered,62.49,18.54,81.03,credit_card,2.0,5.0,-7.0,0.0
16337251,59d7a8119bf89c6444ae76a6cf2f9479,2.0,1913847558,4059624910,1634107465,2018-08-24,delivered,62.49,18.54,81.03,credit_card,2.0,5.0,-7.0,0.0
2870321841,61c136fddac571834516a52d2e03458d,1.0,1298126192,588261958,935749508,2018-08-01,delivered,41.99,13.87,55.86,credit_card,5.0,13.0,1.0,1.0
4000713927,6782b1071318ad334c2a648586098947,1.0,4250218803,2807106037,2339751197,2018-08-15,delivered,130.0,13.21,143.21,credit_card,14.0,5.0,-1.0,0.0
963005421,de0bf4e0a4d6dd65281279bfbbb815c9,1.0,3483221668,2773148603,819761952,2018-07-04,delivered,89.49,8.37,97.86,credit_card,1.0,1.0,-14.0,0.0
260444970,2eb8d7103527b48ed39070bd8cb2368e,1.0,232811602,1431949791,2580370799,2018-07-01,delivered,30.5,15.31,45.81,credit_card,1.0,9.0,-24.0,0.0
1317407711,828999d80d891785ff88623835515884,1.0,4294083575,3103238645,3773013363,2018-08-08,delivered,399.0,18.98,417.98,boleto,1.0,15.0,6.0,1.0
2355837239,cbd6b0d6698b0b6018dc2f613942fd42,1.0,4039022468,2414929463,581044507,2018-08-06,delivered,146.0,13.68,159.68,credit_card,6.0,5.0,-6.0,0.0
2082681376,af84f0b808d076913403b036e34b12fa,1.0,2018568301,59072720,926823165,2018-08-19,delivered,21.9,18.25,40.15,credit_card,1.0,8.0,-6.0,0.0
2060184557,1e2f320acd9cf7428412fb4ba5c537fe,1.0,1252718596,1765557008,492848926,2018-08-15,delivered,29.99,12.51,42.5,credit_card,1.0,14.0,2.0,1.0
4173746988,6f10565ddd7e947a6918e2f551144704,1.0,355850597,4252382196,1919968767,2018-08-18,delivered,110.32,13.43,123.75,credit_card,3.0,9.0,-7.0,0.0
1141759497,408049720996030bf12798d1338df7a1,1.0,595336411,3686794138,3466035030,2018-07-24,delivered,132.91,23.73,156.64,credit_card,3.0,2.0,-18.0,0.0
3926495336,18137b5db086c8612160066abecac8a7,1.0,2105778404,1732920218,1755005248,2018-07-20,delivered,79.9,26.57,90.86420794507112,credit_card,7.0,5.0,-42.0,0.0
4016972502,18137b5db086c8612160066abecac8a7,2.0,2105778404,774870517,4109304321,2018-07-20,delivered,124.0,1.41,141.01579205492888,credit_card,7.0,5.0,-42.0,0.0
307974097,70c166d4c5cb846d78663b5b3e4adbb5,1.0,466015337,1589646065,60670679,2018-07-15,delivered,37.0,12.92,49.92,credit_card,1.0,8.0,-7.0,0.0
1932412408,04464191f1b76f60684eac5609f3bdda,1.0,4142827113,4201050027,3743845763,2018-07-30,delivered,478.0,12.1,490.1,credit_card,8.0,3.0,-5.0,0.0
1090026527,52b6657a05a886dd78d180e8d2f29ae8,1.0,540825978,3317495682,4120033478,2018-07-23,delivered,199.9,28.35,228.25,credit_card,4.0,7.0,-14.0,0.0
2094965218,1bc003426b11b20491aa5b7810c9cbf2,1.0,3339250583,3292895240,1017497319,2018-08-22,delivered,24.0,15.27,39.27,credit_card,3.0,7.0,-20.0,0.0
2024456233,a835505a16cefe4fe794476d79374f81,1.0,3382217519,2670103571,3267771422,2018-08-15,delivered,74.9,11.54,86.44,credit_card,1.0,5.0,-1.0,0.0
1147247559,115a5def49198c358d372dccac79ce54,1.0,2858644285,4167495680,3016182256,2018-07-26,delivered,189.0,16.42,205.42,credit_card,6.0,6.0,-14.0,0.0
1396878634,498fddb261b6ddd5974cf8bea3374388,1.0,3043194816,653417559,4086780073,2018-08-08,delivered,119.0,22.65,141.65,boleto,1.0,7.0,-1.0,0.0
2805727850,760999ff07a3e111f8f559e83a11499b,1.0,3807507261,421686986,1847905424,2018-08-22,delivered,129.0,44.7,173.7,credit_card,5.0,8.0,-6.0,0.0
1109150797,9e9019ce043c4bb38f4bb4afa8bd55ca,1.0,1052105041,3720726719,3051201525,2018-08-19,delivered,59.0,13.99,72.99,credit_card,1.0,8.0,-3.0,0.0
2074891286,41cb41ef29a6cd8f633cac105998332f,1.0,2565730326,1821938937,531563843,2018-08-10,delivered,159.0,27.77,186.77,boleto,1.0,13.0,-11.0,0.0
2109798288,9c28244a57606ad0cd766dbef78f98a8,1.0,2453608367,3544252325,1734769477,2018-07-20,delivered,119.9,11.86,131.76,credit_card,8.0,4.0,-7.0,0.0
3683594568,029b2daf51dda061aeb1cf32c9306db7,1.0,2193088965,26367845,3746284701,2018-08-06,delivered,29.9,18.31,48.21,credit_card,1.0,9.0,-20.0,0.0
917352419,2193f5bb6c9f9d32aa596cda03c6aa03,1.0,2087957987,722059908,740847726,2018-08-17,delivered,35.0,11.27,46.27,credit_card,4.0,3.0,-2.0,0.0
819691206,79dadf439ff9c9463421094b730899f8,1.0,717424007,2639364902,447945570,2018-08-02,delivered,49.9,13.65,63.55,credit_card,2.0,4.0,-4.0,0.0
2603897785,908fa8f2c6d9100f8efb75338167c8a6,1.0,2523653685,4242062821,3734963615,2018-07-02,delivered,153.99,14.42,168.41,credit_card,3.0,8.0,-20.0,0.0
2181614850,d8bfdbbe1b81198977776595047a0d98,1.0,2834410540,216018721,2622583364,2018-07-20,delivered,288.0,20.12,308.12,credit_card,8.0,10.0,-14.0,0.0
4241110703,1999bacd196c3e2004dfebecf36b7576,1.0,2347944780,3571914138,1227159798,2018-07-29,delivered,14.99,18.23,33.22,credit_card,1.0,8.0,-14.0,0.0
2826755336,2d96648ebbad7ad9cfc40c4c9c820f92,1.0,2280815999,3434274848,368619248,2018-07-18,delivered,128.0,19.0,147.0,credit_card,1.0,5.0,-11.0,0.0
4135405602,63cb9481eda48b82bb600b4e38026b91,1.0,343103735,2919169913,3942029387,2018-08-08,delivered,119.0,15.14,134.14,credit_card,4.0,5.0,-7.0,0.0
8457837,c1a9b3fbea92e83c4a08229da82a0136,1.0,340289011,885706209,3103215707,2018-08-01,delivered,679.0,22.85,0.0,unknown,0.0,36.0,16.0,1.0
1421208875,1f1dc5a03fa943b0cb5674b3326185b2,1.0,1759687389,4066400908,3371283952,2018-08-13,delivered,68.65,47.53,116.18,credit_card,4.0,10.0,-19.0,0.0
2410001829,427fb603381c1e7a4b224eac2a5acb29,1.0,4140133262,4105276896,1716536501,2018-08-27,delivered,48.9,19.53,68.43,credit_card,2.0,2.0,-7.0,0.0
527286110,ce2f6c44bc139015d1036d40c0cf2915,1.0,2235117674,2513715701,1342390521,2018-08-16,delivered,121.99,23.65,145.64,credit_card,3.0,10.0,-7.0,0.0
1051381223,308b7e21ad330aa50c1c7a9987437a53,1.0,3234371889,1596415792,1379301944,2018-07-30,delivered,69.0,18.58,87.58,credit_card,1.0,4.0,-10.0,0.0
1798345921,3860050d9215e2a3b78cf97bb1d5c65b,1.0,1576356521,1416926144,1694950908,2018-07-23,delivered,8.7,17.06,25.76,credit_card,1.0,21.0,-1.0,0.0
161965093,b00e398b9fedc8b818679422af47d3ad,1.0,2118945760,436867532,2544243389,2018-07-21,delivered,79.0,18.35,97.35,credit_card,1.0,6.0,-20.0,0.0
1210700726,959505aeccc35d003ab580410022f433,1.0,2143475293,264231931,1612681572,2018-07-14,delivered,105.0,18.54,123.54,credit_card,1.0,6.0,-11.0,0.0
1788013707,9f54e902758b31d39a8dd691868a9f48,1.0,713495348,220279848,1253809911,2018-08-13,delivered,495.0,51.55,546.55,credit_card,1.0,7.0,-8.0,0.0
2955088627,92f144c6732e7617d13768d337193453,1.0,3150548139,3200920237,925912501,2018-08-06,delivered,19.9,22.86,42.76,boleto,1.0,14.0,-3.0,0.0
264524155,1bc5841ae612527adc7d41b80412295e,1.0,3087490360,2184882008,2304947736,2018-07-05,delivered,45.0,7.58,52.58,debit_card,1.0,5.0,-8.0,0.0
2885621988,357f073c68543005a0065892f53ae4f4,1.0,1242555258,1463045352,3809495135,2018-07-23,delivered,219.0,41.97,260.97,voucher,1.0,1.0,-6.0,0.0
320848066,399b46458951afe483b41ead035ed9d6,1.0,4232671921,2133005415,2060950116,2018-07-01,delivered,148.0,38.84,186.84,credit_card,1.0,3.0,-20.0,0.0
388907416,711446e2cbe250789dc7b3ecdfce793c,1.0,1885296489,367791868,123833255,2018-07-04,delivered,160.0,27.89,187.89,voucher,1.0,8.0,-24.0,0.0
860591492,60b9132c2fd47eb78c1bcf2a3a621ea8,1.0,1193542359,718071674,1734769477,2018-08-24,delivered,29.9,7.47,37.37,boleto,1.0,5.0,-5.0,0.0
3549992961,990ef3539979cd76d0cc98835b2ad2f7,1.0,2262498318,4105276896,1716536501,2018-07-30,delivered,48.9,19.53,68.43,credit_card,1.0,8.0,-2.0,0.0
1149722786,cf08f889cfc7f4e20d52cf7c6828eeee,1.0,3656587726,3478202829,918571473,2018-07-14,delivered,155.97,19.19,175.16,credit_card,10.0,16.0,-10.0,0.0
2893276501,c3a4dcc5c4ae575cb04444cf1b3f0a09,1.0,3664258756,3444853003,2614883157,2018-08-26,delivered,196.8,42.36,239.16,credit_card,2.0,4.0,-19.0,0.0
75048718,46c0b3ab3b1d05b0f8af19f0100a33c4,1.0,201255638,1567030015,2812297156,2018-08-18,delivered,330.0,39.22,369.22,debit_card,1.0,10.0,-22.0,0.0
4134692660,701ed63cdee1bf7a8aeb7f690acb04a2,1.0,3061907542,302400981,2304947736,2018-08-13,delivered,49.0,18.44,0.0,unknown,0.0,8.0,-13.0,0.0
3892847190,701ed63cdee1bf7a8aeb7f690acb04a2,2.0,3061907542,302400981,2304947736,2018-08-13,delivered,49.0,18.44,0.0,unknown,0.0,8.0,-13.0,0.0
2169688717,c8bedae351d76a3163c9840172c1285f,1.0,3135104976,750030509,1734769477,2018-08-23,delivered,29.9,7.47,34.38,credit_card,1.0,3.0,-3.0,0.0
1815826924,079034c04662f3d7dce287df9e4e5489,1.0,1289951262,1880950498,2023461531,2018-07-24,delivered,24.99,22.9,47.89,credit_card,1.0,9.0,-12.0,0.0
1523914497,8d2ca1078f464825b9e902aaa37e0683,1.0,3427786662,1672925611,854629258,2018-08-07,delivered,74.99,44.33,119.32,credit_card,2.0,9.0,-5.0,0.0
3373084784,20fa8f2f9e0e99e74b93545b01a6f24a,1.0,4076620545,3414194298,3016182256,2018-07-30,delivered,179.0,38.16,217.16,credit_card,2.0,14.0,-15.0,0.0
305579657,20fa8f2f9e0e99e74b93545b01a6f24a,2.0,4076620545,414098439,3016182256,2018-07-30,delivered,179.0,38.16,217.16,credit_card,2.0,14.0,-15.0,0.0
3428533577,789ef8e547844763c96f5e815b5478e3,1.0,2634645785,2920907273,2580370799,2018-07-12,delivered,1534.9,27.67,1562.57,debit_card,1.0,25.0,-16.0,0.0
4147593648,c9f0b297ad32f156608f2db479e1bb06,1.0,3682867406,2477765110,2713847659,2018-08-02,delivered,200.0,23.33,223.33,credit_card,1.0,5.0,-8.0,0.0
3679406326,168626408cb32af0ffaf76711caae1dc,1.0,3937077926,1393903013,91113541,2018-08-29,delivered,45.9,15.39,61.29,voucher,1.0,1.0,-12.0,0.0
2349064254,93b74681985a4a11ca3b48be35576434,1.0,311969835,3003297880,1503930686,2018-07-23,delivered,108.9,11.78,120.68,credit_card,2.0,2.0,-6.0,0.0
884503293,d4bc0ad85ade29acdd0a51c7ce9367b1,1.0,1762809938,452291090,394552021,2018-08-15,delivered,99.99,18.64,118.63,credit_card,1.0,6.0,-6.0,0.0
3058254124,95b77d025d47143b0ac25edd12536293,1.0,2282882196,3482317805,1755005248,2018-07-30,delivered,199.0,40.6,239.6,credit_card,4.0,8.0,-12.0,0.0
2113742993,0fbfabe0eab1da587d8cb38f67efa0dd,1.0,506710587,523151035,1503930686,2018-08-24,delivered,143.9,12.03,155.93,credit_card,2.0,3.0,-3.0,0.0
976304985,999a06d4f5f99f712c14e37308f5aa6e,1.0,218945051,1127105708,2053848117,2018-08-21,delivered,33.0,8.98,41.98,credit_card,1.0,2.0,-4.0,0.0
226331681,4ea3c6eaf3dc15ad857675322bfb6bd0,1.0,2032265259,4149266521,3247263560,2018-08-19,delivered,118.0,39.34,157.34,voucher,1.0,9.0,-8.0,0.0
3372284019,a8e5aabb9432e7bedd2907661abb81d9,1.0,2390653957,1149082688,3446539219,2018-08-16,delivered,49.9,18.45,68.35,credit_card,3.0,6.0,-21.0,0.0
2449159923,5dd64c69f0f1a0f2cb3a5272837fb904,1.0,2924671433,4010911302,2250123381,2018-08-21,delivered,93.0,13.31,106.31,credit_card,2.0,6.0,-8.0,0.0
2284778871,a068798f50f86a588b2bd22dd16c6fc1,1.0,2122531262,3902848999,2028992730,2018-07-26,delivered,240.0,13.98,253.98,credit_card,1.0,5.0,-3.0,0.0
3864194978,2efdc67dc7c8303d759f24ebbf9d2ef7,1.0,2517471380,616482914,585086534,2018-08-11,delivered,33.4,15.33,0.0,unknown,0.0,5.0,-7.0,0.0
4200508323,8171d9c270f72f461104055ce2cada91,1.0,4093823744,3256673572,1696683105,2018-08-01,delivered,65.95,16.65,82.6,boleto,1.0,12.0,-9.0,0.0
3941007227,7e44fbbef1ef258486c161d0f53f2c19,1.0,3185642815,1229940739,261066546,2018-07-04,delivered,119.3,8.42,127.72,credit_card,7.0,1.0,-11.0,0.0
2667732085,7e44fbbef1ef258486c161d0f53f2c19,2.0,3185642815,1229940739,261066546,2018-07-04,delivered,119.3,8.42,127.72,credit_card,7.0,1.0,-11.0,0.0
2447642933,21e52ff2fe2fd01824fe0e13fbef5963,1.0,2813814629,1203098828,1379051320,2018-08-19,delivered,79.9,18.66,98.56,credit_card,2.0,9.0,-20.0,0.0
3436791989,b494f624c631105b24fe497277085909,1.0,663542795,2822602043,1250022552,2018-08-01,delivered,49.9,22.28,72.18,credit_card,3.0,12.0,-14.0,0.0
3253271719,691a3325b50750e7c8b30ebc3390f63a,1.0,834942147,1343186663,4053461970,2018-08-19,delivered,38.0,7.53,45.53,boleto,1.0,2.0,-7.0,0.0
3939692978,61a23849dae9124f254660f6c968fc37,1.0,3817751573,1625938523,1562587860,2018-08-06,delivered,97.77,15.78,113.55,credit_card,1.0,8.0,-7.0,0.0
960692539,1765804f6753bf6a25ba8c9fd45977f9,1.0,3651327727,3029072800,1512163182,2018-07-04,delivered,140.9,41.48,166.44235826943702,credit_card,1.0,7.0,-27.0,0.0
2089377910,1765804f6753bf6a25ba8c9fd45977f9,2.0,3651327727,3307329727,1512163182,2018-07-04,delivered,110.81,4.15,130.89764173056292,credit_card,1.0,7.0,-27.0,0.0
2039251005,21e4cb49918b1d01621e459fc79a60d1,1.0,2981811494,1710332719,2115375135,2018-08-04,delivered,478.04,92.67,570.71,boleto,1.0,13.0,-17.0,0.0
3509940519,724c63c0c7f775d58382c4fb12081867,1.0,1288479539,592845498,1480205621,2018-07-26,delivered,108.9,19.67,128.57,credit_card,1.0,15.0,-7.0,0.0
3331111692,4e1fb96e2f63c315a9ca0c11d9254ada,1.0,834397590,4241288597,2053848117,2018-08-14,delivered,659.99,61.75,721.74,credit_card,5.0,8.0,-6.0,0.0
1590675264,df6aa08f7cc272ab5c188923ce319f39,1.0,481064577,2180480181,1734769477,2018-08-22,delivered,44.9,8.47,53.37,credit_card,1.0,5.0,-3.0,0.0
4141456292,af256e5861b37190d89da2ecd8dcae4a,1.0,2514840142,729925985,2274414976,2018-08-03,delivered,47.0,7.59,54.59,boleto,1.0,5.0,0.0,0.0
3893464253,80b201a88f23aa35799eac75fa4cdf99,1.0,3786769618,718071674,1734769477,2018-08-05,delivered,29.9,7.47,37.37,debit_card,1.0,9.0,0.0,0.0
4234104297,0c73b283fdefcef04be55400a4f6ccd1,1.0,2320300300,4249070781,2304947736,2018-08-05,delivered,45.0,17.25,62.25,boleto,1.0,8.0,-14.0,0.0
2908552138,c2ed9a4ca7d4dca13950ec7e2505eada,1.0,388784113,291194342,1799866159,2018-07-18,delivered,119.99,18.61,138.6,boleto,1.0,30.0,0.0,0.0
2352723364,c2ed9a4ca7d4dca13950ec7e2505eada,2.0,388784113,291194342,1799866159,2018-07-18,delivered,119.99,18.61,138.6,boleto,1.0,30.0,0.0,0.0
3340953039,05f18c930e9961675a68af3b18efaf6b,1.0,4261412182,3261333318,3332609256,2018-08-03,delivered,29.99,14.51,44.5,credit_card,1.0,6.0,-7.0,0.0
3841701066,dd162c4f0d3abff78621372170e9c19a,1.0,1995526896,1202533456,387984413,2018-07-02,delivered,180.4,24.87,205.27,credit_card,3.0,3.0,-17.0,0.0
2009216920,02546acbfd2949a1f63c44ad04978ea1,1.0,3858649331,713288933,2304947736,2018-07-22,delivered,78.0,7.81,85.81,credit_card,4.0,3.0,-5.0,0.0
2552955948,2343dbf79839ce221f3e1ec059cbff9f,1.0,2008853838,3788924527,196831707,2018-07-04,delivered,109.99,30.57,140.56,credit_card,10.0,19.0,-18.0,0.0
3155383901,bf59031b111d726792fe47666cc55ed6,1.0,2841536306,899860769,53223181,2018-08-17,delivered,29.99,18.31,48.3,credit_card,1.0,10.0,-30.0,0.0
3697561172,ac57a5e116e95f1b04e07e0b57a5f6f5,1.0,1197900460,816438954,4120033478,2018-08-06,delivered,229.9,20.8,250.7,credit_card,5.0,15.0,6.0,1.0
2489531021,1c0a7a0c422473ac09e61c7def41bb0d,1.0,2056520245,2602301804,2308685613,2018-08-15,delivered,189.9,17.52,207.42,credit_card,1.0,6.0,-8.0,0.0
2465967790,48b126710532d052800a89a6131d40f3,1.0,2827307783,1093017079,1884653127,2018-07-29,delivered,64.9,19.64,84.54,credit_card,2.0,9.0,-6.0,0.0
2054919637,045fb730a757a5379d79bdbc42d4e84b,1.0,4275433150,1111097416,4055463965,2018-08-03,delivered,34.9,13.58,48.48,boleto,1.0,13.0,-6.0,0.0
713495418,c33917dff50a1d91d9d26ea3c5e3a65a,1.0,949455575,1780212848,3003602011,2018-08-04,delivered,27.99,8.95,36.94,credit_card,1.0,17.0,8.0,1.0
3694066359,df89c4a0456584e2878310de66fc9fec,1.0,1810741077,1978147674,1212548875,2018-07-22,delivered,79.9,19.75,99.65,boleto,1.0,9.0,-10.0,0.0
1621391700,b55ed7407eb340d0db40dfb2759c756a,1.0,1258841859,1500565003,3557398281,2018-08-08,delivered,21.7,19.34,41.04,credit_card,2.0,6.0,-8.0,0.0
2570010117,c1ae5adcaac94051df90bff4b73bebd9,1.0,3362199059,4248442304,1970316074,2018-07-04,delivered,78.9,18.65,97.55,debit_card,1.0,11.0,-15.0,0.0
2831137435,13fe5b8b3ad46c558f0c53939589776b,1.0,1886801905,3478202829,918571473,2018-07-14,delivered,155.97,51.81,207.78,credit_card,3.0,18.0,-42.0,0.0
2701832130,1bd518c15ee16570e9b8c8e29fde9ab6,1.0,1062258461,1458105883,4109428959,2018-07-22,delivered,13.47,18.23,31.7,boleto,1.0,16.0,-9.0,0.0
4103481334,1ed70e8d41f1ea6bd7763ade88da02a6,1.0,3545515913,3652401173,3919369145,2018-08-18,delivered,42.99,19.49,62.48,credit_card,1.0,5.0,-17.0,0.0
1304918241,7736e9fe1d1c7d942e10ec7e57e94bbc,1.0,2630182339,3753237484,1813314038,2018-08-09,delivered,45.9,13.9,59.8,credit_card,2.0,6.0,-9.0,0.0
84651951,bd5d8e4ebcc034472954de8f591cd151,1.0,1248480675,2705053591,3485175421,2018-08-03,delivered,68.5,19.67,88.17,credit_card,8.0,11.0,-10.0,0.0
2767065921,45f470a790aede4d492919f4df65b123,1.0,2213238198,2975937591,364684223,2018-08-06,delivered,144.5,34.77,179.27,boleto,1.0,14.0,0.0,0.0
4059290993,c736eebe212e3065b4ca629fb98389f8,1.0,1383226252,2083996128,3626123686,2018-08-23,delivered,63.0,16.63,79.63,credit_card,2.0,5.0,-14.0,0.0
3882080899,a3c299fda1b92fa41de80b43ecc70ddd,1.0,1702965538,1612423972,3131976384,2018-08-13,delivered,121.0,15.92,136.92,credit_card,1.0,3.0,-6.0,0.0
2895673310,1936ad02cf90caffb1558f148050521e,1.0,753519638,3323898604,395408344,2018-08-06,delivered,53.0,19.71,72.71,voucher,1.0,7.0,4.0,1.0
2618645769,49de2042facc292abd730e3dc6c0a75a,1.0,2553268523,3519133387,3070457104,2018-08-05,delivered,189.9,17.52,0.0,unknown,0.0,7.0,-7.0,0.0
2276595700,dc28b4fe4b9aee6d106b4fdb21e6c894,1.0,1418500451,2730557765,2584434041,2018-08-02,delivered,238.0,42.65,280.65,credit_card,1.0,12.0,-8.0,0.0
1716581654,12b14ff427f6ae44eaeda7943fd08eec,1.0,2361790945,1895192417,1480205621,2018-07-03,delivered,109.9,15.87,125.77,boleto,1.0,6.0,-15.0,0.0
1310539079,9b897ee284874f0bfc0174e53c8ebcfb,1.0,2957847432,1409447758,3953938315,2018-07-23,delivered,40.9,22.22,63.12,credit_card,2.0,7.0,-17.0,0.0
2283717800,51d713e7827d7fce65be8df2395cb0bd,1.0,2393793727,325003964,1345082375,2018-07-30,delivered,85.9,34.91,120.81,credit_card,5.0,6.0,-4.0,0.0
4148124408,1551a397c99806c946fb1b1e7c729d8d,1.0,3818441078,3903637550,1393673581,2018-07-09,delivered,159.49,19.35,178.84,credit_card,1.0,4.0,-11.0,0.0
2935438993,07ac486a7e139e73d66011849fa5779d,1.0,2855880316,2180480181,1734769477,2018-07-28,delivered,44.9,18.41,63.31,credit_card,1.0,5.0,-13.0,0.0
2832661083,bdde0e6ab375f21ce8915c8b0c359f91,1.0,2529809165,4167691624,3003813525,2018-08-06,delivered,42.49,84.07,126.56,credit_card,1.0,11.0,-10.0,0.0
3348562463,7ad0fb12f6d6b5d498db0bbfde6038bd,1.0,432434883,499119139,2626732951,2018-07-26,delivered,31.99,23.37,55.36,voucher,1.0,6.0,-14.0,0.0
3610683840,82b78c893274e1819b2b91866ec11014,1.0,2188049965,2985325972,3485175421,2018-07-14,delivered,69.9,18.59,88.49,voucher,1.0,10.0,-21.0,0.0
4137112054,5a42abf0eee65d3a1e361aa49561a521,1.0,3256317628,2493501556,1579174796,2018-08-13,delivered,19.9,12.8,32.7,boleto,1.0,8.0,-1.0,0.0
1207275349,5a42abf0eee65d3a1e361aa49561a521,2.0,3256317628,4250986238,1579174796,2018-08-13,delivered,19.9,12.8,32.7,boleto,1.0,8.0,-1.0,0.0
1780294576,5a42abf0eee65d3a1e361aa49561a521,3.0,3256317628,2277630853,1579174796,2018-08-13,delivered,19.9,12.8,32.7,boleto,1.0,8.0,-1.0,0.0
1588580483,5a42abf0eee65d3a1e361aa49561a521,4.0,3256317628,4178974313,1579174796,2018-08-13,delivered,19.9,12.8,32.7,boleto,1.0,8.0,-1.0,0.0
3471030354,37877918d022198d7516624a45572923,1.0,3833472289,1833301599,581044507,2018-08-18,delivered,110.65,13.44,124.09,credit_card,1.0,11.0,-6.0,0.0
2410100420,a70a3d5d9d82bb809324d3bb6df076b2,1.0,1920349441,3325830056,1077319521,2018-08-17,delivered,39.9,22.21,62.11,credit_card,1.0,7.0,-25.0,0.0
3191840753,b56aea9fd0510dad0a8d11f4ec40e1bd,1.0,1908640318,1864460880,2627125470,2018-07-10,delivered,129.99,9.25,139.24,credit_card,8.0,1.0,-7.0,0.0
2461508917,5dec6c7bf0e703f21f033724925a62db,1.0,3136226800,1822286319,1868809992,2018-07-24,delivered,105.0,17.87,122.87,boleto,1.0,7.0,-10.0,0.0
3373823230,b26fad48211e9a54051ac561925ffa23,1.0,3261519057,3252558512,2911597993,2018-08-04,delivered,199.9,27.7,227.6,credit_card,4.0,18.0,-7.0,0.0
1507106439,3924ecb5e299e5fb70a6f38e34aa4c1a,1.0,1417419879,1451227033,1078893285,2018-08-03,delivered,399.0,46.59,445.59,credit_card,4.0,9.0,-16.0,0.0
2389194224,31f1be86be8795e41ef55b592873ae37,1.0,730762098,4095117209,3383846266,2018-07-23,delivered,175.0,59.31,234.31,credit_card,4.0,6.0,-15.0,0.0
69160256,9d9b7e26c7daa6c169b9cd3859930770,1.0,3238406384,1002559652,1868809992,2018-08-15,delivered,159.8,28.1,187.9,credit_card,10.0,9.0,-6.0,0.0
2083455369,2a903dd5e53423b47484fd2130e2b6c3,1.0,1706701336,2060949588,1694950908,2018-07-20,delivered,24.0,22.89,46.89,boleto,1.0,28.0,7.0,1.0
4124590316,103407760762721e1dbb7247b5f7c331,1.0,1617335758,984626421,1579174796,2018-08-08,delivered,29.99,18.31,48.3,credit_card,2.0,8.0,-14.0,0.0
3453608062,bbec914f0b66a98578b9d47f241ba92d,1.0,83923708,2990522386,3267334493,2018-07-05,delivered,44.99,8.83,53.82,credit_card,1.0,5.0,-10.0,0.0
1057211854,63ae84a9387b93ffa05dde71794f61f9,1.0,3424439139,2839989663,3131976384,2018-08-12,delivered,89.99,15.7,105.69,credit_card,1.0,4.0,-6.0,0.0
4183736665,9b9d21b1dc1050dc96db48854b488091,1.0,2365066588,3848074987,2220783281,2018-08-15,delivered,24.9,37.08,61.98,credit_card,3.0,13.0,0.0,0.0
1982227204,8aed297dafaae7e8244ea765fd3592a3,1.0,3553852545,1226331882,4176492415,2018-08-19,delivered,15.0,12.79,27.79,credit_card,2.0,5.0,-18.0,0.0
3270966735,8aed297dafaae7e8244ea765fd3592a3,2.0,3553852545,1226331882,4176492415,2018-08-19,delivered,15.0,12.79,27.79,credit_card,2.0,5.0,-18.0,0.0
3539641562,3981a5c8c4dbdfc725c00d6f464d852d,1.0,543639019,2397286120,753329531,2018-07-13,delivered,149.9,25.4,175.3,credit_card,1.0,9.0,-9.0,0.0
3280733432,c177f5a6ca27ad47cffbbcddbb6abee8,1.0,1134930092,1446467478,2096572618,2018-08-22,delivered,59.9,46.72,106.62,credit_card,2.0,7.0,-5.0,0.0
4137940750,d407f6aa0355a8c511f0bbcf52259730,1.0,1776829217,2017964889,666264880,2018-08-20,delivered,28.5,12.86,41.36,credit_card,1.0,4.0,-5.0,0.0
4063260788,5ec17d5853c4bad3b18adb6778b3ac0d,1.0,4080354765,2434217352,1919968767,2018-08-07,delivered,110.32,8.03,118.35,credit_card,3.0,8.0,0.0,0.0
3449124290,5ec17d5853c4bad3b18adb6778b3ac0d,2.0,4080354765,2434217352,1919968767,2018-08-07,delivered,110.32,8.03,118.35,credit_card,3.0,8.0,0.0,0.0
1700020799,48d5b6816e1f11f1272000b4af1fd7ed,1.0,1431920730,3435310967,131324563,2018-08-14,delivered,141.99,20.94,162.93,credit_card,8.0,5.0,-21.0,0.0
1182516684,88d3ffbd9471d0ba780fd0370a0d7892,1.0,1337200518,3478202829,918571473,2018-07-05,delivered,199.9,18.33,218.23,credit_card,4.0,21.0,-12.0,0.0
1726198606,5ced3c3a76ef7d2ab6b014b379d414fe,1.0,3419922463,3384645971,1379301944,2018-07-30,delivered,145.0,14.6,159.6,credit_card,1.0,6.0,-1.0,0.0
975560859,27cccab59c02b5c742ec003898dfabec,1.0,2507209422,1960453524,305748041,2018-07-23,delivered,19.9,19.33,39.23,credit_card,3.0,7.0,-9.0,0.0
3772745975,c3a071b5ca0f9c693c5276d4dcf7fdcf,1.0,2359836313,3974225057,1360109385,2018-08-22,delivered,24.0,18.27,42.27,credit_card,1.0,4.0,-15.0,0.0
941303195,c3a071b5ca0f9c693c5276d4dcf7fdcf,2.0,2359836313,3974225057,1360109385,2018-08-22,delivered,24.0,18.27,42.27,credit_card,1.0,4.0,-15.0,0.0
1250511956,c3a071b5ca0f9c693c5276d4dcf7fdcf,3.0,2359836313,3974225057,1360109385,2018-08-22,delivered,24.0,18.27,42.27,credit_card,1.0,4.0,-15.0,0.0
323021298,c3a071b5ca0f9c693c5276d4dcf7fdcf,4.0,2359836313,3974225057,1360109385,2018-08-22,delivered,24.0,18.27,42.27,credit_card,1.0,4.0,-15.0,0.0
2395990390,c3a071b5ca0f9c693c5276d4dcf7fdcf,5.0,2359836313,3974225057,1360109385,2018-08-22,delivered,24.0,18.27,42.27,credit_card,1.0,4.0,-15.0,0.0
4270424384,04652586a8416e68609d21f267dee2f6,1.0,3306992291,2911624243,2304947736,2018-07-31,delivered,69.0,19.39,88.39,boleto,1.0,9.0,-12.0,0.0
1254686855,0436c197b0ba8265af9fa94b7f444866,1.0,899267810,1785441143,1361108180,2018-08-07,delivered,64.99,18.56,83.55,credit_card,8.0,9.0,-8.0,0.0
1456583982,55a90b35362150673d3546509274be53,1.0,521623850,833779060,935137918,2018-08-13,delivered,41.0,27.27,68.27,credit_card,5.0,16.0,0.0,0.0
2019895259,55a90b35362150673d3546509274be53,2.0,521623850,2779389753,935137918,2018-08-13,delivered,41.0,27.27,68.27,credit_card,5.0,16.0,0.0,0.0
3257789815,55a90b35362150673d3546509274be53,3.0,521623850,958131601,935137918,2018-08-13,delivered,41.0,27.27,68.27,credit_card,5.0,16.0,0.0,0.0
3355030100,25876bdef3cecd304a7be7b88c6522df,1.0,2003674847,289558685,1868809992,2018-07-01,delivered,225.0,58.91,283.91,credit_card,1.0,22.0,-8.0,0.0
1880282963,952c3a4510a7db68bfa6a957bdfa0aeb,1.0,2260717316,3144390856,881916968,2018-07-31,delivered,39.9,8.02,47.92,credit_card,1.0,3.0,-5.0,0.0
3623135420,aa14b8f4567fef1be1a8912ca010f1c7,1.0,3406192738,3388406806,1242878050,2018-08-24,delivered,109.9,25.38,132.31513624077726,credit_card,6.0,6.0,-11.0,0.0
2772845845,aa14b8f4567fef1be1a8912ca010f1c7,2.0,3406192738,95333629,935749508,2018-08-24,delivered,26.99,2.54,32.494863759222724,credit_card,6.0,6.0,-11.0,0.0
2565246728,aa0639a3e2aa426f0b46f6a4c2d2efce,1.0,1195830036,3005054141,3326062316,2018-07-14,shipped,279.9,35.72,315.62,credit_card,6.0,,,
407492699,1a5800523e4a42619420e13b49c522b6,1.0,1384825596,3773758585,2612393066,2018-08-13,delivered,125.0,39.32,164.32,credit_card,1.0,11.0,-5.0,0.0
265266274,90747e77f1f92c16ef47b7e5aa910e0d,1.0,4018420132,3885570904,1696683105,2018-08-21,delivered,74.31,15.62,89.93,boleto,1.0,6.0,-13.0,0.0
239705577,aba3d4020a1c5706855e1b5ba5569338,1.0,1683227186,592096461,2304947736,2018-08-16,delivered,78.0,7.81,85.81,credit_card,3.0,1.0,-4.0,0.0
2642075636,d800ed6cc3e992f98f1b25959791706d,1.0,951378067,1906771953,3115096273,2018-07-31,invoiced,78.98,17.76,96.74,credit_card,5.0,,,
2248051363,b5c6824f5679af0b7ba508468f598fa8,1.0,601516815,1883780793,3839148968,2018-08-03,delivered,269.0,35.64,304.64,boleto,1.0,7.0,-13.0,0.0
1977002791,9fbb5075d54585f5a28a955a0f68b8c7,1.0,2174355192,2598520537,1868809992,2018-07-31,delivered,105.0,22.04,127.04,boleto,1.0,8.0,-9.0,0.0
3514323530,5ebc0e4396ff850d059771c6a0a3b4ab,1.0,2458903595,4169586860,890939886,2018-08-03,delivered,89.9,37.54,0.0,unknown,0.0,13.0,-21.0,0.0
158729277,0425635629d7b1e1aefedf34bd15e289,1.0,1643925567,2180480181,1734769477,2018-08-27,delivered,44.9,8.47,53.37,credit_card,1.0,3.0,-7.0,0.0
129639078,1a785632cbf5301f146c5b3c67268911,1.0,650405701,3057282350,1350631362,2018-08-12,delivered,16.9,22.06,38.96,credit_card,1.0,8.0,-6.0,0.0
2272038247,0bd166e72c588bcc71cf432b653c1667,1.0,381365794,458246585,796664912,2018-07-03,delivered,108.12,9.51,117.63,credit_card,2.0,2.0,-10.0,0.0
2575811939,144e54e15ca33ab0c0789119fe2aa09c,1.0,3088075052,2992823587,1914769873,2018-08-17,delivered,126.49,13.19,139.68,credit_card,3.0,3.0,-1.0,0.0
2558853052,bdea5bf2b68897e7d1b45eb51db0f18b,1.0,808652206,3646085392,2166899228,2018-07-17,delivered,35.0,14.56,49.56,boleto,1.0,6.0,-8.0,0.0
2223094279,a9cd6a8565b10d36007e7a68f48af097,1.0,1279087140,2882216169,1279646700,2018-08-06,delivered,48.89,8.5,57.39,credit_card,1.0,7.0,4.0,1.0
3113970005,e11630dcf47900a87f3f6c30141c1078,1.0,3724391006,1446467478,2096572618,2018-07-15,delivered,59.9,38.47,98.37,credit_card,4.0,8.0,-16.0,0.0
77416120,3c7871f5af3741b43672af62bf262d46,1.0,2138969387,2784104263,2304947736,2018-07-09,delivered,55.0,7.65,62.65,credit_card,3.0,1.0,-7.0,0.0
3572603015,649aa2900b06d80727880b4e94da7919,1.0,3463108697,248530219,1018258220,2018-07-15,delivered,480.65,54.09,534.74,credit_card,3.0,9.0,-9.0,0.0
3770974602,912013de8efa1e912b59b103a537071f,1.0,1243753402,1263025828,2436133809,2018-08-13,delivered,99.9,17.83,0.0,unknown,0.0,10.0,-11.0,0.0
4210475329,0645b256ee8f4939ae426819da55488c,1.0,575693038,739772637,35460556,2018-07-26,delivered,12.99,7.39,20.38,voucher,1.0,4.0,-10.0,0.0
961697478,8f33d31c2e4218814fa61caecbd724c2,1.0,1559464693,1392061939,123833255,2018-07-29,delivered,99.0,11.71,110.71,credit_card,4.0,4.0,0.0,0.0
3910532663,77b17b2f92133e6f97e04418fbd53a01,1.0,2455166251,1150114816,1716536501,2018-07-14,delivered,48.9,19.53,68.43,credit_card,1.0,10.0,-8.0,0.0
2661461322,90ddd79887b51000b7c93a420dd927a6,1.0,508034281,1418099847,3267771422,2018-07-12,delivered,29.9,8.9,38.8,boleto,1.0,7.0,0.0,0.0
3526946323,6563b375a3fad2d240225b16ee246f68,1.0,4231077505,869106341,1960302066,2018-08-07,delivered,99.99,20.99,120.98,credit_card,1.0,6.0,-39.0,0.0
1240566956,a251945eec0cc0482667c716eab7c09c,1.0,1856318415,1537939971,1571264779,2018-07-23,delivered,99.0,26.99,125.99,credit_card,2.0,7.0,-15.0,0.0
3205774936,30bef37a80d21494c619aea50b367550,1.0,3228387810,3421910419,1943824544,2018-08-07,delivered,79.9,9.87,89.77,credit_card,1.0,8.0,3.0,1.0
3998494343,774bdf79f367d25dd36a9e0a8c739423,1.0,3447973227,2245920986,662809662,2018-08-26,delivered,119.0,18.63,137.63,credit_card,13.0,3.0,-16.0,0.0
2626934193,5b3eecddd7b10744360abfff7a6a74a4,1.0,597652915,1748980900,1598100031,2018-07-25,delivered,112.99,15.18,128.17,boleto,1.0,6.0,-7.0,0.0
2155595343,a6885484f375e5b08eef9d9cac53af34,1.0,2643655840,817543202,91113541,2018-07-29,delivered,37.9,9.4,47.3,credit_card,2.0,3.0,-6.0,0.0
1206635933,ab74744c8fcb2aebc5495e4a03c30aa1,1.0,4088412305,1060521812,2636346249,2018-08-08,delivered,24.99,12.84,37.83,boleto,1.0,6.0,-2.0,0.0
3130901865,cb6eba3723e0145a57f6d9cc2c5dce4b,1.0,894026957,202620732,368619248,2018-07-27,delivered,1240.0,51.39,1291.39,boleto,1.0,4.0,-6.0,0.0
468534043,84dac351c4b0c1cf7151928e14e03008,1.0,715196888,2581716191,692566304,2018-08-18,delivered,78.0,7.81,85.81,credit_card,1.0,3.0,-9.0,0.0
1903643709,6bf033a604dd601317705db318a6095d,1.0,2073873222,1436402221,3131976384,2018-08-20,delivered,89.9,15.7,105.6,credit_card,3.0,4.0,-6.0,0.0
2847100593,54ac8f134227883330db3517a19b4b5c,1.0,3499909634,3056081257,2082347993,2018-07-19,delivered,159.98,49.49,209.47,boleto,1.0,26.0,-19.0,0.0
1895604961,a0f74a1d59cf95d1ff371a6e9d3a1f61,1.0,2473407878,1221457373,935749508,2018-08-02,delivered,56.99,13.98,70.97,credit_card,2.0,7.0,-1.0,0.0
3337693972,7f081049d243d9a51d4235dfc310a73f,1.0,3381865548,617252695,3988340529,2018-08-19,delivered,99.0,18.49,117.49,credit_card,10.0,10.0,-16.0,0.0
127451395,dfa133091470b285a434fad21fb4bbd9,1.0,2995912636,1574944654,4287464524,2018-07-26,delivered,17.0,18.23,35.23,credit_card,3.0,11.0,-10.0,0.0
3218820625,02b7a3c4c3376a74359add1cdf94bbd8,1.0,4290978359,3025566640,2622583364,2018-08-14,delivered,178.0,13.91,191.91,credit_card,1.0,7.0,-6.0,0.0
1757974780,68894575c06d54c17b7b9e64c8e396d4,1.0,1575953653,3437255689,2273207332,2018-07-07,delivered,43.89,9.06,52.95,credit_card,1.0,6.0,-12.0,0.0
666445096,14dca2543b44a6699edcca2bd49b261a,1.0,3863992924,4091113039,581044507,2018-07-21,delivered,178.99,19.35,198.34,credit_card,2.0,9.0,-22.0,0.0
3220817062,1b4ef3bdad72cad23a9bd4b06f87ab7b,1.0,287455576,1336862160,866830663,2018-07-30,delivered,76.0,22.46,98.46,boleto,1.0,14.0,-7.0,0.0
3026265243,5be61c2985384bfd881d4463c25ee652,1.0,1597519532,2747449616,1379301944,2018-07-16,delivered,190.0,19.43,209.43,credit_card,1.0,11.0,-12.0,0.0
3650875686,ba75e370e47503142da34eea6301546a,1.0,1902990804,1236592996,1868809992,2018-08-14,delivered,320.0,59.32,379.32,credit_card,8.0,9.0,-6.0,0.0
4198407153,57d0f29d2d770802ab8e393778fc9052,1.0,865269241,2703664508,9861004,2018-07-16,delivered,49.9,64.8,114.7,credit_card,5.0,10.0,-19.0,0.0
4171907016,6b87336da12a7508327bfe1c03855707,1.0,3858373825,3212098957,3570346646,2018-08-08,delivered,58.9,18.51,77.41,credit_card,3.0,5.0,-10.0,0.0
2758437846,0cd778893772d400d2ad0a7d2feda5b8,1.0,2246357688,2086414320,3503366785,2018-08-13,delivered,29.99,18.31,48.3,boleto,1.0,8.0,-13.0,0.0
3057265227,42a212a14fd3e3b7e9c8245a00e35369,1.0,3058251125,3915389518,3447476930,2018-07-26,delivered,95.0,18.77,113.77,debit_card,1.0,6.0,-14.0,0.0
3152411634,cc2f534a432b33d1e7e67204ab44f662,1.0,1760637336,1776620515,2475905934,2018-07-28,delivered,69.99,27.44,97.43,credit_card,1.0,16.0,-16.0,0.0
3781506330,83473068577d922cfe5ce5b7f409519d,1.0,1519563608,4203895732,229483877,2018-08-06,delivered,124.9,9.62,134.52,credit_card,3.0,1.0,-1.0,0.0
396804272,cd8d629b349458e7b1d5e13e5aa54a7a,1.0,1324175135,264231931,1612681572,2018-07-23,delivered,105.0,43.02,148.02,credit_card,3.0,9.0,-14.0,0.0
3132198639,883915e4c377d6f9192fad3ae5d4374c,1.0,3885312563,361672405,724738283,2018-08-17,delivered,142.42,38.44,180.86,credit_card,3.0,4.0,-2.0,0.0
1072629361,788fdf598d5dbd1de9c4865b1b1824bd,1.0,1312930871,2026116350,229483877,2018-08-07,delivered,99.9,11.72,111.62,credit_card,1.0,2.0,-4.0,0.0
181795078,41953608ebba26ffc747bfd944c6245d,1.0,3590205864,48271333,2870196462,2018-07-19,delivered,69.9,8.65,78.55,boleto,1.0,5.0,-3.0,0.0
2931947200,92488b546fc879a0fd88f9294de828ee,1.0,2173788570,693726462,3115096273,2018-07-29,delivered,125.0,20.07,145.07,boleto,1.0,11.0,-10.0,0.0
874847748,a30d8838d122e0c839d5aadaa6753bc8,1.0,307662595,1103724453,2745162286,2018-07-16,delivered,69.9,18.64,88.54,credit_card,2.0,8.0,-10.0,0.0
3906404541,a975a4d132e3cd7cb429e0deffc7cf8d,1.0,434851162,3562369157,1716536501,2018-08-05,delivered,134.9,20.13,155.03,credit_card,3.0,5.0,-4.0,0.0
886890493,504a512b08ad37f84e4d9b8de998f821,1.0,1139563099,1635314589,1919968767,2018-07-17,delivered,110.32,8.03,118.35,boleto,1.0,7.0,-2.0,0.0
699610499,727be733cb840c05e9fc14028a1892e2,1.0,2503234789,4146394833,3033068590,2018-07-01,delivered,429.99,47.78,477.77,credit_card,4.0,9.0,-19.0,0.0
777331684,2ec517892d22fd59d39b4cfa2a69637b,1.0,1175368084,174750780,523493826,2018-08-07,delivered,122.99,25.21,148.2,credit_card,4.0,9.0,-27.0,0.0
4155367958,07dc1dc61c5ee9a1387069fec64b6663,1.0,2043034213,1336321222,2804246847,2018-08-03,delivered,45.9,13.66,59.56,boleto,1.0,5.0,-6.0,0.0
1621825714,7169bb201e926e2686e974262cd6bcd5,1.0,1915723041,4136017780,2487708955,2018-07-11,delivered,399.0,172.31,571.31,credit_card,8.0,12.0,-10.0,0.0
517188892,6550f76a630f229b798ea19ef27694d9,1.0,986277410,4084685532,945263063,2018-08-17,delivered,59.9,22.35,82.25,credit_card,5.0,7.0,-17.0,0.0
1711812709,b228e6b7a06468abcf8c203f8e86689c,1.0,3697663487,2497209898,581044507,2018-08-05,delivered,199.6,19.49,219.1243452082288,credit_card,7.0,5.0,-26.0,0.0
188996418,b228e6b7a06468abcf8c203f8e86689c,2.0,3697663487,944040636,3681078781,2018-08-05,delivered,199.0,19.5,218.4656547917712,credit_card,7.0,5.0,-26.0,0.0
259861981,27fd0c263b9d38e9cb2c2d07fc0c706e,1.0,842982663,1339989781,1343522669,2018-07-30,delivered,24.9,22.97,47.87,credit_card,1.0,6.0,-11.0,0.0
371297386,de511d43118e7cd3c327dded8e3597a6,1.0,568659919,3463578150,4086780073,2018-08-13,delivered,29.9,18.31,48.21,credit_card,4.0,9.0,-25.0,0.0
1997988825,8b1a87ef2390d75e9fe2d8e1e74a8f99,1.0,3253075139,3872752794,179864683,2018-07-26,delivered,65.9,13.12,79.02,credit_card,2.0,5.0,-7.0,0.0
1887469071,97c83fc9b400d1808b5c8ef56e4b3c3a,1.0,2679879513,2788952506,1524586005,2018-07-10,delivered,35.9,18.35,54.25,boleto,1.0,14.0,-6.0,0.0
757593869,9d87d0391a942964abee51bf76befef0,1.0,937911360,1833301599,581044507,2018-08-06,delivered,110.65,18.88,129.53,credit_card,4.0,4.0,-17.0,0.0
3869827763,187098e4e124f41f3a325782e3c372ac,1.0,2055938925,794828636,213195857,2018-08-12,delivered,72.9,14.09,86.99,credit_card,4.0,5.0,-7.0,0.0
1780254940,0a998b0552bd0e04c7b38f0f58737c54,1.0,2632019526,3038694483,581044507,2018-08-01,delivered,112.0,13.44,125.44,credit_card,5.0,6.0,-10.0,0.0
491035167,0091a677651feaf5a08d7bb147681e14,1.0,3249500909,2197789024,2304947736,2018-08-24,delivered,38.0,7.53,45.53,credit_card,1.0,4.0,-3.0,0.0
2737845666,a6ba8648e5a290ca5c5d01adb610e447,1.0,3061804712,1068976637,2775148626,2018-07-27,delivered,55.8,22.21,78.01,credit_card,1.0,11.0,-3.0,0.0
2206746030,1525ae17b338cdbe83eafba4135425d8,1.0,2521217468,1290834642,3773013363,2018-07-17,delivered,199.0,17.58,216.58,credit_card,8.0,8.0,-14.0,0.0
3668190417,31f21cb58ae87d5f8f3076dcc93ec4d2,1.0,600428448,1189520925,3273942975,2018-08-17,delivered,94.8,19.85,114.65,credit_card,1.0,5.0,-21.0,0.0
1124453427,48e6590a35c4212b1525039dbe8cd750,1.0,3004863675,2159850267,357160637,2018-07-10,delivered,14.5,7.39,21.89,credit_card,1.0,3.0,-5.0,0.0
1764073584,40bf40ed29a5bbdb73aaeb5eb134168f,1.0,2919897246,2495106546,2580370799,2018-07-13,delivered,139.9,22.91,162.81,credit_card,5.0,11.0,-24.0,0.0
3497967442,adfb15b690df8a5aa4c327edfc6ea9f3,1.0,2321879804,1141358833,2304947736,2018-08-02,delivered,49.0,18.44,67.44,credit_card,2.0,21.0,-5.0,0.0
3778727055,884989e29f137d8ce42518666158b8ce,1.0,528360537,1462157680,1553669565,2018-07-04,delivered,39.9,13.86,53.760000000000005,voucher,1.0,8.0,-13.0,0.0
1785020435,3f744e5030fb02e02651eb31d5204878,1.0,4097501253,3380329049,1521578955,2018-07-31,delivered,5.9,18.23,24.13,boleto,1.0,7.0,-13.0,0.0
1698273100,3f744e5030fb02e02651eb31d5204878,2.0,4097501253,3380329049,1521578955,2018-07-31,delivered,5.9,18.23,24.13,boleto,1.0,7.0,-13.0,0.0
2186576742,3f744e5030fb02e02651eb31d5204878,3.0,4097501253,3380329049,1521578955,2018-07-31,delivered,5.9,18.23,24.13,boleto,1.0,7.0,-13.0,0.0
3540655738,3f744e5030fb02e02651eb31d5204878,4.0,4097501253,3380329049,1521578955,2018-07-31,delivered,5.9,18.23,24.13,boleto,1.0,7.0,-13.0,0.0
768755822,3f744e5030fb02e02651eb31d5204878,5.0,4097501253,3380329049,1521578955,2018-07-31,delivered,5.9,18.23,24.13,boleto,1.0,7.0,-13.0,0.0
804383899,3f744e5030fb02e02651eb31d5204878,6.0,4097501253,3380329049,1521578955,2018-07-31,delivered,5.9,18.23,24.13,boleto,1.0,7.0,-13.0,0.0
2909064813,23b89f00eb70f9f93ebe743fd79bd787,1.0,1652867856,821601255,4086780073,2018-07-29,delivered,99.0,24.77,123.77,credit_card,1.0,3.0,-32.0,0.0
906641712,dd1b512cf445a2e1d58c294c4d5093e2,1.0,31256793,2368046688,1868809992,2018-07-23,delivered,196.8,22.68,219.48,boleto,1.0,8.0,-9.0,0.0
1759709403,83e57ebcbcf567c776aeb9c96f9181f3,1.0,1119980676,772964443,3626123686,2018-08-09,delivered,189.0,16.55,205.55,credit_card,8.0,5.0,-8.0,0.0
1541833033,5bcde4ca8f0878aab60dc18cc310fa4d,1.0,1076282070,1802206990,1925879045,2018-07-18,delivered,46.9,16.52,63.42,credit_card,1.0,5.0,-11.0,0.0
2716067133,63ac66255bb4562cd506681eb19c5be4,1.0,3509206130,102670117,3883719590,2018-08-06,delivered,82.88,27.56,110.44,credit_card,1.0,3.0,-14.0,0.0
2877323071,013aa6ba5077072401773f83f1ee6408,1.0,2056036071,3546837306,2722740119,2018-07-25,delivered,159.0,19.21,178.21,credit_card,2.0,21.0,-5.0,0.0
2740019344,c0b6d4c66078f849fe7e8baf7276888d,1.0,190526559,1245653087,819761952,2018-08-18,delivered,43.0,18.4,61.4,credit_card,1.0,10.0,-7.0,0.0
3586430499,5e754503796f05f2ad0541feb16a6a85,1.0,2017000558,2542587666,2526411072,2018-08-22,delivered,38.0,18.37,56.37,boleto,1.0,6.0,-16.0,0.0
151390732,6de82414b08e811561e73db3df4fb9f1,1.0,2710698282,1802206990,1925879045,2018-08-20,delivered,49.9,19.54,69.44,credit_card,1.0,7.0,-14.0,0.0
129991857,1722f4de186ebcdb68411641263f6ae2,1.0,4179807573,2809574497,519564207,2018-08-05,delivered,134.99,23.75,158.74,boleto,1.0,6.0,-5.0,0.0
3749863830,278e7730f7062014d198fbf20451b935,1.0,2085636663,1519717858,3374723997,2018-07-30,delivered,113.1,8.21,121.31,credit_card,2.0,3.0,0.0,0.0
3019771517,6917bf2ef92587d31987c8c01aa1b4e0,1.0,2916940087,3124564939,313823481,2018-08-25,delivered,139.9,14.32,154.22,credit_card,3.0,3.0,-9.0,0.0
3555956220,d7a77baab69330a11a384b31591498b3,1.0,1845840656,2851764674,3768269081,2018-07-13,delivered,795.0,63.65,858.65,credit_card,10.0,10.0,-11.0,0.0
1318702483,b2026cc24ae47d44bdfb8fbe3b38b78d,1.0,270999446,3223803781,2622583364,2018-07-26,delivered,127.9,19.0,146.9,credit_card,3.0,6.0,-14.0,0.0
4117065750,9776c1b12ae5fd1da578a2b8e064f2a9,1.0,803714593,3742878999,4028933957,2018-08-13,delivered,68.8,11.5,80.3,credit_card,8.0,6.0,-2.0,0.0
1501814433,74e4eb74d4d588aecf5a7c58c56345be,1.0,2743960357,377174414,1655574082,2018-07-21,delivered,59.8,9.73,69.53,credit_card,2.0,4.0,-23.0,0.0
2157411467,d4e497fbb372f7fa8565a310a7243b53,1.0,2541384490,4247905788,196831707,2018-07-05,delivered,385.0,18.0,403.0,credit_card,8.0,7.0,-11.0,0.0
3098430353,43c20095b0f5f569fe0d24426cf8a7d2,1.0,572709836,4208494697,1813314038,2018-07-07,delivered,17.9,12.79,30.69,credit_card,3.0,13.0,-10.0,0.0
2107151967,911caddee9193485ecfacba64e139beb,1.0,3614634917,887825307,2173695781,2018-08-12,delivered,139.0,107.3,246.3,credit_card,5.0,10.0,-18.0,0.0
4035863004,996c7e73600ad3723e8627ab7bef81e4,1.0,3377259297,2622675143,227675137,2018-07-16,delivered,559.9,28.0,664.43,credit_card,10.0,4.0,-10.0,0.0
4180411692,23c6b96eb0aa6024129f306af7befe3e,1.0,2588403613,2254554039,4194263931,2018-08-12,delivered,125.0,14.22,0.0,unknown,0.0,15.0,-4.0,0.0
2836714218,3bc21ef8ec2cadd7703b05a26cc51b35,1.0,2724716280,1913017858,4120033478,2018-07-25,delivered,199.9,20.59,220.49,credit_card,4.0,5.0,-14.0,0.0
575515494,a60e21c021af3e8b42bf68b8683800ac,1.0,3112181172,174750780,523493826,2018-07-18,delivered,122.99,30.11,153.1,credit_card,1.0,22.0,1.0,1.0
2803914477,d9bf43027ddbeee4ced772f175c2dc40,1.0,3368629230,3154776892,84469676,2018-07-20,delivered,49.9,13.01,62.91,credit_card,6.0,7.0,-12.0,0.0
2244694027,8c077233d04d9bca0a5bef45afddf354,1.0,2981040324,3304897236,123833255,2018-08-03,delivered,42.0,15.39,57.39,boleto,1.0,7.0,-6.0,0.0
2252685397,57db58fa887c4205f3bf01211de5cceb,1.0,737270301,3133269672,3267771422,2018-07-14,delivered,22.9,18.26,41.16,credit_card,2.0,5.0,-11.0,0.0
2822727677,aa240e84341dc3a58a69fdaa1c0b927c,1.0,1067426557,713288933,2304947736,2018-08-02,delivered,78.0,7.81,85.81,credit_card,2.0,1.0,-3.0,0.0
2982242373,8c48a29935d95dd45daa77ac63f6786d,1.0,1984458022,113410799,2465938378,2018-08-23,delivered,94.9,18.76,113.66,credit_card,1.0,5.0,-14.0,0.0
1682146125,bcf932ed1d1f89a66891f8c5b22c5d20,1.0,1376183484,3292819766,3475278273,2018-07-17,delivered,259.25,16.13,275.38,credit_card,10.0,6.0,-10.0,0.0
3181728303,9910e116d36a19d176b63642db85b559,1.0,2490939570,2225184348,728604636,2018-07-04,delivered,179.9,23.01,0.0,unknown,0.0,7.0,-18.0,0.0
1150013901,457c5fb81a06b09b10e752720b28f5c5,1.0,2627118466,3761904549,2012735916,2018-07-15,delivered,69.0,59.63,128.63,boleto,1.0,7.0,-10.0,0.0
1039346544,b41055f900d670bae8cfbf3a8df79d8c,1.0,2724416901,517925712,1553669565,2018-07-29,delivered,39.9,9.03,48.93,credit_card,1.0,3.0,-7.0,0.0
3453086687,7ccd0a8b6bdddf8ea32095431194bfbe,1.0,1598544353,3020204375,960009223,2018-08-07,delivered,24.99,7.44,32.43,credit_card,2.0,2.0,-3.0,0.0
1113487154,b9bac4395416779d29e17d31e06386ca,1.0,2664612696,3813743108,3396868089,2018-07-29,delivered,119.9,9.59,129.49,credit_card,1.0,2.0,-7.0,0.0
732162589,23915d6cad231d54df8c6db7106b29ca,1.0,2845687951,4256177069,1868809992,2018-08-18,delivered,230.0,20.99,250.99,credit_card,10.0,12.0,-32.0,0.0
74190216,60320e541a6e9dc0cb5919399543f905,1.0,4127004284,1576189385,292598503,2018-07-30,delivered,29.97,18.31,48.28,boleto,1.0,5.0,-3.0,0.0
1351814249,bb410325795fc7a944df598360cf5f08,1.0,141596831,2180480181,1734769477,2018-08-02,delivered,44.9,8.47,53.37,credit_card,1.0,5.0,-2.0,0.0
2792977753,c1331ba0cd03a2a346d54d5fa2ed7576,1.0,3048561774,558538250,2395580491,2018-07-23,delivered,254.0,19.88,273.88,credit_card,5.0,9.0,-8.0,0.0
1332966730,53c31e515549ff8d58c7e4bf134ea258,1.0,2262196572,2704270240,1930594773,2018-07-26,delivered,32.0,12.88,44.88,credit_card,1.0,5.0,-9.0,0.0
4269757195,ca2b3adfa13249c87545515d1f9a4156,1.0,2550316072,3749908207,728604636,2018-07-25,delivered,75.9,13.63,89.53,credit_card,1.0,1.0,-11.0,0.0
2065119195,ca2b3adfa13249c87545515d1f9a4156,2.0,2550316072,3749908207,728604636,2018-07-25,delivered,75.9,13.63,89.53,credit_card,1.0,1.0,-11.0,0.0
4056949845,335874150963b28de5e55b480495739e,1.0,4065038597,1159501270,1868809992,2018-08-01,delivered,150.0,44.97,194.97,credit_card,1.0,20.0,-30.0,0.0
1099598778,8c0a5b32d858e3c6d66a9be944cad7aa,1.0,4102441285,2186520705,2629826490,2018-07-20,delivered,125.9,21.49,147.39,boleto,1.0,13.0,-12.0,0.0
1354817470,24bb40ee9b9b6fc1cf2392a93aff4f6e,1.0,3002866299,4114507059,1994919736,2018-07-11,delivered,86.0,19.51,105.51,credit_card,1.0,28.0,2.0,1.0
3326262108,be65bdeffac02d6d8d3b667875e6da05,1.0,3265259707,462937979,2490225171,2018-07-25,delivered,12.5,7.39,19.89,credit_card,1.0,1.0,-11.0,0.0
332090082,c6a9c77bb8c5622e8ce686a274dbf281,1.0,807651975,92435315,960009223,2018-07-31,delivered,28.99,7.46,36.45,credit_card,1.0,1.0,-1.0,0.0
451354968,c172f96808d5e1df5a287d171592d3c6,1.0,583635737,1416848862,316395269,2018-07-20,delivered,35.99,18.35,54.34,boleto,1.0,12.0,-8.0,0.0
39844250,c172f96808d5e1df5a287d171592d3c6,2.0,583635737,1416848862,316395269,2018-07-20,delivered,35.99,18.35,54.34,boleto,1.0,12.0,-8.0,0.0
1748129302,3230019a07d0eee8a3816cb1732fe39f,1.0,1887366325,174750780,523493826,2018-07-05,delivered,122.99,30.11,153.1,boleto,1.0,18.0,-8.0,0.0
2798533422,c85617bff1ff615fb850f55304688d60,1.0,3582386524,2835812517,3935591853,2018-07-18,delivered,270.0,35.65,305.65,credit_card,4.0,6.0,-15.0,0.0
2269914451,47435f657d2323e5eb4455aa5bc6a436,1.0,3784699321,3803830599,1018258220,2018-07-23,delivered,39.65,8.02,47.67,credit_card,3.0,2.0,-20.0,0.0
1939742245,47435f657d2323e5eb4455aa5bc6a436,2.0,3784699321,3803830599,1018258220,2018-07-23,delivered,39.65,8.02,47.67,credit_card,3.0,2.0,-20.0,0.0
141557001,47435f657d2323e5eb4455aa5bc6a436,3.0,3784699321,3803830599,1018258220,2018-07-23,delivered,39.65,8.02,47.67,credit_card,3.0,2.0,-20.0,0.0
1852207172,47435f657d2323e5eb4455aa5bc6a436,4.0,3784699321,3803830599,1018258220,2018-07-23,delivered,39.65,8.02,47.67,credit_card,3.0,2.0,-20.0,0.0
2969028838,47435f657d2323e5eb4455aa5bc6a436,5.0,3784699321,3803830599,1018258220,2018-07-23,delivered,39.65,8.02,47.67,credit_card,3.0,2.0,-20.0,0.0
201197191,47435f657d2323e5eb4455aa5bc6a436,6.0,3784699321,3803830599,1018258220,2018-07-23,delivered,39.65,8.02,47.67,credit_card,3.0,2.0,-20.0,0.0
500453751,c36353bc20e464fa631292ac4a42bd17,1.0,3227919772,1277106402,1996189231,2018-07-04,delivered,62.99,13.1,76.09,credit_card,3.0,6.0,-14.0,0.0
2684820883,1d6960313e1efe2dbdc3ce9efc796024,1.0,2606420871,3658875146,250985049,2018-07-16,delivered,77.9,18.65,96.55,boleto,1.0,17.0,-12.0,0.0
1440883006,b9d42d3c4b0b357f92488c43be786520,1.0,446740337,3478202829,918571473,2018-07-13,delivered,154.91,8.34,163.25,credit_card,4.0,12.0,-6.0,0.0
4273281322,6a905c93dd651967766fa3a1a7389361,1.0,2970794568,2091521876,3734320862,2018-08-09,delivered,45.95,12.98,58.93,credit_card,4.0,4.0,-15.0,0.0
1180912842,c634bb8a8e3ca4f7c67b8d92e7a0740c,1.0,505523080,2698778231,866830663,2018-07-06,delivered,40.0,11.3,51.3,debit_card,1.0,7.0,-7.0,0.0
1776993898,b636037a882bd588f102f9f3fc29b2ca,1.0,2074906407,2413767872,2870196462,2018-07-20,delivered,21.9,22.08,43.98,boleto,1.0,17.0,-2.0,0.0
2434503631,3e68d0953d76c816cb9b580357cf65a1,1.0,2991925531,3550300764,1751079328,2018-08-07,delivered,49.9,9.1,59.0,credit_card,5.0,6.0,4.0,1.0
2874168095,3822b25e989ac059e7f232678b67a465,1.0,2159910936,2067738168,1755005248,2018-07-24,delivered,70.0,21.79,91.79,credit_card,4.0,6.0,-11.0,0.0
1427288152,80eae376fddb50c28eb0e4857691de4f,1.0,2963778670,1150114816,1716536501,2018-08-07,delivered,48.9,9.09,57.99,credit_card,1.0,8.0,5.0,1.0
708625317,8717b95453a85a457f3f3cbe1aaa118a,1.0,708066342,1790738189,3267334493,2018-08-10,delivered,44.99,17.48,62.47,credit_card,1.0,6.0,-10.0,0.0
3102985796,a2b2d6d1919f4f35f47c42de3f62a1fc,1.0,2209659588,3304200972,2580370799,2018-07-14,delivered,86.0,19.51,105.51,credit_card,10.0,16.0,-11.0,0.0
1429716290,9f1d5df23613cd18005adb56a0a67feb,1.0,2891636193,3261875100,3577589362,2018-07-16,delivered,24.9,7.43,32.33,credit_card,1.0,4.0,-6.0,0.0
1549648744,60968a386889fb91ca9c02b4f2eaa9bc,1.0,195046803,4250859962,2114821577,2018-08-05,delivered,99.9,19.12,119.02,boleto,1.0,16.0,0.0,0.0
1359606288,4ac657f0949f8f58a10b48c192df0b4e,1.0,1281223726,1663460637,857846044,2018-07-05,delivered,34.5,8.99,0.0,unknown,0.0,1.0,-11.0,0.0
3474302979,1a109ace7bc73c15e6ef45d6d4423dbd,1.0,525871290,3732414669,2622583364,2018-08-15,delivered,129.0,19.0,148.0,credit_card,5.0,14.0,-8.0,0.0
1772357530,bc2bdb398f6c17b554ffcd37aa1c1e03,1.0,1907917090,358211385,3397218519,2018-07-05,delivered,74.5,16.47,90.97,boleto,1.0,7.0,-7.0,0.0
2701163695,5640d8d8b0a6c23956f12c8dedfef8e3,1.0,4180713155,472140706,2634923070,2018-08-02,delivered,39.9,12.94,52.84,boleto,1.0,10.0,3.0,1.0
869842791,50d1084dac37a15b7dad150d578f690e,1.0,3200168690,1484404964,853272068,2018-08-22,delivered,101.9,40.32,142.22,credit_card,6.0,5.0,-15.0,0.0
3939299120,62d4c5d34949afc8d73f2be9043e5ad4,1.0,2772045621,3167799130,2561072851,2018-08-18,delivered,64.99,18.56,83.55,credit_card,1.0,5.0,-17.0,0.0
1105825456,0a0bb5e5ea635dc355ca8ef22dfac150,1.0,234487294,3677795901,4254278802,2018-07-08,delivered,99.0,15.79,114.79,credit_card,1.0,5.0,-17.0,0.0
3499240687,915e61444d403c1c57fa206962c3e60f,1.0,2181280672,1620581707,1672091742,2018-08-04,delivered,49.99,18.45,0.0,unknown,0.0,9.0,-11.0,0.0
3583567792,764784b2e19d54da239286b0757f222c,1.0,717184852,1414790156,1803873909,2018-07-15,delivered,109.9,39.04,148.94,credit_card,5.0,15.0,-11.0,0.0
2208998477,d25ec5d787991580395a4dc72118db6c,1.0,3124604281,3930078468,3016182256,2018-07-13,delivered,166.0,23.88,0.0,unknown,0.0,19.0,-2.0,0.0
2196080553,b7daca2d24a93ab9351485e0bdcbb7e6,1.0,1623373726,1537939971,1571264779,2018-07-22,delivered,99.0,18.74,117.74,credit_card,1.0,8.0,-17.0,0.0
2911278813,25002fcfee05773be1d9bfe045b95fec,1.0,2564658585,896097916,4027947388,2018-08-21,delivered,220.7,68.69,289.39,credit_card,3.0,7.0,-27.0,0.0
3166589089,9729a585634ed0ce4a0f4e38763c31da,1.0,1559693762,1686977456,305748041,2018-07-12,delivered,32.9,8.98,41.88,credit_card,1.0,3.0,-11.0,0.0
2525785323,1b3308992abe10ed7ce26077dce05e8e,1.0,3271129027,2385419791,420819844,2018-08-03,delivered,34.9,7.5,42.4,boleto,1.0,11.0,1.0,1.0
3109217679,0866001f9f2ff47df177b77ce6abecd4,1.0,3950511454,2128215339,2340679812,2018-07-12,delivered,51.89,13.02,64.91,credit_card,2.0,11.0,-7.0,0.0
432109827,602fd0f12980f5a92b67acc19187fb87,1.0,1440599007,1785441143,3374723997,2018-08-15,delivered,66.41,10.0,76.405,credit_card,15.0,7.0,-29.0,0.0
2299446660,602fd0f12980f5a92b67acc19187fb87,2.0,1440599007,1785441143,3374723997,2018-08-15,delivered,66.41,10.0,76.405,credit_card,15.0,7.0,-29.0,0.0
695539245,040b9db3ba0a38c2c2b139d6604576c8,1.0,3739939239,1241208376,2023461531,2018-07-02,delivered,69.99,8.65,78.64,credit_card,1.0,1.0,-13.0,0.0
2254053967,73c1b352d22c76a80877525319449412,1.0,3556324916,1372837219,167484701,2018-08-12,delivered,16.1,18.23,34.33,credit_card,3.0,8.0,-13.0,0.0
3770260922,2cc44017e7eba3d4a59e029af9df7e31,1.0,1537324448,732694073,2027895914,2018-08-07,delivered,110.0,15.87,125.87,credit_card,2.0,7.0,-17.0,0.0
2699612765,2cc44017e7eba3d4a59e029af9df7e31,2.0,1537324448,732694073,2027895914,2018-08-07,delivered,110.0,15.87,125.87,credit_card,2.0,7.0,-17.0,0.0
4076309053,b1b7d5ed61bf1eddfc24d53ce60f4f71,1.0,1011914095,1309935087,3066591355,2018-08-08,delivered,60.99,13.09,74.08,credit_card,1.0,5.0,-14.0,0.0
710470419,05ec9565bccc292561dec1d33bfefdfa,1.0,2187162595,628973398,766667350,2018-08-05,delivered,49.0,13.92,62.92,credit_card,5.0,5.0,-5.0,0.0
2615065969,25f9cd6cf05f1ee2caea2bfecc60abdd,1.0,917830802,2618137847,2304947736,2018-07-28,delivered,29.0,12.86,41.86,credit_card,4.0,6.0,-6.0,0.0
2981771494,199c544290f4c34265e9b01c137baecd,1.0,1341980406,3715093150,1557592361,2018-07-23,delivered,74.9,7.78,82.68,credit_card,1.0,4.0,-4.0,0.0
3179355504,742e519465c1d0ed1dc1664ad04ba238,1.0,1080412548,4198849059,4194263931,2018-08-02,delivered,61.4,22.36,83.76,credit_card,1.0,20.0,-9.0,0.0
3713545508,adc1270afd7fb1ef466f8ee66cab3773,1.0,889795225,2439685005,1691174115,2018-07-24,delivered,1322.64,47.77,1370.41,credit_card,10.0,7.0,-17.0,0.0
1399047556,29b71dc3837a954158a1d1b30d0605bc,1.0,2386624172,3039775924,3485175421,2018-07-01,delivered,203.0,25.03,228.03,credit_card,8.0,8.0,-10.0,0.0
2852485474,67864542c9896d890a14b76003098580,1.0,1354502506,2223440558,1379301944,2018-07-14,delivered,53.55,18.48,72.03,credit_card,1.0,10.0,-13.0,0.0
3497575843,62ce1c9906369b2f38a1d3fb4472c306,1.0,442955484,1316606584,3129531441,2018-07-04,delivered,119.99,18.64,0.0,unknown,0.0,27.0,8.0,1.0
3819915326,82f36bdc0196b518ac49483e7af21d02,1.0,2019697948,2800013584,682173841,2018-07-09,delivered,40.0,23.89,63.89,credit_card,3.0,4.0,-13.0,0.0
2790046165,790adedc3b5b66b16b14675e794382b3,1.0,4168764425,4089424676,2694359720,2018-07-03,delivered,69.8,18.59,88.39,boleto,1.0,6.0,-18.0,0.0
2695230621,657ea9232c582c9e40330a60f68dc189,1.0,2536625331,4255084366,1553669565,2018-08-12,delivered,27.9,19.39,47.290000000000006,credit_card,3.0,8.0,-3.0,0.0
2552063374,6e53f3d94a384e3e000da1b6d43641ab,1.0,2332609222,2570500686,1694950908,2018-08-06,delivered,44.0,7.57,51.57,credit_card,5.0,3.0,-5.0,0.0
3714390374,71035ba1aacb91b34786a7c4647e6486,1.0,3103966946,3520052168,2304947736,2018-07-02,delivered,56.0,18.49,74.49,credit_card,7.0,8.0,-15.0,0.0
55115577,7217572256d0fb150b86021f70d421fe,1.0,2808046832,969169982,1661230352,2018-08-03,delivered,95.4,18.47,113.87,credit_card,3.0,10.0,-10.0,0.0
419079490,12b1cdf04230c77662cfee01e322fbdb,1.0,32597970,3983577810,1966704427,2018-07-04,delivered,48.5,22.27,70.77,credit_card,7.0,7.0,-29.0,0.0
1614500960,373fa646df70e5064388905c109571ec,1.0,54150750,114407790,1422228924,2018-08-05,delivered,53.9,13.04,66.94,credit_card,3.0,4.0,-6.0,0.0
3045118726,8f4dff9c7bdbfd26aee6064637637f24,1.0,239929415,1279111887,2304947736,2018-08-03,delivered,49.0,7.6,56.6,credit_card,1.0,3.0,-3.0,0.0
1217658761,c01aae679dd48cf072b9e26756b4ba11,1.0,3071112230,302400981,2304947736,2018-08-16,delivered,49.0,18.44,67.44,credit_card,2.0,7.0,-18.0,0.0
213561846,6c6ad994709e497d8bbc043b3d9884ba,1.0,2448489507,1506192027,4193115790,2018-08-09,delivered,42.2,9.05,51.25,credit_card,1.0,5.0,0.0,0.0
2990553388,816ccd9d21435796e8ffa9802b2a782f,1.0,835269065,1243858984,3903401908,2018-08-01,delivered,249.0,35.82,284.82,voucher,1.0,5.0,-15.0,0.0
1370497584,c84e12372b525943bc1de0f837193aa1,1.0,3087397973,3482901040,3873348354,2018-07-30,delivered,49.9,13.93,63.83,boleto,1.0,7.0,-7.0,0.0
3947515287,9e119efc7690fb6c238eca967793fd34,1.0,4261920328,3333797170,3877577216,2018-08-18,delivered,34.0,17.17,51.17,credit_card,1.0,6.0,-6.0,0.0
2774002463,de4200e70f1ba056e8e0ce5a6b057f76,1.0,1498150316,1816939174,1550185782,2018-08-15,delivered,85.99,57.37,143.36,boleto,1.0,12.0,-28.0,0.0
496772926,882634702ad671a4a28319adef8f058b,1.0,3307861863,3012066282,3049278770,2018-08-26,delivered,9.99,7.39,16.38,credit_card,1.0,1.0,-3.0,0.0
2895055505,580e2b6c3cb7687af1cb01ebeed86265,1.0,1680103629,3601987640,3773013363,2018-08-22,delivered,350.0,11.2,361.2,credit_card,8.0,1.0,-4.0,0.0
3625700409,7a2a2633b023ac3ee1dc583d44181b2a,1.0,3474443125,996410868,988567476,2018-08-16,delivered,67.5,21.11,88.61,credit_card,5.0,4.0,-21.0,0.0
1993082713,0eb2e52e71b7f59b62ea59b139e5a254,1.0,3230391067,2203887488,2023461531,2018-07-06,delivered,99.0,8.85,107.85,credit_card,2.0,5.0,-8.0,0.0
3074007808,c606b6bf8e4f7fd3289dae004615ded4,1.0,435792866,48271333,2870196462,2018-08-07,delivered,69.9,15.59,85.49,credit_card,2.0,8.0,-19.0,0.0
2793669886,003a94f778ef8cfd50247c8c1b582257,1.0,2712085755,3898789862,213195857,2018-08-03,delivered,39.9,18.08,57.98,credit_card,1.0,20.0,9.0,1.0
2487919776,c99bf9bf2c26094ff4786e6bf919d14c,1.0,592904738,1451227033,1078893285,2018-07-25,delivered,399.0,90.3,489.3,credit_card,10.0,13.0,-12.0,0.0
1614531772,c99bf9bf2c26094ff4786e6bf919d14c,2.0,592904738,1451227033,1078893285,2018-07-25,delivered,399.0,90.3,489.3,credit_card,10.0,13.0,-12.0,0.0
2906491400,b7d132ccaa4a7e53c9fb25ff9979fc35,1.0,3991460727,2743232940,2886549658,2018-08-02,delivered,22.0,18.25,40.25,credit_card,1.0,7.0,-13.0,0.0
1312452282,1a561b1e30fd914ae3cf3f82bf41d02b,1.0,3514499441,1459613100,3016182256,2018-08-15,delivered,160.65,16.23,176.88,credit_card,2.0,5.0,-9.0,0.0
1631588019,5feeb22d03c193159f3e223c2a87e745,1.0,1484246819,178647538,796664912,2018-07-09,delivered,150.82,8.32,159.14,credit_card,5.0,1.0,-7.0,0.0
2565137086,2a66d384322fe0cce57c8083d687a79e,1.0,2097653455,3258751558,2890074202,2018-07-05,delivered,20.0,50.86,70.86,credit_card,7.0,18.0,-8.0,0.0
2676485072,c1deab56eafcb4bec7703bbe7bd25137,1.0,1006731042,3880537531,2304947736,2018-07-19,delivered,55.0,18.49,64.78999999999999,voucher,1.0,6.0,-12.0,0.0
1410194430,a4a234174a4aa5d0d13f339d9308c4ec,1.0,717392074,3010353718,1404829027,2018-08-17,delivered,99.0,64.06,163.06,debit_card,1.0,10.0,-25.0,0.0
155283075,78d197a2bfdde2a4c64cf3e58ab2b7a3,1.0,2261503141,1362305464,4071751220,2018-07-14,delivered,39.9,23.0,62.9,boleto,1.0,11.0,-11.0,0.0
2087155341,78d197a2bfdde2a4c64cf3e58ab2b7a3,2.0,2261503141,1362305464,4071751220,2018-07-14,delivered,39.9,23.0,62.9,boleto,1.0,11.0,-11.0,0.0
2681420157,96fac65dca5efca83efce7194c1b8605,1.0,2743649933,1208298587,2311735569,2018-07-25,delivered,32.99,19.46,49.474411349338816,boleto,1.0,7.0,-15.0,0.0
1318013603,96fac65dca5efca83efce7194c1b8605,2.0,2743649933,1736179059,3761277192,2018-07-25,delivered,44.9,19.46,67.3355886506612,boleto,1.0,7.0,-15.0,0.0
1642469400,cf008a8ccb8f6eafc66de884e6bc2728,1.0,3619243208,1899034092,3736971813,2018-07-29,delivered,249.9,28.73,278.63,credit_card,5.0,5.0,-17.0,0.0
4276361348,70915618c90bd351320a2880ab6e7d6e,1.0,3804497164,1114271374,250763173,2018-07-23,delivered,61.9,14.74,76.64,credit_card,5.0,3.0,-13.0,0.0
2330628806,680fa5c6b4ff5efa74b9ee8c95638ac2,1.0,1903458854,1408595600,2558590040,2018-08-05,delivered,98.0,14.99,112.99,credit_card,1.0,3.0,-8.0,0.0
2642679340,7bfa5cf288b9dab1fe987fdde74c14fd,1.0,4259134543,894962572,1868809992,2018-08-17,delivered,79.9,22.99,102.89,credit_card,5.0,3.0,-30.0,0.0
3947530299,c33421c96efacce72747c9208101259c,1.0,4069095722,3616794989,3366215599,2018-07-16,delivered,179.9,47.92,227.82,boleto,1.0,16.0,-14.0,0.0
3963010677,e11c61aa2d539f826865ea728496f6d4,1.0,705430977,1045357713,3659481684,2018-08-11,delivered,25.89,18.28,44.17,credit_card,6.0,10.0,-2.0,0.0
2913465947,e11c61aa2d539f826865ea728496f6d4,2.0,705430977,1045357713,3659481684,2018-08-11,delivered,25.89,18.28,44.17,credit_card,6.0,10.0,-2.0,0.0
1929519451,0e8a52f34b055d2027ea7807c20119c4,1.0,1879505796,2067738168,1755005248,2018-07-31,delivered,70.0,21.79,91.79,credit_card,5.0,5.0,-3.0,0.0
4083447406,0e958d055789e054bf7483acea302398,1.0,3096304443,433092044,1734769477,2018-07-02,delivered,29.9,18.31,48.21,credit_card,4.0,7.0,-16.0,0.0
3524739949,7059e298ca1c44f113a32fe9719bc4a4,1.0,3370276318,2921250899,3267771422,2018-07-20,delivered,29.9,11.23,41.13,credit_card,1.0,5.0,-5.0,0.0
3378495441,7c55b41468cbcfb21c9dcd304257b718,1.0,3063320042,1322639973,3761277192,2018-08-14,delivered,115.9,18.61,134.51,boleto,1.0,22.0,8.0,1.0
992865368,8d5ac17806cd132680edc938d69d0359,1.0,1626494831,1528212124,9861004,2018-08-19,delivered,49.9,20.99,70.89,credit_card,2.0,8.0,0.0,0.0
301262595,308af2adf367ec45187f929522f6b9ac,1.0,3606842867,3621970897,581044507,2018-07-03,delivered,165.0,19.26,184.26,credit_card,3.0,5.0,-31.0,0.0
2663648636,8cd5cbda56cfb7023246adf2b148bb91,1.0,452920232,1425614791,3485175421,2018-07-19,delivered,77.9,23.35,101.25,credit_card,4.0,6.0,-12.0,0.0
2435465394,26abbf5ff43e58c72f83f98b6374ab1b,1.0,249512170,174750780,523493826,2018-08-17,delivered,122.99,53.21,176.2,boleto,1.0,10.0,-17.0,0.0
4019977328,a3806645f130f5c3caad4397ca9dfc56,1.0,573996193,471028190,1553669565,2018-08-08,delivered,53.9,16.57,70.47,boleto,1.0,8.0,-5.0,0.0
3427660412,9cd142b4697df74bb8f34fd7b5573a51,1.0,1591630363,1415839245,91113541,2018-07-18,delivered,49.9,15.45,65.35,credit_card,1.0,4.0,-10.0,0.0
3579968835,1fe7ec0247e48fc569547149cfea181d,1.0,1685274247,2160789852,528827331,2018-07-05,delivered,101.0,9.46,110.46,boleto,1.0,7.0,-7.0,0.0
3374077834,46efc03bc3416ac275de77fe13f28f69,1.0,3589651988,3420221311,123833255,2018-08-08,delivered,32.0,16.41,48.41,credit_card,1.0,7.0,-6.0,0.0
3976588938,414a0b1cbb58b3ae7ce9c39083fcf007,1.0,2037487235,1069380638,3962302186,2018-08-01,delivered,32.0,7.48,39.48,credit_card,2.0,2.0,-3.0,0.0
4114960067,414a0b1cbb58b3ae7ce9c39083fcf007,2.0,2037487235,1069380638,3962302186,2018-08-01,delivered,32.0,7.48,39.48,credit_card,2.0,2.0,-3.0,0.0
3809071631,31f54256f355ebb3c36f1bd8af1ad88e,1.0,4196151194,3677795901,4254278802,2018-07-06,delivered,99.0,8.85,107.85,credit_card,3.0,4.0,-8.0,0.0
2750903513,6e1a8bb31b6a7f387513f6a62ca4a66f,1.0,3398128171,2661985395,2298865209,2018-08-12,delivered,39.9,7.54,47.44,credit_card,2.0,2.0,-2.0,0.0
1366872647,4e9d991478ce9d386648f6dd85475b6c,1.0,3416443779,2184882008,2304947736,2018-07-31,delivered,45.0,15.42,60.42,credit_card,1.0,10.0,-18.0,0.0
3246248146,779e5d7986235ddc059c04a8304aabed,1.0,473843052,1216342729,1549914453,2018-08-14,delivered,59.9,18.99,78.89,credit_card,3.0,2.0,-26.0,0.0
242415024,c6d7cba27932e1d0cc2d052db5a2dce6,1.0,1950675173,400648795,4086780073,2018-08-20,delivered,79.0,21.19,100.19,debit_card,1.0,3.0,-12.0,0.0
3150653255,00fc308dd7f0937682698becaa9dcc45,1.0,2091820948,2573652911,4185397625,2018-08-20,delivered,85.71,18.4,0.0,unknown,0.0,7.0,-9.0,0.0
1104585145,9c37d7a7de99233fd6490a1c09ba0404,1.0,454460181,3749014143,1422228924,2018-07-05,delivered,25.9,18.28,44.18,credit_card,4.0,8.0,-20.0,0.0
3336337300,a2a25b6cdda4df1153122e0300995334,1.0,645384395,1250409204,2060950116,2018-07-23,delivered,65.0,19.98,81.65,credit_card,1.0,4.0,-13.0,0.0
2394288271,a2a25b6cdda4df1153122e0300995334,2.0,645384395,2553872812,2060950116,2018-07-23,delivered,65.0,6.66,81.65,credit_card,1.0,4.0,-13.0,0.0
3599913344,a2a25b6cdda4df1153122e0300995334,3.0,645384395,1250409204,2060950116,2018-07-23,delivered,65.0,19.98,81.65,credit_card,1.0,4.0,-13.0,0.0
3981917873,a2a25b6cdda4df1153122e0300995334,4.0,645384395,1250409204,2060950116,2018-07-23,delivered,65.0,19.98,81.65,credit_card,1.0,4.0,-13.0,0.0
3272101763,668b19356f27bf9a854053836ced5053,1.0,174708881,3776912896,650241730,2018-08-23,delivered,60.0,12.15,72.15,boleto,1.0,4.0,-7.0,0.0
3959404142,795c16acb4e3c30dfa5b6827727ef488,1.0,4079884741,2116048782,4055463965,2018-08-12,delivered,22.32,15.26,37.58,credit_card,2.0,8.0,-10.0,0.0
2437514443,e1dd3bcc1f22b4213a185eec19606daf,1.0,3464719486,2542587666,2526411072,2018-07-21,delivered,38.0,12.93,50.93,credit_card,1.0,5.0,-11.0,0.0
3848191770,859251cf2a5cfdc89031c995e47842e4,1.0,2194121084,4017032197,2586102153,2018-08-16,delivered,58.2,15.51,73.71,credit_card,3.0,4.0,-8.0,0.0
2546507161,454e3d66dfb9e670fd53406db78100ae,1.0,3340953902,3621970897,918571473,2018-07-05,delivered,138.9,8.23,147.13,credit_card,8.0,18.0,-8.0,0.0
625361495,ab6d087fa821a556e55c7a9b5acf3b8a,1.0,3061467842,653417559,4086780073,2018-07-09,delivered,109.0,44.56,153.56,credit_card,2.0,4.0,-19.0,0.0
3503107642,be5855d64fcac12e1e9c036a4932ff7d,1.0,303030246,3124936374,212815993,2018-08-15,delivered,107.99,15.86,123.85,credit_card,3.0,5.0,-14.0,0.0
997513357,2c6a443a179d58ca22cbb911e1aec4fb,1.0,3125607,2613996659,4028933957,2018-08-10,delivered,68.8,11.5,80.3,credit_card,1.0,6.0,0.0,0.0
2055495003,9f07fd1359b3011a31560b21a4eb1fc4,1.0,3974076162,3573587702,4120033478,2018-08-10,delivered,118.9,18.93,137.83,credit_card,3.0,6.0,-14.0,0.0
4246896690,09fd9b0402ed675bbd1ee1e81171ac7c,1.0,900708021,3601016201,213195857,2018-08-18,delivered,144.9,65.46,210.36,credit_card,4.0,10.0,-23.0,0.0
3568596811,6d44b31ace9597cb17ddf0de40a6ea51,1.0,4159947083,3215897742,3008196829,2018-07-16,delivered,79.9,18.66,98.56,credit_card,9.0,7.0,-13.0,0.0
1100755975,5ac5d690e12a26a84e1dc443d318e82f,1.0,2799805395,2817707932,47085388,2018-08-17,delivered,45.0,22.25,67.25,credit_card,1.0,6.0,-27.0,0.0
3019286075,4f080f85daf0d53e2757336275292310,1.0,2523623601,3170423707,4071751220,2018-07-25,delivered,39.9,7.54,47.44,voucher,1.0,1.0,-6.0,0.0
2790478322,85897c1837af1ba410fee4573c3f16de,1.0,1723047379,251415224,1423184178,2018-07-30,delivered,135.0,38.99,173.99,credit_card,1.0,6.0,-31.0,0.0
3776694338,1f68fb8b75dab6bde29558a8f1c8fe34,1.0,625757163,3470517503,1615213775,2018-08-12,delivered,56.1,38.66,94.76,boleto,1.0,12.0,-33.0,0.0
647828138,d7db08dbc78c01587c1da8ce08e6269c,1.0,1772509365,2526671249,1751079328,2018-07-24,delivered,139.9,12.0,151.9,credit_card,2.0,1.0,-6.0,0.0
2542582967,b2c44ea2cec62e4994c10e8e84c266c5,1.0,152480161,3001102082,3147574442,2018-07-18,delivered,149.0,44.84,193.84,boleto,1.0,5.0,-16.0,0.0
1591559830,761504d99664606c4c83458bc89144a2,1.0,3957338165,3564610888,3861952746,2018-07-07,delivered,399.0,17.86,416.86,credit_card,8.0,5.0,-26.0,0.0
3458062860,5e7b379aa81e0e21c5894e1f71cb45d6,1.0,2078001910,914900306,2304947736,2018-08-16,delivered,59.0,19.32,78.32,boleto,1.0,12.0,-30.0,0.0
4186055067,8cb4af66a9f35f0578f7fe7f325bb06b,1.0,3953195186,465919497,2515002393,2018-08-08,delivered,32.99,7.49,40.48,credit_card,1.0,2.0,-6.0,0.0
1540018115,0fa9912ed473d9281b394bb3f562cfba,1.0,2068014494,3734222681,4193115790,2018-08-20,delivered,42.2,9.05,51.25,boleto,1.0,2.0,-4.0,0.0
740538746,81710e0039b0dcda11c1f114e3dda5cf,1.0,3079503145,592096461,2304947736,2018-08-22,delivered,77.0,13.2,90.2,credit_card,4.0,5.0,-30.0,0.0
194121993,dd76a5f4fd89348d27741160d6025fc8,1.0,2468794498,3087967338,2977093912,2018-08-08,delivered,39.99,9.03,49.02,boleto,1.0,2.0,-3.0,0.0
1127707390,e10c080e6f7f8136087836cadcd26199,1.0,645960518,2639364902,447945570,2018-08-02,delivered,49.9,28.83,78.73,credit_card,3.0,39.0,18.0,1.0
933071642,8c6a8f98b933ff47c7aa8404079d9136,1.0,321819286,1911077310,1813314038,2018-08-21,delivered,19.9,18.96,33.37198412698413,credit_card,3.0,3.0,-10.0,0.0
2037564583,8c6a8f98b933ff47c7aa8404079d9136,2.0,321819286,4208494697,1813314038,2018-08-21,delivered,17.9,6.63,30.018015873015877,credit_card,3.0,3.0,-10.0,0.0
2072732532,a56858987ef5c87519d953a5b32ba118,1.0,2150928821,424457172,2262232400,2018-08-02,delivered,59.0,9.16,68.16,boleto,1.0,5.0,-2.0,0.0
686578588,1bb2f9c66f255ce7f266291901ba9c26,1.0,2269274436,1118275504,3422743060,2018-07-28,delivered,45.0,19.51,64.51,credit_card,1.0,5.0,-11.0,0.0
2822817467,4e6998b16cea0eaa364e4e20c31ea5a5,1.0,2512431406,3159410649,3366215599,2018-08-12,delivered,129.9,43.71,173.61,credit_card,1.0,11.0,-5.0,0.0
1160734910,544d402a31face804470974fc7f191e9,1.0,966312572,2240779139,2533375300,2018-07-19,delivered,19.9,13.48,33.38,credit_card,1.0,5.0,-16.0,0.0
1432187560,acbd43df296646b7b242d1e25b18a646,1.0,1685833075,1602446502,1818920967,2018-07-25,delivered,140.0,22.54,169.11572700296733,boleto,1.0,11.0,-15.0,0.0
3998132400,acbd43df296646b7b242d1e25b18a646,2.0,1685833075,1316573888,4194263931,2018-07-25,delivered,95.9,26.52,115.84427299703265,boleto,1.0,11.0,-15.0,0.0
858919865,71c22e96648b3b4f4c78e6e4de6bdc0a,1.0,1580136826,1543487601,934960704,2018-08-12,delivered,145.49,18.82,164.31,credit_card,1.0,4.0,-7.0,0.0
183268672,200e97c3760ae66937859b03653ccabd,1.0,2424113998,428405373,47085388,2018-08-22,delivered,40.0,15.38,55.38,boleto,1.0,5.0,-8.0,0.0
1526635170,c516efeee3182f8b1ea4a7e8a91da163,1.0,1468134169,3615026097,1054122065,2018-08-22,delivered,39.0,13.61,52.61,boleto,1.0,8.0,-6.0,0.0
1742410028,4d11452ff6c06fef98b89c5f6512ef51,1.0,2126081635,1748980900,1598100031,2018-08-24,delivered,112.99,15.18,128.17,credit_card,12.0,3.0,-4.0,0.0
782124461,6066c3889ab8affd2c01906b2d3b943c,1.0,1412811519,2153089455,1483576617,2018-07-09,delivered,194.0,24.51,218.51,credit_card,1.0,14.0,-9.0,0.0
3656046608,da6723418eaa03813473e0e15a72e425,1.0,338798838,2319260639,3626123686,2018-08-11,delivered,36.9,15.36,52.26,credit_card,3.0,8.0,-2.0,0.0
2860795595,1e849e4a2805bfa9c4db43379e52d046,1.0,1109936747,3353188781,915215172,2018-07-23,delivered,120.0,17.03,137.03,credit_card,1.0,7.0,-11.0,0.0
3248033308,c41800e56afef4cea003d192653b8c8e,1.0,1421188558,4091113039,581044507,2018-08-11,delivered,157.0,19.2,176.2,credit_card,1.0,10.0,-19.0,0.0
3155967706,27eefac938270184a597acd3c44344ca,1.0,1810990011,1988531760,1728046229,2018-08-02,delivered,45.0,18.42,63.42,credit_card,3.0,6.0,-8.0,0.0
1563343340,06bd4e8d281ae8780eadabe2f8886368,1.0,961269204,4103312862,1279646700,2018-08-15,delivered,99.0,18.79,117.79,credit_card,1.0,6.0,-10.0,0.0
1056687090,ba45595538a13176b4850483d5f787e3,1.0,442425828,4249276860,1550185782,2018-07-30,delivered,95.99,23.47,119.46,voucher,1.0,8.0,-2.0,0.0
1298049604,261bdcab01e8f8ebcf82abf1c64d9501,1.0,3345969068,4276064104,1167975112,2018-08-20,delivered,185.0,18.23,203.23,boleto,1.0,7.0,-9.0,0.0
1219485811,77f5d4e674acb013c60cb6ad00830cea,1.0,1350102551,691575697,1026558515,2018-08-13,delivered,309.9,39.29,349.19,credit_card,2.0,10.0,-17.0,0.0
3773505191,c713f1fadf9be09f8f37e21eddce6a3f,1.0,440370223,2648057459,1615213775,2018-08-16,delivered,69.99,14.8,84.79,debit_card,1.0,8.0,-7.0,0.0
1976757195,c713f1fadf9be09f8f37e21eddce6a3f,2.0,440370223,2648057459,1615213775,2018-08-16,delivered,69.99,14.8,84.79,debit_card,1.0,8.0,-7.0,0.0
1081917338,9b27acea1ceeaf0e2c4409066b85c93d,1.0,2761607631,230608398,1919968767,2018-07-26,delivered,110.32,8.03,118.35,credit_card,5.0,5.0,-7.0,0.0
1421100736,7d6e61d9e5cbe64880924d4b7c366cd8,1.0,1027735072,3689882842,1125369443,2018-08-06,delivered,59.9,15.52,75.42,credit_card,1.0,9.0,-13.0,0.0
2452189196,3ff74df75d244d7b291dc5a16004b2f0,1.0,2510869813,3650793473,4125702247,2018-07-04,delivered,124.85,14.21,139.06,boleto,1.0,7.0,-27.0,0.0
3030283097,d4f373442b0a496652c35a6138a6bdcb,1.0,3554365822,3146323842,2395155220,2018-07-22,delivered,228.0,52.32,280.32,credit_card,1.0,10.0,-15.0,0.0
656584295,bc2130ff9dfd738fb36f7f0e8cee8f0c,1.0,3801728173,1861462896,1464160362,2018-07-17,shipped,130.0,18.68,148.68,credit_card,3.0,,,
3987201709,b6276d65b997fa8398537cac9f42c55e,1.0,675660327,98179416,2533375300,2018-07-01,delivered,24.9,13.51,38.41,credit_card,3.0,9.0,-27.0,0.0
1501076977,c40ece9c7721bdfa00fd606bbe7b8464,1.0,3887825547,2807106037,2339751197,2018-07-02,delivered,127.26,27.19,154.45,credit_card,6.0,8.0,-13.0,0.0
3330969810,9fbe7e5fb8d03b367b8a3b7b995ce6ca,1.0,4158644704,1159501270,1868809992,2018-07-22,delivered,150.0,16.35,166.35,credit_card,1.0,3.0,-9.0,0.0
2155523888,03d61f050de69049f4153f164c6f78b5,1.0,1579451162,4040454856,1433589919,2018-07-12,delivered,276.99,14.6,291.59,credit_card,4.0,12.0,-7.0,0.0
1986497850,6f22dfc6908427b839369dd36662e575,1.0,2753315032,640643894,1576479322,2018-08-20,delivered,128.59,28.42,156.53088306127907,credit_card,5.0,8.0,-16.0,0.0
1619772642,6f22dfc6908427b839369dd36662e575,2.0,2753315032,3070741138,261066546,2018-08-20,delivered,133.0,28.42,161.89911693872088,credit_card,5.0,8.0,-16.0,0.0
1779501738,7fc163ae2a200d57c1118812221bcf8e,1.0,1332262332,2429626972,492848926,2018-07-31,delivered,29.99,8.96,38.95,credit_card,3.0,9.0,0.0,0.0
2182046997,3dd5f3e88e755bfddd878c1be9903b4c,1.0,2191577522,4294399807,2308685613,2018-08-16,delivered,80.9,18.67,99.57,credit_card,2.0,4.0,-15.0,0.0
1562596972,d40f37941fe5d7cc0ee5bf4180ae9f3d,1.0,2055911874,685081976,1867257412,2018-07-05,delivered,93.99,11.68,105.67,credit_card,1.0,7.0,-7.0,0.0
246400256,32b1d3f7e7a0149ea3c10792131839d5,1.0,2293907944,3171793567,1615213775,2018-07-19,delivered,62.0,23.23,85.23,boleto,1.0,6.0,-12.0,0.0
3197254347,d08257023bba46fdf7e3cfcccac606b8,1.0,2539455704,3411311278,2348587334,2018-07-24,delivered,42.9,18.1,61.0,credit_card,1.0,6.0,-27.0,0.0
537493767,d08257023bba46fdf7e3cfcccac606b8,2.0,2539455704,3411311278,2348587334,2018-07-24,delivered,42.9,18.1,61.0,credit_card,1.0,6.0,-27.0,0.0
3034323347,308163f9666c3f335e92b0f0f61554ed,1.0,770976087,3705372223,3432362927,2018-07-12,delivered,20.0,18.24,38.24,boleto,1.0,19.0,0.0,0.0
902799119,433a9459ece4c6083b2aa89b2480a1a8,1.0,1804572791,1776620515,2475905934,2018-07-31,delivered,69.99,11.51,81.5,boleto,1.0,12.0,5.0,1.0
3282365918,2e8080693faebedb3ba68531167c6313,1.0,4236749864,1867419074,407461500,2018-07-14,delivered,147.9,16.14,164.04,credit_card,1.0,9.0,-11.0,0.0
3015449859,41f619c5b2e315db16368518f5fd3405,1.0,2549634102,2687995351,1202653486,2018-07-18,delivered,29.0,15.3,44.3,credit_card,1.0,5.0,-15.0,0.0
3858964772,b8eddc75e14deb94310c124b0458c626,1.0,4288570478,2911624243,2304947736,2018-07-02,delivered,69.0,7.74,76.74,credit_card,6.0,2.0,-12.0,0.0
3413627281,6b7c51889439d1226b105ac94db9688d,1.0,1361219689,174750780,523493826,2018-07-08,delivered,122.99,30.11,153.1,credit_card,6.0,14.0,-8.0,0.0
235522895,7a0256c1bbed2e05c3c312f6b89aba71,1.0,1976467383,1221457373,935749508,2018-08-11,delivered,56.99,19.59,76.58,credit_card,1.0,6.0,-6.0,0.0
1765639740,6c37a73c622940bb9dee7b76f6d4058d,1.0,1337085094,1450330713,1919968767,2018-07-17,delivered,110.32,17.7,128.02,debit_card,1.0,15.0,-6.0,0.0
3551892369,d9b4f2ffa6ecd7c3ba59f13458e3ebb2,1.0,3680106201,3410815834,2720368889,2018-07-08,delivered,514.0,29.9,543.9,credit_card,1.0,11.0,-12.0,0.0
3916129248,9b1d5acce1c77a5da1b65b436cc68c7e,1.0,3844672726,558538250,2395580491,2018-07-22,delivered,254.0,20.69,274.69,credit_card,5.0,11.0,-14.0,0.0
4211519841,a8100cbab69c8afb050a57b02ab6f73d,1.0,1590973996,3562278522,1113142257,2018-08-01,delivered,799.0,158.42,957.42,boleto,1.0,8.0,-4.0,0.0
1072166730,aa6344864a8ba3918bc0bee0a9b0fbc3,1.0,2864558677,1458575128,725155637,2018-07-11,delivered,399.0,104.0,503.0,credit_card,10.0,12.0,-8.0,0.0
4196601429,af3825173c835f6748e0dfbbfa344d32,1.0,3431214891,1446144712,2699454662,2018-07-20,delivered,105.0,30.82,135.82,credit_card,2.0,6.0,-10.0,0.0
4169638669,8733c8d440c173e524d2fab8025063f4,1.0,2042317074,393519900,2053848117,2018-08-05,shipped,149.99,16.35,166.34,credit_card,2.0,,,
3337577766,71ae442d46d1764c665ba4c9e3073864,1.0,1885328287,2254554039,4194263931,2018-08-06,delivered,125.0,14.22,139.22,boleto,1.0,18.0,4.0,1.0
3374770410,a2ae845d7d4ef0baf31d017fe7979483,1.0,545494618,2395716183,2851853482,2018-08-21,delivered,86.99,18.38,105.37,credit_card,1.0,3.0,-3.0,0.0
3103636266,07bcb0695fd4e3121e2fae21fbef3d28,1.0,1348003065,2186520705,2629826490,2018-07-25,delivered,125.9,16.19,142.09,credit_card,5.0,9.0,-11.0,0.0
2906734026,9eb075cc33882ff5997d289a55aab488,1.0,2828264411,1482414782,1379301944,2018-07-28,delivered,175.0,23.16,198.16,credit_card,1.0,19.0,-7.0,0.0
3980276991,8803154001f5f8c27c7a8854ff1832d3,1.0,2711888806,2942794295,2200182065,2018-07-28,delivered,119.0,17.96,136.96,credit_card,3.0,10.0,-9.0,0.0
3299800169,70f565643fc6912f8cd3a42456be82a2,1.0,3384361123,2718103869,3539512176,2018-07-25,delivered,189.0,16.42,205.42,credit_card,3.0,3.0,-16.0,0.0
2674283041,58274272cfde0e71c0ee61eaee5a60e1,1.0,2159194231,774870517,3179495650,2018-08-14,delivered,125.0,8.14,133.14,credit_card,3.0,13.0,5.0,1.0
2376931953,2b4509bf2ed25bb2181a5279f8a4123a,1.0,2387109579,652366824,1696683105,2018-08-15,delivered,55.93,17.32,73.25,credit_card,1.0,8.0,-26.0,0.0
1042294908,96ad8ef0669dc53c0830b44376e975f5,1.0,8978863,2354555397,2812297156,2018-07-01,delivered,16.0,18.23,34.23,credit_card,3.0,9.0,-15.0,0.0
2073984222,c0aa7b8e7596f25711073d95e0dbbec5,1.0,771703162,1379160795,2627125470,2018-08-18,delivered,229.99,18.36,248.35,credit_card,8.0,5.0,-19.0,0.0
833487162,5d681b5588723aa46f699b097a563a60,1.0,4261074817,2822154722,2023461531,2018-07-01,delivered,9.99,7.39,17.38,credit_card,1.0,3.0,-12.0,0.0
395948722,6396a9281831158e4cdc8eb76ac7601a,1.0,2452076960,558538250,2395580491,2018-07-20,delivered,254.0,16.88,270.88,credit_card,2.0,10.0,-10.0,0.0
97291186,847ccc5f89e0b4539959c0d02d548b88,1.0,1637246612,349322621,2673328478,2018-07-31,delivered,35.0,8.41,43.41,credit_card,1.0,2.0,-4.0,0.0
2930119219,a7224f3edaeba1830d4f98b1df4bbbf7,1.0,4221660493,2323768122,1503904388,2018-07-09,delivered,18.95,13.47,32.42,credit_card,2.0,15.0,-12.0,0.0
3092631576,df5cc31d446df3719dde958e4f9dd5dc,1.0,2396828189,443332209,2947136883,2018-08-04,delivered,59.8,27.37,87.17,credit_card,3.0,10.0,-13.0,0.0
2067926925,87466e583daa1445bfc03e595265cdcb,1.0,5615140,2660076226,492848926,2018-08-01,delivered,49.99,12.65,62.64,credit_card,1.0,14.0,7.0,1.0
4026698272,302a24de3b0c53d916a333a0ad6dce5f,1.0,236954315,2587126478,3993202426,2018-07-04,delivered,36.0,18.05,54.05,credit_card,1.0,7.0,-16.0,0.0
14296940,2c039eca196d1a548fd739e82713a1b1,1.0,1688013345,2978412213,2979217487,2018-08-19,delivered,47.5,26.96,60.53409669211195,credit_card,8.0,4.0,-8.0,0.0
353776039,2c039eca196d1a548fd739e82713a1b1,2.0,1688013345,2548175269,3147574442,2018-08-19,delivered,149.0,26.96,189.88590330788804,credit_card,8.0,4.0,-8.0,0.0
3136345581,93cb3576b5e361f46b9a9f1720a3eb06,1.0,4029651647,210784398,2511118077,2018-08-03,delivered,29.0,8.95,37.95,credit_card,1.0,4.0,-2.0,0.0
2530721092,7cb6e4af5a197f3923e8c8358ca71f0a,1.0,3813897449,2802723402,710830421,2018-07-12,delivered,365.93,33.95,399.88,boleto,1.0,15.0,0.0,0.0
1755228026,3891ed2dfed1d43066ed7d9f188ad89e,1.0,2181571802,3544217573,2304947736,2018-07-18,delivered,199.0,20.3,219.3,credit_card,4.0,12.0,-9.0,0.0
1212778940,21d83e75dc0edc8c7aa58b4370a3518a,1.0,166517509,2599520725,1996189231,2018-07-23,delivered,21.99,12.81,34.8,boleto,1.0,7.0,-9.0,0.0
1715703607,21d83e75dc0edc8c7aa58b4370a3518a,2.0,166517509,243490953,1996189231,2018-07-23,delivered,21.99,12.81,34.8,boleto,1.0,7.0,-9.0,0.0
1056632419,84f58fa486ce5cc8fcc701d211e80749,1.0,3970486481,2112922205,353620887,2018-07-16,delivered,429.9,41.52,471.42,boleto,1.0,14.0,-10.0,0.0
712075884,9b015744ffb8748e8888aa87144186a1,1.0,3432023340,703681467,581044507,2018-07-02,delivered,370.0,20.69,390.69,credit_card,2.0,7.0,-17.0,0.0
2650508718,330e3148093b448657312bcab034f769,1.0,3903025601,1150114816,1716536501,2018-08-09,delivered,48.9,19.53,68.43,credit_card,1.0,11.0,-1.0,0.0
422097361,27a9505321037616d2e112a11760adcd,1.0,1060036170,592096461,2304947736,2018-08-15,delivered,78.0,7.81,85.81,credit_card,2.0,2.0,-3.0,0.0
1861798567,b8b61059626efa996a60be9bb9320e10,1.0,2485573458,2258759750,1220942844,2018-08-07,delivered,349.0,20.54,0.0,unknown,0.0,13.0,-3.0,0.0
393979633,3e01fe3c29238179f003bf1c3445bc34,1.0,1792069089,3569719807,3147574442,2018-07-28,delivered,149.0,24.26,173.26,credit_card,5.0,5.0,-14.0,0.0
3325476464,c557d8e5e437bc8ab2f3240b65a97e27,1.0,1984683797,2952777915,581044507,2018-08-18,delivered,146.01,13.68,159.69,credit_card,6.0,11.0,-5.0,0.0
941314235,8612cf18484bb0bfb9d98a7e1ed2766d,1.0,3242775853,441397869,3514986460,2018-07-04,delivered,229.99,43.89,273.88,credit_card,3.0,6.0,-29.0,0.0
4064715062,3eae7531a136877d61e1aaea2684fcea,1.0,1734992273,1819643303,1868809992,2018-07-01,delivered,78.0,41.53,119.53,credit_card,5.0,11.0,-14.0,0.0
3740089556,3eae7531a136877d61e1aaea2684fcea,2.0,1734992273,1819643303,1868809992,2018-07-01,delivered,78.0,41.53,119.53,credit_card,5.0,11.0,-14.0,0.0
2358048513,3eae7531a136877d61e1aaea2684fcea,3.0,1734992273,1819643303,1868809992,2018-07-01,delivered,78.0,41.53,119.53,credit_card,5.0,11.0,-14.0,0.0
3148483531,168181560f9cbee863926c0d0957c56a,1.0,87608029,535537500,1433589919,2018-07-27,delivered,112.99,27.77,140.76,credit_card,1.0,12.0,-19.0,0.0
2715500158,0c51a7661156c6f9ae61b33610dca175,1.0,1463788049,767180015,1919968767,2018-08-26,delivered,110.32,8.03,118.35,credit_card,3.0,3.0,-6.0,0.0
4068505628,b17b0e273b31b9bdc4c86d55ce1f2b87,1.0,1210710552,4151650396,1361108180,2018-07-25,delivered,40.0,13.62,53.62,boleto,1.0,6.0,-7.0,0.0
107974915,8c3a8d8a16234d5aac3979fb63733778,1.0,2261903307,3088472359,3131976384,2018-08-16,delivered,69.9,19.68,89.58,credit_card,4.0,11.0,0.0,0.0
2222868919,51c7735438088dc983751f683f652995,1.0,3175466672,2992823587,1914769873,2018-08-22,delivered,126.49,22.19,148.68,credit_card,2.0,5.0,-8.0,0.0
2108016181,917fa92d0e4a7a2297aa28d79a35b64d,1.0,1467719934,3911641092,2173695781,2018-08-07,delivered,119.99,44.64,164.63,credit_card,1.0,6.0,-7.0,0.0
4262339532,4f4da9932bc77a525ca672e3b1b232f6,1.0,2852858834,3937746431,1412266807,2018-07-29,delivered,46.9,19.52,66.42,credit_card,1.0,4.0,-19.0,0.0
2844503110,a7e683a499b23ba394f360777a480a43,1.0,1819259118,1902131736,2622583364,2018-07-28,delivered,96.0,13.33,109.33,credit_card,1.0,6.0,-10.0,0.0
2402401000,631bf0797fc3480d6eae9757b0c816b4,1.0,3961511204,3963261212,3409349931,2018-08-16,delivered,498.9,29.79,528.69,credit_card,10.0,10.0,-8.0,0.0
3072346257,c7c1820a74542b67b30b740697e55d01,1.0,4079271860,4081015769,2304947736,2018-08-15,delivered,44.0,12.97,56.97,boleto,1.0,8.0,-4.0,0.0
1681206567,232ac1c81c6a84fd76f9653b248b5d92,1.0,2517808598,2495297606,2622583364,2018-07-26,delivered,288.0,20.12,308.12,credit_card,4.0,11.0,-10.0,0.0
4059362494,361153d26935f66999c5164b09c19710,1.0,2562324883,3975056712,2304947736,2018-08-10,delivered,49.0,15.44,0.0,unknown,0.0,5.0,-4.0,0.0
2289569139,23640e7307c51b05dd5ce3b34dbce5b7,1.0,518114252,592096461,2304947736,2018-08-16,delivered,78.0,7.81,85.81,credit_card,8.0,1.0,-5.0,0.0
166302678,266db02796689abfdcdec737742b6c8a,1.0,508751433,854615334,1235607158,2018-08-23,delivered,69.9,18.59,88.49,boleto,1.0,7.0,-6.0,0.0
328247137,bcdab55f44bb436dc1b014c0cd004cf8,1.0,4133768175,2982465350,1615213775,2018-08-13,delivered,66.55,14.78,81.33,credit_card,5.0,8.0,-6.0,0.0
3803912751,21f2dc64dc574bc823e5c05420267860,1.0,3798623506,853499351,1873747380,2018-07-23,delivered,138.0,26.34,164.34,credit_card,4.0,7.0,-8.0,0.0
2887804796,8c552a81cd185f54e557a0c955602a75,1.0,3222635046,2655881549,3147574442,2018-08-06,delivered,49.0,17.98,66.975,boleto,1.0,3.0,-4.0,0.0
3011262990,8c552a81cd185f54e557a0c955602a75,2.0,3222635046,1579810001,3147574442,2018-08-06,delivered,49.0,17.97,66.975,boleto,1.0,3.0,-4.0,0.0
1541938024,4f2fa4f9710bf00b09c28ac555393d2a,1.0,2274727536,1536280807,179864683,2018-07-17,delivered,49.9,18.45,68.35,credit_card,2.0,7.0,-14.0,0.0
2299343352,7ecf083716ec54fd45fc322a9ecd0e23,1.0,635722664,1710544313,926823165,2018-07-08,delivered,9.0,7.39,16.39,credit_card,1.0,2.0,-8.0,0.0
2271737885,793e4123530e5d56e9ac29206774799e,1.0,3804725357,3457846061,3883719590,2018-08-09,delivered,30.0,11.5,41.5,credit_card,4.0,7.0,-6.0,0.0
2494886347,8f9c062eb4d6a81cd9d24beeb532e0f8,1.0,3470991611,592096461,2304947736,2018-07-26,delivered,78.0,19.46,97.46,credit_card,9.0,9.0,-11.0,0.0
2336121670,1ee8f299315c112e3442b232cb9c6f3c,1.0,1777288742,2943935365,91315182,2018-08-07,delivered,135.0,23.75,158.75,credit_card,5.0,13.0,-4.0,0.0
894053993,0fc8b7fbf6a7c5ab753e2e3d0ae70d8f,1.0,564020297,3700929017,737969628,2018-08-05,delivered,99.9,15.01,114.91,credit_card,6.0,8.0,-2.0,0.0
4073771713,a0257c63797f7dfa662f7c6fa6af1cc3,1.0,3478253333,1342499841,1480205621,2018-07-20,delivered,198.9,19.49,218.39,boleto,1.0,6.0,-12.0,0.0
669387163,798a8105c87bcc1f35bc710d5b31278f,1.0,3457244198,3669453723,2274414976,2018-07-17,delivered,141.0,27.29,168.29,credit_card,4.0,7.0,-8.0,0.0
3725395392,dcb668b21e7c36224624fc4b4ddbf0fd,1.0,3761310463,2201045556,817387091,2018-08-15,delivered,55.9,14.7,70.6,credit_card,7.0,5.0,-8.0,0.0
2774055098,7327c30a5230ce07bc2c7a695d553a00,1.0,2899566486,2146258474,1614044695,2018-08-17,delivered,24.99,15.28,40.27,credit_card,4.0,6.0,-12.0,0.0
719232682,3227045c7007663566ae3d19aed8cca7,1.0,9822899,3783005248,1379301944,2018-07-28,delivered,97.0,13.78,110.78,credit_card,2.0,6.0,-3.0,0.0
2881209427,1751f4e14a08d5188324c3a04175f76f,1.0,4014736380,3975056712,2304947736,2018-07-19,delivered,49.0,12.13,71.76773794808405,credit_card,1.0,8.0,-28.0,0.0
2730875675,1751f4e14a08d5188324c3a04175f76f,2.0,4014736380,4055319527,184460487,2018-07-19,delivered,31.9,25.46,46.72226205191594,credit_card,1.0,8.0,-28.0,0.0
2445486227,a2b3e75e2e444a9ce134788d66d5dec1,1.0,1040004935,3652401173,3919369145,2018-08-16,delivered,42.99,19.49,62.48,credit_card,1.0,5.0,-9.0,0.0
3409766506,cfac0d6ffa23400c25da017e69a17370,1.0,326467085,3627244943,1993625437,2018-07-20,delivered,98.9,23.45,122.35,credit_card,6.0,4.0,-10.0,0.0
3223246383,5eb48a486860d85108f3e9b4276445b9,1.0,3478991945,3309128953,797873474,2018-08-19,delivered,46.9,8.49,55.39,voucher,1.0,3.0,-6.0,0.0
4193901185,2657524b4f269657a166535a1cb3fc3f,1.0,713886673,899374169,3845613896,2018-07-20,delivered,84.99,8.76,93.75,credit_card,1.0,1.0,-9.0,0.0
1241111542,813a1385b04dcbffe8f58fce8a32bd51,1.0,4274556619,2853600153,817387091,2018-07-30,delivered,66.9,23.27,90.17,boleto,1.0,5.0,-10.0,0.0
1467844338,9e5ad464d579c1593e82dee8ffaf05f9,1.0,2064845914,723555787,538933513,2018-08-02,delivered,49.99,18.5,68.49,credit_card,1.0,18.0,-7.0,0.0
913634756,9e5ad464d579c1593e82dee8ffaf05f9,2.0,2064845914,723555787,538933513,2018-08-02,delivered,49.99,18.5,68.49,credit_card,1.0,18.0,-7.0,0.0
3990026643,5665e01f621cbdf9ff6883af3cb818e6,1.0,2737486546,778945634,1379301944,2018-08-08,delivered,69.6,18.59,88.19,credit_card,1.0,6.0,-9.0,0.0
4181128809,5ce6115708c300fbcc79f7886d0163ec,1.0,2542735293,1802206990,1925879045,2018-08-10,delivered,49.9,16.54,66.44,credit_card,1.0,7.0,-11.0,0.0
2418972140,5ce6115708c300fbcc79f7886d0163ec,2.0,2542735293,1802206990,1925879045,2018-08-10,delivered,49.9,16.54,66.44,credit_card,1.0,7.0,-11.0,0.0
2897170686,a41222506c789f70f25201004288819a,1.0,1869567375,1822286319,1868809992,2018-07-24,delivered,105.0,22.04,127.04,credit_card,2.0,6.0,-25.0,0.0
1101597704,032b42b17fe9daa676ba9447f3dbbd0a,1.0,3008730673,2243615648,2845521358,2018-08-06,delivered,49.0,13.0,62.0,credit_card,2.0,9.0,3.0,1.0
4292525567,19eccdbcd24b02d1dd3953f04ed7699a,1.0,1229646032,793791739,4194263931,2018-08-01,delivered,65.0,13.8,78.8,credit_card,4.0,19.0,-3.0,0.0
1210165101,c9df12344ba358f97f2ee696709f2415,1.0,4142052363,2542587666,2526411072,2018-08-06,delivered,38.0,18.37,56.37,credit_card,2.0,9.0,-1.0,0.0
3753155714,935c71d5c924d23711a40367cb43913c,1.0,1830488598,452056838,2433711167,2018-08-08,delivered,79.9,37.47,117.37,credit_card,6.0,7.0,-14.0,0.0
433462874,6c2208178d59f2c0518261028373f5fd,1.0,4207845152,3109190183,2836150517,2018-07-31,delivered,319.0,13.25,332.25,credit_card,8.0,4.0,1.0,1.0
33430091,b25e83776a0bf6440214b6258416e4e1,1.0,4109499433,2554574368,1576479322,2018-07-26,delivered,15.99,18.23,34.22,credit_card,3.0,11.0,-9.0,0.0
3158044772,2996b875517e6da5784bfd2ad30e41f3,1.0,1610511117,586035157,501439047,2018-07-18,delivered,509.99,47.37,557.36,credit_card,2.0,6.0,-22.0,0.0
896492326,de27f484a71645943ecc7e3d7f7af5a8,1.0,4171346543,3019985644,1755005248,2018-07-28,delivered,79.9,23.36,103.26,boleto,1.0,6.0,-7.0,0.0
2543548674,38d4786d1c7b6dae14470fdfb8616bb0,1.0,1333603672,872366960,1622092360,2018-08-01,delivered,189.0,23.6,212.6,voucher,1.0,8.0,-12.0,0.0
2238666121,5ff137f6691adb19932f45cced2cdc80,1.0,1363317564,1629797676,1579174796,2018-07-17,delivered,78.99,17.68,96.67,boleto,1.0,5.0,-8.0,0.0
176114113,6d888f8abd52d2a117f3d9844510d2d2,1.0,307753489,2904568014,520545560,2018-07-23,delivered,24.5,22.1,46.6,boleto,1.0,9.0,-16.0,0.0
3616369042,a0f26edb69d57d6b0624f0ebef947c79,1.0,4261260563,4195285289,123833255,2018-07-03,delivered,390.0,24.03,414.03,credit_card,6.0,6.0,-14.0,0.0
2157276494,4154bf1348caac78152fe76e3e9c4af8,1.0,684120615,1238969755,1708587030,2018-08-23,delivered,149.9,15.36,150.27,credit_card,3.0,6.0,-1.0,0.0
2426337596,2246b00cedc24cbba0af186b95a3e885,1.0,1285248039,4256177069,1868809992,2018-07-21,delivered,230.0,13.42,251.70126522961573,credit_card,1.0,5.0,-8.0,0.0
3225224489,2246b00cedc24cbba0af186b95a3e885,2.0,1285248039,2368046688,1868809992,2018-07-21,delivered,196.8,26.85,215.36873477038424,credit_card,1.0,5.0,-8.0,0.0
2685907168,be80ccb8f620862ee6fec40409d35aee,1.0,685201572,2507705351,1025327516,2018-08-01,delivered,28.0,12.86,40.86,credit_card,4.0,7.0,-12.0,0.0
1094323706,188804952924592ac0678c7ab1b42860,1.0,1686315723,1102247233,2845521358,2018-08-12,delivered,59.99,37.33,97.32,credit_card,3.0,17.0,-18.0,0.0
4084590571,6dc8b8f970d5256ebe88e075c1428321,1.0,2489786861,174750780,523493826,2018-08-04,delivered,122.99,20.05,143.04,credit_card,1.0,9.0,-22.0,0.0
361591625,068d6b1cc2388cb0c5dcff8815760818,1.0,3312631824,4267964557,925912501,2018-07-16,delivered,15.9,15.23,31.13,boleto,1.0,9.0,-7.0,0.0
2794353461,3fcbf2059f4b76ed137fb591f6e826b4,1.0,2011213592,1974849964,3533011879,2018-08-16,delivered,124.9,15.97,140.87,credit_card,7.0,12.0,-2.0,0.0
4019052335,94534dca4b70b22116250b471102602e,1.0,3393212618,4256177069,1868809992,2018-08-06,delivered,230.0,49.98,279.98,credit_card,1.0,15.0,-8.0,0.0
4088480293,67fc5f606ae3826fe2e204222407f87d,1.0,86006109,2466355469,523493826,2018-08-16,delivered,66.99,27.75,94.74,boleto,1.0,8.0,-18.0,0.0
3802442858,275b46c1b462043f24768a0b168bc654,1.0,87703321,3645601649,1856359935,2018-07-24,delivered,15.0,7.39,22.39,debit_card,1.0,6.0,-10.0,0.0
525647732,b21e3162e757bdf451e3aead9be19148,1.0,3104274080,2261512704,2520348686,2018-08-20,delivered,90.0,26.93,116.93,credit_card,1.0,10.0,-14.0,0.0
19201467,d5d94fa0d1e2f561eb38c08dd582cad8,1.0,3390010935,480170431,3594307950,2018-07-05,delivered,129.9,57.68,187.58,credit_card,1.0,6.0,-23.0,0.0
2891700400,d5d94fa0d1e2f561eb38c08dd582cad8,2.0,3390010935,480170431,3594307950,2018-07-05,delivered,129.9,57.68,187.58,credit_card,1.0,6.0,-23.0,0.0
377122690,e2cdd25091607dcc893bb86f3ce52b26,1.0,2418932954,1034035201,3709711830,2018-08-18,delivered,131.0,56.27,187.27,voucher,1.0,6.0,-11.0,0.0
2706763041,71a9b0571a7e3a1094faefdd6be2a999,1.0,767509759,235351118,4098697262,2018-08-23,delivered,31.5,19.41,50.91,credit_card,1.0,6.0,-22.0,0.0
3762861124,71a9b0571a7e3a1094faefdd6be2a999,2.0,767509759,235351118,4098697262,2018-08-23,delivered,31.5,19.41,50.91,credit_card,1.0,6.0,-22.0,0.0
2457486939,7a3bdd1ce4ff0098b32fe17565739815,1.0,1432448462,4001993098,3402013889,2018-08-13,delivered,29.15,7.46,0.0,unknown,0.0,1.0,-6.0,0.0
520192367,7a3bdd1ce4ff0098b32fe17565739815,2.0,1432448462,4001993098,3402013889,2018-08-13,delivered,29.15,7.46,0.0,unknown,0.0,1.0,-6.0,0.0
204476203,77695976859e3c3e692c5a5bc670f31b,1.0,3049085977,1434986325,3466443720,2018-08-06,delivered,44.9,19.5,64.4,boleto,1.0,8.0,-7.0,0.0
1558686659,1103c4be46dcfaefc2a3b79d3ef6c866,1.0,2295649251,518702572,2066293060,2018-08-20,delivered,139.9,19.08,158.98,boleto,1.0,9.0,-12.0,0.0
452303750,652dd239023471248957a1a2d5173b60,1.0,378900272,2036129729,261066546,2018-08-08,delivered,116.9,23.54,0.0,unknown,0.0,8.0,-11.0,0.0
3219525621,8b75c1d5d99e30c53acf26bdfd1f29bc,1.0,2729324854,3098491276,2636346249,2018-08-06,delivered,24.99,7.44,32.43,credit_card,2.0,8.0,2.0,1.0
1350393006,6a0633b045fa76bef36ac14dd4a3f165,1.0,1674577829,2530553445,123833255,2018-07-03,delivered,170.0,19.34,189.34,credit_card,8.0,8.0,-14.0,0.0
1918675165,6a0633b045fa76bef36ac14dd4a3f165,2.0,1674577829,2530553445,123833255,2018-07-03,delivered,170.0,19.34,189.34,credit_card,8.0,8.0,-14.0,0.0
4063335986,659abef602b62c08e71dbc6892a5cffd,1.0,1735454722,2413621728,2250123381,2018-08-08,delivered,75.0,13.19,88.19,boleto,1.0,8.0,-6.0,0.0
3635352878,1c11733dbdd5bd01b44d43c1ea15d09c,1.0,1672531693,3470453841,2880307388,2018-07-25,delivered,79.9,19.75,0.0,unknown,0.0,19.0,-7.0,0.0
1630694760,c60af7792f63f898ffc28eb10cd9d19a,1.0,3561109377,2128215339,1628249471,2018-08-17,delivered,50.75,7.62,58.37,credit_card,2.0,1.0,-10.0,0.0
42415629,b7f65fc3d720a073a8fdc62a1266d5c5,1.0,2889071114,1883780793,3839148968,2018-07-28,delivered,269.0,21.16,290.16,credit_card,10.0,3.0,-13.0,0.0
2285119603,443f3ab34f06d2d9124cd153812b4ba6,1.0,1350035490,4142540263,3909645171,2018-07-01,delivered,34.9,12.9,47.8,credit_card,2.0,4.0,-15.0,0.0
2802252567,443f3ab34f06d2d9124cd153812b4ba6,2.0,1350035490,3858831779,3909645171,2018-07-01,delivered,34.9,12.9,47.8,credit_card,2.0,4.0,-15.0,0.0
3882449697,c4ae694131c2e15bee056c466f77f994,1.0,3520960540,2389691661,2788104624,2018-08-20,delivered,71.6,11.52,83.12,credit_card,8.0,3.0,-6.0,0.0
3099550137,d77815db97cd5ae5aa8e95e8e6404808,1.0,2236032221,1929223807,4055463965,2018-07-19,delivered,39.12,15.37,54.49,credit_card,1.0,10.0,-25.0,0.0
1431492237,0f71c6da7b8d96627eb368097e8ca4dc,1.0,3717763766,1362305464,4071751220,2018-07-26,delivered,39.9,15.38,55.28,credit_card,1.0,6.0,-9.0,0.0
2665464837,5052e182aee58daae49fec8b9caad0c9,1.0,4069413192,3203120073,2830145322,2018-08-02,delivered,140.75,59.07,199.82,credit_card,10.0,7.0,-5.0,0.0
1353076254,18655e8acc771fadb130bf3048a5589e,1.0,93479416,3435686977,523493826,2018-07-16,delivered,64.99,60.74,125.73,credit_card,3.0,25.0,0.0,0.0
116513104,02c8da4642d8bb546d022a0701ea1b5a,1.0,1072639560,3870361514,3858754978,2018-07-24,delivered,109.9,43.91,153.81,credit_card,5.0,3.0,-10.0,0.0
2162269278,2f3421276983f8f73c05e988a95991ba,1.0,359408532,2105439760,2900036235,2018-07-30,delivered,179.0,27.91,206.91,credit_card,7.0,7.0,-8.0,0.0
3646425427,717b5830932c155c67ba3232934a93c5,1.0,3683922540,1905496862,552780722,2018-07-23,delivered,140.0,19.08,159.08,credit_card,5.0,4.0,-17.0,0.0
460001622,b8cf03f4a08e3dc7eb2509ef520b20e2,1.0,1156916193,3254868854,3326062316,2018-08-22,delivered,49.9,8.7,0.0,unknown,0.0,5.0,-8.0,0.0
1457875016,b8cf03f4a08e3dc7eb2509ef520b20e2,2.0,1156916193,1931161261,1384215120,2018-08-22,delivered,19.9,8.7,0.0,unknown,0.0,5.0,-8.0,0.0
2006358286,d26fc4e0de94625d635210111725c127,1.0,1070531783,3123503704,3003602011,2018-08-03,delivered,29.99,8.37,38.36,credit_card,1.0,3.0,-4.0,0.0
1919567419,05a5446738fb49ff21e44d318df1189d,1.0,247653306,2439496471,487055631,2018-07-22,delivered,79.0,26.72,0.0,unknown,0.0,7.0,-17.0,0.0
2839727472,05a5446738fb49ff21e44d318df1189d,2.0,247653306,3383588534,2600576081,2018-07-22,delivered,89.9,35.53,0.0,unknown,0.0,7.0,-17.0,0.0
3471565344,d22c571279d3726b807c6ac4562a3479,1.0,1952921404,2208923068,3824636931,2018-07-24,delivered,480.0,18.66,498.66,credit_card,10.0,3.0,-17.0,0.0
1634976808,5be0a4b3c5edf92cb76efb03c61c2474,1.0,1575809328,718071674,1734769477,2018-08-01,delivered,29.9,7.47,37.37,credit_card,2.0,5.0,-4.0,0.0
2214638979,78b07293590a365717f33fdd61e5bf1f,1.0,3190179912,2459501899,274024788,2018-08-11,delivered,19.45,38.41,57.86,credit_card,1.0,10.0,-12.0,0.0
3572791021,b6d8b094c9a771ac0f54c664f5651a5f,1.0,3445207510,2100063958,3746284701,2018-07-02,delivered,129.9,9.25,139.15,credit_card,1.0,2.0,-26.0,0.0
3029253977,a03ac1d748cc1533566bf2c8199159d4,1.0,4210325604,4260464965,1203697143,2018-08-09,invoiced,269.9,19.99,289.89,credit_card,2.0,,,
1059134063,cc232fbf0724fb3e0289215b02b57707,1.0,4039372629,1425614791,3485175421,2018-07-26,delivered,77.9,23.35,101.25,credit_card,8.0,7.0,-22.0,0.0
2286794688,2417db4d82cff6b4bc6ad4da31cbb102,1.0,3674926624,3740871322,428684870,2018-07-13,delivered,49.9,22.28,72.18,credit_card,2.0,12.0,-13.0,0.0
4224393869,611a2fcea0dd6ddfd383514c75a6834b,1.0,1967522594,2224897909,4086780073,2018-08-12,delivered,79.0,41.53,120.53,credit_card,3.0,9.0,-21.0,0.0
45770112,c4c40026e751f9603f58fa3b332c937b,1.0,1210337170,3813647481,4055463965,2018-07-27,delivered,28.9,15.3,44.2,debit_card,1.0,10.0,-14.0,0.0
975323943,ac768e7352af801fc669b4c40278768e,1.0,784557976,2651439809,2622583364,2018-07-27,delivered,79.9,18.66,98.56,credit_card,1.0,7.0,-17.0,0.0
3237423524,d515df6c2f06c05d78204a42d3a0bd11,1.0,1989971445,2225436466,3575513113,2018-08-19,delivered,219.9,17.73,237.63,credit_card,1.0,10.0,-12.0,0.0
2640900359,d515df6c2f06c05d78204a42d3a0bd11,2.0,1989971445,2225436466,3575513113,2018-08-19,delivered,219.9,17.73,237.63,credit_card,1.0,10.0,-12.0,0.0
3555117358,d515df6c2f06c05d78204a42d3a0bd11,3.0,1989971445,2225436466,3575513113,2018-08-19,delivered,219.9,17.73,237.63,credit_card,1.0,10.0,-12.0,0.0
1723859709,0b27e5029dd7bd0891b5da96fa33a93b,1.0,2663517136,582255499,1696683105,2018-08-18,delivered,55.65,52.74,108.39,credit_card,3.0,11.0,-26.0,0.0
2746206569,820235f6d6341b0a1d64f22499ba07c0,1.0,138440740,1850182147,2997337676,2018-07-14,delivered,485.9,25.33,511.23,credit_card,8.0,9.0,-21.0,0.0
2253419186,d23cd4e593b64b8b4d86ac59181f1c75,1.0,2157346190,3245748662,1480205621,2018-07-24,shipped,168.9,16.28,185.18,credit_card,1.0,,,
1235921773,bc754437cf4aad8b6c5925481fa324f9,1.0,2459250417,2506413452,1821221035,2018-08-07,delivered,23.9,16.36,40.26,credit_card,2.0,6.0,-7.0,0.0
1547455675,b9537572afb58dddb806613be382ad05,1.0,3210760966,1822286319,1868809992,2018-07-14,delivered,105.0,27.04,132.04,credit_card,2.0,9.0,-15.0,0.0
2896610092,c0cbad6a3c8fdde69b705b0016769afe,1.0,820158996,3753214852,3968462480,2018-08-06,delivered,140.0,44.78,184.78,voucher,1.0,7.0,-4.0,0.0
1510194428,90674f59a21207f91a7387785c66f340,1.0,3839674059,230519407,3322827135,2018-08-14,delivered,1999.98,225.71,2225.69,credit_card,10.0,10.0,1.0,1.0
3186757256,06b7229726fb71407516395c69b6172a,1.0,1777021719,3924580625,4194263931,2018-07-31,delivered,65.9,22.39,88.29,credit_card,1.0,14.0,-15.0,0.0
36426382,8ff01c6b1f838f46ff9cd5cf116f7753,1.0,3384645371,3131673970,3055580317,2018-07-26,delivered,159.0,22.41,181.41,debit_card,1.0,6.0,-28.0,0.0
2485178488,0cd74b0dbfef5f1f8dbdcb3128f0dc51,1.0,47929222,174750780,523493826,2018-08-10,delivered,122.99,53.21,0.0,unknown,0.0,19.0,-15.0,0.0
3080016768,9a9b1aa64c91b92fded7090145e03331,1.0,502166319,3029259966,3865820653,2018-08-11,delivered,30.0,19.4,49.4,credit_card,1.0,9.0,-15.0,0.0
1791919037,9fe72f719dc088c3eaed6fda02b077c9,1.0,597122891,126095465,4185397625,2018-08-05,delivered,44.98,15.62,60.6,credit_card,2.0,5.0,2.0,1.0
2547700919,9645ec392b0691767c5d0e2fabca23d7,1.0,1884905055,4058964725,2681412629,2018-07-16,delivered,44.99,19.23,64.22,credit_card,1.0,10.0,-12.0,0.0
1737555387,d74f1b25b78535c9b35042c0abb9c828,1.0,3603217941,3969958778,1503930686,2018-07-13,delivered,166.9,47.83,214.73,credit_card,2.0,12.0,-13.0,0.0
578614234,dd8b90a226aafeea68fd6144f173f2d7,1.0,1375501765,2069297331,153297895,2018-08-18,delivered,18.99,7.39,26.38,boleto,1.0,4.0,-6.0,0.0
3826072689,a5bb5fa7247f09fa0a4f28ee69aa6dc6,1.0,1699218847,1461116109,423408420,2018-08-07,delivered,59.9,27.37,87.27,credit_card,2.0,5.0,-9.0,0.0
187148632,deaad56e4aacebfa4f49a54a97420651,1.0,1821262785,3540171540,4197047986,2018-08-09,delivered,69.99,15.59,85.58,credit_card,2.0,6.0,-7.0,0.0
1801437378,c7ac9d091733ebd451d6dbebceee9191,1.0,3680485374,4015410803,2673799559,2018-07-31,delivered,75.0,88.04,163.04,credit_card,2.0,13.0,-14.0,0.0
3160536157,b9351dba71092089d0c4fdff1bb8c38b,1.0,1592085190,211704435,1018330744,2018-07-26,delivered,28.99,12.86,41.85,credit_card,1.0,17.0,3.0,1.0
3737401933,e299d0b6b42a62df652195edf2b551da,1.0,2018296042,3589754060,2304947736,2018-07-24,delivered,69.0,22.41,91.41,credit_card,10.0,7.0,-15.0,0.0
2722871312,e299d0b6b42a62df652195edf2b551da,2.0,2018296042,3589754060,2304947736,2018-07-24,delivered,69.0,22.41,91.41,credit_card,10.0,7.0,-15.0,0.0
793628108,445736171736c70c6187ee83c34165fe,1.0,2519442195,2048751412,1696683105,2018-08-14,delivered,24.53,10.0,34.525,credit_card,4.0,6.0,-36.0,0.0
1818465743,445736171736c70c6187ee83c34165fe,2.0,2519442195,2048751412,1696683105,2018-08-14,delivered,24.53,10.0,34.525,credit_card,4.0,6.0,-36.0,0.0
1804806713,50325859f3cbe1386e11e8a253ac1068,1.0,2780854993,3819586987,3612651122,2018-07-08,delivered,42.9,8.04,0.0,unknown,0.0,4.0,-20.0,0.0
1974591920,b0fd41f0de4534ebb1756c04ea181aab,1.0,2157895537,1495235030,753329531,2018-07-16,delivered,179.9,53.61,233.51,credit_card,2.0,8.0,-14.0,0.0
2814855010,98a9159e1817e774888c9252f23283e6,1.0,874313524,2801273058,3734640654,2018-08-13,delivered,32.9,19.42,52.32,credit_card,2.0,4.0,-10.0,0.0
3966795802,60864257be0835f1fc4225706a92cc00,1.0,928842126,323726739,2031026716,2018-07-18,delivered,689.9,40.18,730.08,credit_card,10.0,9.0,-20.0,0.0
3277394465,aff7272552bd176268229d8c5883fce8,1.0,334911629,2760557938,2304947736,2018-08-15,delivered,49.0,18.44,67.44,boleto,1.0,5.0,-7.0,0.0
2844811090,a1cf07fbd9d5488a7703b84d40ce93e7,1.0,3502224923,121489542,3024217810,2018-08-20,delivered,50.0,22.28,72.28,credit_card,1.0,7.0,-16.0,0.0
1784853410,5fcc2670963f8c4fb6659296e7833fc1,1.0,58427905,3378675221,2127264097,2018-08-14,delivered,75.7,14.11,89.81,credit_card,2.0,5.0,-7.0,0.0
1704025539,3de239d3dec3f647b8a88bfdfc4c946a,1.0,4047597372,2726482550,4185397625,2018-07-30,delivered,32.0,8.38,40.38,credit_card,1.0,1.0,-3.0,0.0
1999912297,8975fbf4f1c0f928f1bc657594b6097a,1.0,2463309029,919080661,2845521358,2018-08-10,delivered,59.5,18.52,78.02,credit_card,1.0,6.0,-11.0,0.0
2836188566,d351ad232c9e018edafa9f34f5d03e63,1.0,3001834908,4268354165,2911192595,2018-07-30,delivered,422.01,25.67,447.68,credit_card,9.0,8.0,-6.0,0.0
3826671058,dcdf7dd18209c50593d1b6cdf2392e18,1.0,2390446280,1254469685,4260964609,2018-08-07,delivered,110.0,23.53,133.53,credit_card,2.0,8.0,-19.0,0.0
3014672902,9bd594c78a30e73158b926233be0b6e5,1.0,2586328181,3566129429,1763790356,2018-07-09,delivered,295.0,20.17,315.17,debit_card,1.0,15.0,-13.0,0.0
57152855,b2aac017e3d894267bf55fe86abb0dc6,1.0,202925145,3643879996,1813314038,2018-08-01,delivered,52.9,52.72,105.62,debit_card,1.0,12.0,-16.0,0.0
918613638,352c1b4ad4321180c659a1ab18d24752,1.0,2232497487,557981921,1573069542,2018-07-28,delivered,59.9,19.33,79.23,credit_card,1.0,16.0,-9.0,0.0
3801341948,0b2a86ad4de68092f2026ba5cdccc64e,1.0,995643104,2975937591,364684223,2018-07-16,delivered,144.5,39.52,184.02,credit_card,7.0,10.0,-12.0,0.0
575636196,4d280f7e02765cbee0a2ce0359dafb2e,1.0,323259830,2184882008,2304947736,2018-07-01,delivered,45.0,7.58,52.58,credit_card,2.0,2.0,-13.0,0.0
1496486096,63518de6db5802b95c69d007115bc5e5,1.0,3927717884,4010911302,2250123381,2018-08-21,delivered,93.0,13.31,106.31,credit_card,4.0,6.0,-7.0,0.0
843196518,73b017a765ea2600be8cf4e374de23bd,1.0,1894847682,39186483,3472463603,2018-07-21,delivered,90.0,20.58,110.58,credit_card,1.0,8.0,-10.0,0.0
1231965763,1a1b532e9fc48a702923b8ef014735e9,1.0,3461443196,1864460880,2627125470,2018-07-06,delivered,129.99,9.25,139.24,credit_card,1.0,4.0,-23.0,0.0
2460984231,a306afa8587ad4c42f5a1c62184673a8,1.0,801988601,3582539479,390945606,2018-08-17,delivered,14.99,15.23,30.22,credit_card,1.0,10.0,-7.0,0.0
661714124,a77cf1f9b2d22060320fa51a5906d02a,1.0,1115130271,2366880175,585086534,2018-08-25,delivered,37.4,15.36,52.76,credit_card,1.0,4.0,-13.0,0.0
1467106683,8099510db9a578b9c9e341e0a4026d08,1.0,530619463,4294399807,2308685613,2018-08-10,delivered,82.0,18.67,100.67,credit_card,2.0,5.0,-7.0,0.0
2355084751,6f177560cdac40d55fa56882c853569b,1.0,2070735696,1551261746,2997337676,2018-08-03,delivered,527.9,54.42,582.32,credit_card,3.0,21.0,-10.0,0.0
388815272,0103878b7ed86b6ec873cfae01379472,1.0,3253137629,3708099202,3322827135,2018-08-16,delivered,229.99,35.37,265.36,credit_card,1.0,6.0,-9.0,0.0
357231565,853468812125d147c0d34a9f11f2716d,1.0,4109240208,495544510,3664770205,2018-08-11,delivered,160.0,23.05,183.05,credit_card,3.0,4.0,-40.0,0.0
1560613443,e0c7a7d03b603444cdb851949e98d59d,1.0,1044729859,1152674735,2999834745,2018-07-05,delivered,197.13,40.99,238.12,credit_card,3.0,5.0,-17.0,0.0
2802318699,6fc1f769bfeb1481960874a33a43c449,1.0,202247445,1579619766,3664770205,2018-07-01,delivered,117.9,18.93,136.83,credit_card,1.0,3.0,-25.0,0.0
281127094,b090db406a3c2b8c132d12115b575fa8,1.0,3306288186,399553737,1734769477,2018-07-04,delivered,219.9,18.67,238.57,credit_card,1.0,6.0,-13.0,0.0
1247854015,d1f9a1aec23787e664aa0ccd55fe2fd3,1.0,3728575830,2176978225,2636346249,2018-07-16,delivered,27.99,37.11,65.1,credit_card,1.0,10.0,-14.0,0.0
1643413179,5043c2e9366f7600db60c67283a20260,1.0,1916952338,2446509122,2722740119,2018-08-06,delivered,139.0,13.63,152.63,debit_card,1.0,15.0,-2.0,0.0
1585077518,8556edd77123b5e04862b951269eabed,1.0,1162239374,284915526,1027933367,2018-08-03,delivered,79.9,13.29,91.70578131080106,boleto,1.0,6.0,-11.0,0.0
825972645,8556edd77123b5e04862b951269eabed,2.0,1162239374,1198571064,747575021,2018-08-03,delivered,99.99,13.29,114.76421868919896,boleto,1.0,6.0,-11.0,0.0
643474992,def43ca6d79899925ea0c19f4fb63200,1.0,3810287595,728160491,604861625,2018-08-05,delivered,63.99,16.64,80.63,debit_card,1.0,3.0,-5.0,0.0
1182097009,a2749402701871292b1ca325a1b9f6ff,1.0,1307836434,2911624243,2304947736,2018-08-20,delivered,69.0,7.74,76.74,credit_card,2.0,2.0,-1.0,0.0
2136797186,4237d03d511e94c1d2504e01a20cd668,1.0,33081636,3065022048,1390565892,2018-08-17,delivered,142.5,20.95,163.45,credit_card,6.0,6.0,-21.0,0.0
2858665677,0dfa86a9022c9929b3d7311150151f68,1.0,4183916532,2977358353,3626123686,2018-07-26,delivered,65.0,22.39,87.39,credit_card,1.0,12.0,-14.0,0.0
1429570677,2691ae869f13b10f3d356461b4311c73,1.0,3048710294,1613130866,3514986460,2018-08-22,delivered,319.99,20.04,340.03,boleto,1.0,6.0,-36.0,0.0
3448884404,8fd68b02e8630a663b13e18acec60712,1.0,678480569,898523551,737969628,2018-08-10,delivered,79.9,14.87,94.77,boleto,1.0,12.0,-1.0,0.0
4229966685,8431f97a257ec43f34fd13b183d362b9,1.0,3061263436,3585812729,3267334493,2018-08-16,delivered,44.99,51.04,96.03,boleto,1.0,8.0,-28.0,0.0
3575135385,8084fb81dfc973b3d492e788bfe45ab7,1.0,1416573468,2981733354,1728046229,2018-07-09,delivered,55.5,11.41,66.91,credit_card,2.0,3.0,-6.0,0.0
3206078309,12cbd6fae38a4bd1d77a7596eab0b7e1,1.0,1094010749,1316129150,2997337676,2018-08-01,delivered,527.9,25.63,553.53,credit_card,4.0,22.0,-13.0,0.0
2958214425,c81d8c64bac8003aa77329e1e4f078bb,1.0,419013755,406791947,4137313542,2018-07-30,delivered,69.95,15.59,85.54,credit_card,1.0,7.0,-2.0,0.0
3398618833,ad77addff836770adc988cb6b4b1d529,1.0,2867456111,1440341280,1868809992,2018-07-16,delivered,230.0,108.07,338.07,boleto,1.0,13.0,-16.0,0.0
2935782704,311f11836437bf8950d50701fb64fcbf,1.0,1293112997,3510536638,3446539219,2018-07-02,delivered,763.5,18.01,781.51,credit_card,4.0,7.0,-20.0,0.0
3005659000,491d37ca0bc2ccb55fd694266fa55ced,1.0,2538138456,1567030015,2812297156,2018-08-17,delivered,330.0,25.03,355.03,credit_card,1.0,12.0,-26.0,0.0
2202535468,09859a28d56f326d009da66f7d02e99d,1.0,3974335813,629721832,1622838244,2018-08-06,delivered,299.0,63.26,362.26,credit_card,1.0,7.0,-3.0,0.0
2617394884,7f8d9a73c2b510f9627ac02f1a79c789,1.0,213650463,3456254014,3942029387,2018-08-14,delivered,169.99,23.99,193.98,credit_card,5.0,13.0,-7.0,0.0
2091532043,16e6906345975bd3b9888970d2f2c7b1,1.0,2828135762,772072752,3346316410,2018-08-21,delivered,109.0,15.83,124.83,credit_card,1.0,5.0,-4.0,0.0
2862761460,137e3a7815d41ef63ef508a85ee39cd8,1.0,1249638281,2478356935,2090364660,2018-07-26,delivered,39.99,12.94,52.93,credit_card,3.0,5.0,-8.0,0.0
2492485234,bc250fb00c3c49af75ff964a4d987d6f,1.0,2042638495,2091800923,1472339194,2018-08-02,delivered,54.9,7.64,62.54,credit_card,1.0,5.0,-2.0,0.0
3562338677,715b8576b74d53796bcbb107a201eb55,1.0,923295254,3239363638,1868809992,2018-07-18,delivered,228.0,26.58,254.58,credit_card,10.0,3.0,-10.0,0.0
4254433089,9cded624277b5db2eff76d40cf10f66b,1.0,2717417751,2280888773,3851041961,2018-07-18,delivered,53.9,12.68,66.58,credit_card,1.0,2.0,-10.0,0.0
1883992071,64bd3c2db3673ba37030ccfcbfce8fe3,1.0,2765970122,2193059079,1734769477,2018-08-06,delivered,24.9,7.43,32.33,boleto,1.0,10.0,2.0,1.0
2637484652,64bd3c2db3673ba37030ccfcbfce8fe3,2.0,2765970122,514650176,1734769477,2018-08-06,delivered,24.9,7.43,32.33,boleto,1.0,10.0,2.0,1.0
1377335261,20fb64e954a7483cb8795242e1ead5ce,1.0,729870825,1019216342,2845521358,2018-07-13,delivered,69.5,18.59,88.09,boleto,1.0,11.0,-13.0,0.0
334622552,66a4fa2d40fed98c34ced62496fdb1e7,1.0,2046846227,391181773,123833255,2018-07-29,delivered,250.0,17.05,267.05,credit_card,1.0,3.0,-1.0,0.0
2535862267,a33a09b1320a130c61d1d5d9b8aec5ee,1.0,3668541659,949013637,250985049,2018-07-06,delivered,123.9,14.21,138.11,credit_card,3.0,9.0,-23.0,0.0
2736300846,10ee8dae1859d2e91a79ad35006d3412,1.0,1457735578,2535891607,714744803,2018-08-07,delivered,12.9,17.06,29.96,boleto,1.0,16.0,-6.0,0.0
3617378590,d51e56e6a1d66d3b91bf2334a386cd69,1.0,647210068,2659041020,4124878543,2018-08-12,delivered,135.0,22.25,157.25,credit_card,8.0,14.0,-8.0,0.0
3103396556,83ef337ab9aec7423050b7ecd0260399,1.0,50115334,2368046688,1868809992,2018-07-01,delivered,196.8,22.68,219.48,boleto,1.0,12.0,-12.0,0.0
4193787813,ddbf66b94fb46c0d9e1eef69973da063,1.0,997746157,54050933,1716536501,2018-08-14,delivered,134.9,20.13,155.03,credit_card,4.0,12.0,-3.0,0.0
4244564283,70b14d661add0cbde2c7f5288e5c531b,1.0,360811669,1241208376,2023461531,2018-08-16,delivered,79.99,15.66,95.65,credit_card,1.0,5.0,-9.0,0.0
1821462932,0828ce181ff4d87d201f07043986d0d2,1.0,3772312474,1446467478,2096572618,2018-07-15,delivered,59.9,46.72,106.62,credit_card,10.0,9.0,-13.0,0.0
215036772,b9fdbff1d403555f4d184966b1ac398e,1.0,2121292018,2524535724,1919968767,2018-07-31,delivered,110.32,8.03,118.35,credit_card,2.0,7.0,-8.0,0.0
1684357332,6439653c88076433f580f0ea995949ba,1.0,281689134,587371348,817416274,2018-07-05,delivered,109.0,19.95,128.95,boleto,1.0,7.0,-14.0,0.0
3946693727,c2d1eb7bbca1e89e1ad0b87e339900ae,1.0,2940458184,1738554676,2201933620,2018-07-06,delivered,45.9,18.42,64.32,credit_card,1.0,21.0,-27.0,0.0
570377942,393e01721bf0c84196ccd4b423b53798,1.0,626129218,554779525,3472463603,2018-07-26,delivered,540.0,103.89,643.89,credit_card,8.0,20.0,-4.0,0.0
3098819054,89cfcb71856f9da1d6657a249ad239b2,1.0,2436650972,1529402584,3522250725,2018-08-17,delivered,45.97,13.9,59.87,credit_card,1.0,6.0,-4.0,0.0
2947463084,1dfbad39bdbdc81e1419b9e1972cff46,1.0,2333209716,2495106546,2580370799,2018-07-14,delivered,139.9,19.08,158.98,credit_card,6.0,9.0,-24.0,0.0
2644636152,94205d5566885abf3cb4da408bdb1ae9,1.0,2194469087,4035516476,2636346249,2018-07-14,delivered,29.99,18.31,48.3,credit_card,1.0,12.0,-8.0,0.0
500923908,29987cf19684b333665b685a76f8dd8e,1.0,1485822964,2472453309,3342868299,2018-07-09,delivered,188.0,38.23,226.23,credit_card,5.0,14.0,-11.0,0.0
3564254437,e1320973675a5fc37fab54cb22c582ab,1.0,43522567,2221510815,523493826,2018-07-16,delivered,64.99,27.74,92.73,voucher,1.0,31.0,10.0,1.0
3464694075,03d9b0241efc2b1690172701f6800f21,1.0,3359043616,2044104646,1970316074,2018-07-01,delivered,37.9,12.93,50.83,boleto,1.0,11.0,-12.0,0.0
868907161,6e11f5b6972e1b602699867fc1d5b6c9,1.0,1148756788,1494999353,945263063,2018-07-24,delivered,59.9,20.69,80.59,boleto,1.0,13.0,-8.0,0.0
1887550985,0b8e4fe7f85610340424b314dc68c366,1.0,2978904091,3612268459,2681412629,2018-08-16,delivered,58.99,15.51,74.5,boleto,1.0,11.0,-8.0,0.0
425008293,a998ec4b6a17e44f5fc86f4d0c8d734b,1.0,3142783816,39186483,3472463603,2018-07-18,delivered,90.0,27.58,117.58,credit_card,1.0,7.0,-11.0,0.0
3960254192,a56500b8683714e5010696513abcd267,1.0,3928157730,2873664241,4109428959,2018-08-13,delivered,17.77,12.79,30.56,credit_card,1.0,15.0,-16.0,0.0
416562907,66ece7c73f4550ac89c08ffa53e85dc2,1.0,2032905891,230608398,1919968767,2018-07-18,delivered,110.32,13.43,0.0,unknown,0.0,13.0,-3.0,0.0
3937061558,a2908f88f2dcd20c02cca686aa5debda,1.0,4241886002,1271628224,900310379,2018-07-16,delivered,96.8,14.98,0.0,unknown,0.0,4.0,-17.0,0.0
43605208,839bec66b5e8a01223b48fdcd7499682,1.0,2630412018,3487625985,819761952,2018-08-08,delivered,29.89,23.13,53.02,credit_card,1.0,15.0,2.0,1.0
2601583844,c7da51b752a41bf0fc419eb6b929b582,1.0,3281150111,930115679,3574541917,2018-07-04,canceled,20.0,7.4,27.4,credit_card,1.0,,,
2502968243,044b08f176981f660b98a85c559ad57d,1.0,620132008,2867825817,3485175421,2018-07-18,delivered,68.5,14.06,82.56,credit_card,3.0,6.0,-8.0,0.0
830792978,7b9bc6b76ad9656ca99e8e1f2a6d249b,1.0,2918543819,1176430531,3485175421,2018-07-19,delivered,68.5,19.67,88.17,credit_card,8.0,8.0,-13.0,0.0
390927901,b39b424d0d3ee3397614f97926ed63b6,1.0,3501939201,361833804,3366215599,2018-08-03,delivered,134.9,38.99,173.89,credit_card,3.0,11.0,-2.0,0.0
2647853618,6a050dd1344ef1381e8be9a8d0565001,1.0,3406210305,4106252992,1734769477,2018-08-23,delivered,119.9,11.86,131.76,boleto,1.0,4.0,-4.0,0.0
486391922,94cd0e6c0167d82a8806359b84dc0a0e,1.0,3502383110,3145350346,2490225171,2018-07-30,delivered,28.99,15.3,44.29,credit_card,1.0,7.0,-24.0,0.0
519962947,85df9618973ec5807b30a864e352599f,1.0,1274614961,1221457373,935749508,2018-08-03,delivered,56.99,19.59,76.58,credit_card,3.0,5.0,-5.0,0.0
1965198998,0c7e21efc59802d22c10a8fd7d3501ab,1.0,1280348091,2863438594,1809103188,2018-08-16,delivered,46.9,12.99,59.89,boleto,1.0,12.0,0.0,0.0
3736516990,9ad7523e9b0018cff18e52adaed6a3ae,1.0,3756593311,2058639909,2977093912,2018-08-03,delivered,81.0,57.34,138.34,credit_card,4.0,14.0,-11.0,0.0
4059935241,93670a5c977fd8e687b42178388d9ce7,1.0,2183893715,2715300,2274414976,2018-08-17,delivered,17.0,19.04,36.04,credit_card,1.0,11.0,-17.0,0.0
2717406599,19b937e69325e082324396a05313613b,1.0,824917407,2899837884,1027933367,2018-07-17,delivered,60.0,9.17,69.17,credit_card,1.0,8.0,1.0,1.0
1523340031,d5ef6a5136e7304fb5d70dbd4cfd3054,1.0,1497456822,3732185628,2412635066,2018-08-08,delivered,159.9,23.05,182.95,credit_card,1.0,11.0,-9.0,0.0
717578718,da29ecf90246ba3404fab5ad9febafac,1.0,294075930,1260357467,2263326692,2018-08-02,delivered,69.9,13.83,83.73,credit_card,8.0,6.0,-5.0,0.0
3711991166,5ce9fc801207a16522d494fcdc8e9dd6,1.0,747817757,2067738168,1755005248,2018-08-09,delivered,99.9,27.0,126.9,credit_card,10.0,6.0,-6.0,0.0
3040706917,8e3d8001d12c91d581b256dbb2762702,1.0,1414055533,4105276896,1716536501,2018-08-17,delivered,48.9,13.92,62.82,credit_card,1.0,6.0,-8.0,0.0
552338681,40dea8151a4bad08c633c2a80251b8cb,1.0,1265705298,2067738168,1755005248,2018-08-23,delivered,99.9,27.0,126.9,debit_card,1.0,7.0,-7.0,0.0
480493164,b01f56415d8fd608605b7a1673abf6cd,1.0,3404575481,596562264,3422743060,2018-08-07,delivered,299.99,17.4,317.39,credit_card,1.0,4.0,-2.0,0.0
2726677730,79fa444e8356d0ed4f75c4666db50347,1.0,294066273,3911641092,2173695781,2018-07-04,delivered,119.99,44.64,164.63,credit_card,2.0,6.0,-19.0,0.0
2144409473,2fe10d4ed06c8a5a632ed06bb5f33dc0,1.0,2522476679,395161858,2627125470,2018-07-28,delivered,214.99,39.78,254.77,credit_card,2.0,13.0,-14.0,0.0
2501350896,8ded9e858af4bfcc66b2bfd35b762268,1.0,2011663693,381640279,2304947736,2018-08-01,delivered,119.0,15.93,134.93,credit_card,1.0,6.0,-8.0,0.0
4185479023,3958b17a88c13dfb60674b04bc79168c,1.0,2958885367,1609362212,1399594904,2018-07-18,delivered,85.0,18.7,103.7,voucher,1.0,13.0,-6.0,0.0
2809227246,720232d7a3eab2caa5238117e5ab2ee1,1.0,1707534208,3772622071,368619248,2018-08-17,delivered,15.0,15.23,30.23,credit_card,1.0,5.0,-7.0,0.0
3558129719,48b4f1f96d5ae13b404fe7d041a8d393,1.0,3158397749,2466355469,523493826,2018-08-09,delivered,66.99,27.75,94.74,credit_card,1.0,15.0,-33.0,0.0
1875313013,c91255e49926cfb63353034df59a25d5,1.0,3713888678,1607161369,1813314038,2018-07-29,delivered,17.9,12.79,30.69,credit_card,1.0,9.0,-2.0,0.0
2219359405,817bba98b2dc8942fccbdaf7cd5c63b1,1.0,157851276,2466355469,523493826,2018-07-17,delivered,66.99,23.19,90.18,credit_card,8.0,20.0,1.0,1.0
2242597474,b99c041d0a55d659b66f51788c0c5817,1.0,4032390172,4209823010,2324869708,2018-07-10,delivered,59.9,23.22,83.12,credit_card,1.0,3.0,-20.0,0.0
2822830227,a0ecc11c21cacf6dc957678e792102c1,1.0,2084221045,1803081451,3251562665,2018-08-19,delivered,119.9,60.07,179.97,credit_card,7.0,9.0,-7.0,0.0
4234703424,638c0b485b0d53ae317d2848475b0a6c,1.0,3722641155,2114142324,53223181,2018-07-16,delivered,41.99,18.39,60.38,boleto,1.0,6.0,-17.0,0.0
1890741388,7e4781e7b053db140ebba2ed6e3fde99,1.0,1905608006,4259300622,3774023096,2018-07-02,delivered,89.0,23.42,112.42,boleto,1.0,8.0,-15.0,0.0
2416040891,4989f3f8cec2a6f73b0d121c0e134624,1.0,3390691732,1119561761,581044507,2018-08-07,delivered,157.0,19.2,176.2,credit_card,4.0,10.0,-14.0,0.0
1147306367,6042c0c3800159373b3343dd442c86bd,1.0,1914948363,1672925611,854629258,2018-07-14,delivered,72.99,50.8,123.79,credit_card,1.0,11.0,-9.0,0.0
1234627760,5b4b69da34150b8394c7788bf2e9f99f,1.0,2773308946,2956651570,123833255,2018-07-15,delivered,60.0,19.61,79.61,credit_card,1.0,8.0,-14.0,0.0
3290450253,c432f9c7affd083765cdda588b7ea625,1.0,300026326,2719658665,1367109462,2018-07-09,delivered,369.0,130.46,499.46,credit_card,5.0,7.0,-18.0,0.0
1246106802,ae0c90acc567c5caed29567429c341c4,1.0,2674428717,3480761687,2047495738,2018-07-29,delivered,29.9,15.31,45.21,credit_card,1.0,4.0,-6.0,0.0
4283532580,67bb62ec6f396662e56bcb9d61f09b57,1.0,4126114687,1221457373,935749508,2018-08-03,delivered,56.99,13.98,70.97,credit_card,1.0,6.0,-12.0,0.0
1161359671,5cf4f1db71ef2896c0c286637f7dffd1,1.0,897636227,2531251268,635419832,2018-07-25,delivered,9.99,18.23,28.22,credit_card,1.0,5.0,-10.0,0.0
292575377,d4483d3fe5bb19cb4dcfe5d9a0bd4604,1.0,2313784617,1637774367,1390565892,2018-07-28,delivered,235.0,19.45,254.45,credit_card,1.0,5.0,-7.0,0.0
1853924761,abe67a843827a36b5f5c1b9e141b5531,1.0,2461692141,48271333,2870196462,2018-07-16,delivered,69.9,19.4,89.3,boleto,1.0,15.0,-8.0,0.0
65553010,6aa761d20ab1c766a9fd060abd448f77,1.0,758794581,3168444947,3381238893,2018-08-16,delivered,8.99,18.23,27.22,boleto,1.0,7.0,-12.0,0.0
3246561041,2060cb090f613a2c6e389e351afc8031,1.0,167567057,1120876071,792480201,2018-08-07,delivered,84.9,13.25,98.15,credit_card,1.0,7.0,-7.0,0.0
3522144824,84d60e19027c1623f295fe43b74ca280,1.0,3040903558,2116048782,4055463965,2018-07-29,delivered,22.32,18.26,40.58,boleto,1.0,18.0,-7.0,0.0
2957392175,bc8d3ca8eda2e79015ce0ddd10eeca47,1.0,3151147420,2676574000,3723740414,2018-07-12,delivered,28.28,20.47,48.75,credit_card,3.0,14.0,-15.0,0.0
781212888,31932da1b041c8391eb82c14213e73fb,1.0,1799060551,947009001,2031026716,2018-07-18,delivered,80.8,37.48,118.28,credit_card,5.0,13.0,-16.0,0.0
99801598,c01a70853733229479ca41a44c99b5fe,1.0,132071259,3613947926,96764808,2018-07-24,delivered,169.9,25.27,0.0,unknown,0.0,2.0,-13.0,0.0
1076593439,cb1f3a44e8b8527e16913306a4d3de2f,1.0,1887521428,1277571969,1763790356,2018-08-07,delivered,170.0,30.44,200.44,credit_card,6.0,8.0,-9.0,0.0
2132446220,cb1f3a44e8b8527e16913306a4d3de2f,2.0,1887521428,1277571969,1763790356,2018-08-07,delivered,170.0,30.44,200.44,credit_card,6.0,8.0,-9.0,0.0
59340969,cb1f3a44e8b8527e16913306a4d3de2f,3.0,1887521428,1277571969,1763790356,2018-08-07,delivered,170.0,30.44,200.44,credit_card,6.0,8.0,-9.0,0.0
502813797,cb1f3a44e8b8527e16913306a4d3de2f,4.0,1887521428,1277571969,1763790356,2018-08-07,delivered,170.0,30.44,200.44,credit_card,6.0,8.0,-9.0,0.0
859694463,cb1f3a44e8b8527e16913306a4d3de2f,5.0,1887521428,1277571969,1763790356,2018-08-07,delivered,170.0,30.44,200.44,credit_card,6.0,8.0,-9.0,0.0
3232116933,cb1f3a44e8b8527e16913306a4d3de2f,6.0,1887521428,1277571969,1763790356,2018-08-07,delivered,170.0,30.44,200.44,credit_card,6.0,8.0,-9.0,0.0
2406986517,ac1a1d01dcd4350d31887f6eab3f63d5,1.0,1885770187,2269651027,1379301944,2018-08-23,delivered,27.72,7.93,35.65,debit_card,1.0,6.0,-1.0,0.0
3693596084,174b5b1a0a2498b8e2ba177359ff75ce,1.0,3571827883,3420221311,123833255,2018-08-06,delivered,32.0,8.97,40.97,credit_card,1.0,1.0,-2.0,0.0
232503966,bbd7db7bb1fab02f393167df71863946,1.0,18229661,2213675207,395408344,2018-08-22,delivered,53.0,23.98,76.98,credit_card,1.0,7.0,-8.0,0.0
3379954353,9498c57dc40df2e59a371faf85f37629,1.0,1025755940,2618650219,1672091742,2018-08-11,delivered,34.99,18.35,53.34,credit_card,1.0,14.0,-5.0,0.0
3042552250,a07137b5e914d5a3b1270f7e3687e4da,1.0,1811471651,2295367010,3919369145,2018-08-19,delivered,36.99,23.06,60.05,credit_card,1.0,10.0,-7.0,0.0
2361734583,44c497744f3f3876b15039fac1716dc2,1.0,540955742,1277571969,1763790356,2018-07-24,delivered,170.0,25.54,0.0,unknown,0.0,13.0,-8.0,0.0
828903549,e0ef63a06438a4f6dfa047fc41217f8e,1.0,2876601520,188895250,1919968767,2018-08-11,delivered,110.32,8.03,0.0,unknown,0.0,9.0,-2.0,0.0
841545942,07d3edf3fa2d24ebc102315c95ec89f4,1.0,3727285521,1053813247,2090364660,2018-08-01,delivered,12.99,12.79,25.78,boleto,1.0,7.0,-6.0,0.0
2188552299,873c916c2bff3ea61a59f7bf7f0879c2,1.0,3789721273,1277571969,1763790356,2018-08-06,delivered,170.0,21.46,191.46,credit_card,1.0,8.0,-10.0,0.0
3533601041,873c916c2bff3ea61a59f7bf7f0879c2,2.0,3789721273,1277571969,1763790356,2018-08-06,delivered,170.0,21.46,191.46,credit_card,1.0,8.0,-10.0,0.0
1187516178,4d670725075298192ec296c1aa5f6eab,1.0,2628893305,870882749,1675260091,2018-08-03,delivered,23.9,37.08,60.98,credit_card,4.0,21.0,1.0,1.0
1312405557,71afd4d3202442d362d5e52112ffe080,1.0,3708303149,1964155017,3554345266,2018-08-11,delivered,199.0,19.49,218.49,credit_card,6.0,11.0,-22.0,0.0
4186912764,c84d88553f9878bf2c7ecda2eb211ece,1.0,3110843970,1566704002,2085372711,2018-08-29,delivered,65.0,9.21,74.21,credit_card,1.0,1.0,-4.0,0.0
3516277605,82be2384f5d2751770574b84da68f2c1,1.0,4222396552,3472086082,1480205621,2018-07-20,delivered,315.9,9.47,325.37,credit_card,8.0,4.0,-5.0,0.0
57575300,1fed6df7b405432dd6dc44693a35b86c,1.0,2050387525,3987684668,123833255,2018-07-30,delivered,180.0,12.28,192.28,credit_card,2.0,7.0,4.0,1.0
1516264228,7659908b7f0bf2c0381852a0102c54e8,1.0,3364300241,3881103225,2629314654,2018-08-07,delivered,49.99,18.45,68.44,credit_card,1.0,5.0,-11.0,0.0
1535486153,4e4aa299535ead6fe63a779d539c493d,1.0,2893799857,3208108555,523493826,2018-07-17,delivered,64.99,23.18,88.17,credit_card,1.0,23.0,3.0,1.0
2357497256,84e5cd0814900ddfdcc53213d07939e3,1.0,2841638616,704694418,763830896,2018-08-16,delivered,59.9,18.57,78.47,credit_card,1.0,7.0,-21.0,0.0
471180872,b7e332393b5e64cdc10d308c971a41c4,1.0,2703624050,533001563,4055463965,2018-08-16,delivered,38.9,15.37,54.27,credit_card,2.0,10.0,-14.0,0.0
2475262989,e2cdcd4c94e29518c33449c5afe27583,1.0,558741975,3579049489,392238237,2018-08-20,delivered,84.9,16.78,101.68,credit_card,1.0,7.0,-7.0,0.0
1643817208,da9f86485be515d23d10033bdfe2f8ad,1.0,3133172752,1955964167,3095317660,2018-08-10,delivered,139.9,20.17,160.07,credit_card,3.0,10.0,-4.0,0.0
511417259,35b2be75ac71d838d1743e201de6bcaa,1.0,4072026278,2091521876,3734320862,2018-08-19,delivered,44.57,12.97,0.0,unknown,0.0,8.0,-9.0,0.0
4145278311,394038740b5a42db8607def1c170eed2,1.0,1407605419,1506192027,4193115790,2018-08-06,delivered,42.2,13.88,56.08,credit_card,1.0,6.0,-1.0,0.0
776482239,11120fb91d0191b1174ea4e37043ff39,1.0,943585175,174750780,523493826,2018-08-07,delivered,122.99,36.63,159.62,credit_card,1.0,13.0,-22.0,0.0
2879334119,229407b9e8b4a23ecee01a9d354fc79b,1.0,1465007000,3074567367,2554243760,2018-07-23,delivered,107.9,15.86,0.0,unknown,0.0,4.0,-11.0,0.0
4083590998,55c3e087340bf45947dd9df30b3808d3,1.0,2865211304,3828821203,2953788429,2018-08-20,delivered,100.0,19.45,116.91304347826086,credit_card,5.0,7.0,-3.0,0.0
2517997787,55c3e087340bf45947dd9df30b3808d3,2.0,2865211304,2782901336,2953788429,2018-08-20,delivered,130.0,19.45,151.9869565217391,credit_card,5.0,7.0,-3.0,0.0
821317847,8770d612f74d5015ceb2d739911887a1,1.0,1810698745,1001805974,3670166590,2018-07-05,delivered,39.99,9.03,49.02,boleto,1.0,8.0,-5.0,0.0
426267573,d0fcb0e64631dcf3a108b1837a69d9a5,1.0,2101669502,1058717146,123833255,2018-08-09,delivered,29.0,8.36,37.36,voucher,1.0,4.0,-1.0,0.0
2402263797,44a7b71ff4db304382a32b229441b281,1.0,3643824100,514008486,4139759252,2018-07-19,delivered,159.9,18.25,178.15,boleto,1.0,8.0,-9.0,0.0
764444227,e135c8a351d629f6322ae5cd66a90291,1.0,1802701885,3843655945,2154000458,2018-08-14,delivered,43.99,38.58,82.57,credit_card,2.0,8.0,-22.0,0.0
1806085385,0a327f9c209a8317bacc1f86dda65f52,1.0,250310835,2672175632,3247263560,2018-07-31,delivered,49.9,8.51,58.41,credit_card,1.0,2.0,-1.0,0.0
2740867918,9c11cb61b9393edca31cfb6d985642a7,1.0,1691993897,3294414530,9861004,2018-08-07,delivered,49.9,20.99,70.89,boleto,1.0,6.0,-2.0,0.0
3656231801,363f8154ce0860b9c0c5a4c09e9f619c,1.0,590095458,178126164,1765806340,2018-07-18,delivered,169.9,19.36,189.26,credit_card,6.0,2.0,-11.0,0.0
942476344,a445af0d83713885b6b576796191b1fa,1.0,3108158883,2358291713,2402947140,2018-07-23,delivered,99.99,27.84,132.76087056330567,credit_card,8.0,3.0,-13.0,0.0
2668601610,a445af0d83713885b6b576796191b1fa,2.0,3108158883,866938008,3332609256,2018-07-23,delivered,69.9,27.84,92.80912943669436,credit_card,8.0,3.0,-13.0,0.0
1789282379,d9ef23ac673ab7d0f7795354d2328b77,1.0,713803503,2413621728,2250123381,2018-08-11,delivered,75.0,18.63,93.63,credit_card,1.0,19.0,-11.0,0.0
2100251353,b2727344d4f955cb61829ed7f61b12fc,1.0,833533387,2765592877,935749508,2018-08-01,delivered,56.99,19.71,71.97177011800785,credit_card,10.0,12.0,-9.0,0.0
2223027145,b2727344d4f955cb61829ed7f61b12fc,2.0,833533387,499271985,3485175421,2018-08-01,delivered,93.0,19.72,117.4482298819921,credit_card,10.0,12.0,-9.0,0.0
2850511363,a10dfacbf1c8bc9c9e9591f60102bdef,1.0,871345222,3043842281,2121836412,2018-07-18,delivered,16.9,18.23,35.13,credit_card,7.0,27.0,2.0,1.0
2640234916,a10dfacbf1c8bc9c9e9591f60102bdef,2.0,871345222,3043842281,2121836412,2018-07-18,delivered,16.9,18.23,35.13,credit_card,7.0,27.0,2.0,1.0
4290818660,a1b499a72aca650e451a357f1eb45c03,1.0,2464482422,1272065075,3626123686,2018-07-29,delivered,36.5,23.06,59.56,credit_card,1.0,5.0,-19.0,0.0
1526023346,dbebf60e0907d4124719fe7a872e7694,1.0,2350509633,2618137847,2304947736,2018-07-02,delivered,29.0,15.3,44.3,credit_card,4.0,9.0,-23.0,0.0
866655987,566c54af4e636ee14ef5e97398919a60,1.0,4163969479,3383588534,2600576081,2018-07-18,delivered,89.9,42.91,132.81,boleto,1.0,15.0,-18.0,0.0
2254878294,a74fafc20413a7a0f1035a1b9d22d687,1.0,2933268674,3663760914,2694359720,2018-07-18,delivered,14.89,18.23,33.12,credit_card,1.0,14.0,-8.0,0.0
3556374348,bb2d7e3141540afc268df7ef6580fc75,1.0,2910237854,2613663430,4156473050,2018-08-09,shipped,21.9,15.25,37.15,credit_card,1.0,,,
3241135412,94302f2c0be2b8557b415b3330aca160,1.0,558791149,3636283254,2911155692,2018-08-21,delivered,119.77,21.48,141.25,boleto,1.0,7.0,-5.0,0.0
4107919521,8993af9c591e49725d6658a86ab3314c,1.0,3244793448,76876465,84469676,2018-07-04,delivered,149.9,18.18,168.08,credit_card,2.0,7.0,-14.0,0.0
4241338742,87daa04cf49273df4f787a55b303e1a2,1.0,532609788,2827367123,861245626,2018-08-02,delivered,69.9,18.59,88.49,credit_card,1.0,13.0,-13.0,0.0
3965329761,73b6ddc94c65c2002e53a5cb71257232,1.0,2359472290,1273137104,3028344224,2018-08-07,delivered,24.5,8.92,33.42,boleto,1.0,3.0,-5.0,0.0
1871462265,73b6ddc94c65c2002e53a5cb71257232,2.0,2359472290,1273137104,3028344224,2018-08-07,delivered,24.5,8.92,33.42,boleto,1.0,3.0,-5.0,0.0
1569821304,73b6ddc94c65c2002e53a5cb71257232,3.0,2359472290,1273137104,3028344224,2018-08-07,delivered,24.5,8.92,33.42,boleto,1.0,3.0,-5.0,0.0
1991946108,e07857247dc486cab4563ffb9d9aeba1,1.0,1111294376,3558454556,2656671748,2018-08-07,delivered,89.99,7.89,97.88,credit_card,9.0,8.0,2.0,1.0
4149585714,397cda88cf14fa47dd00f8ce20346f25,1.0,3541763343,3814835128,876033421,2018-08-10,delivered,899.0,33.54,0.0,unknown,0.0,6.0,0.0,0.0
2530447057,2b4c98424c04c927d4f10fd35a3e3558,1.0,3725154677,71000695,1813314038,2018-08-06,delivered,72.9,14.09,86.99,credit_card,3.0,7.0,-3.0,0.0
4224208763,29368d8ce1c627a562377e763eee8a3b,1.0,3686141503,691575697,1026558515,2018-08-17,delivered,309.9,20.48,330.38,credit_card,1.0,7.0,-11.0,0.0
1469140790,d1f3aacf6953cd2cb98b26b17fa5ba14,1.0,3897975501,1597415275,1503930686,2018-08-02,delivered,95.9,42.95,138.85,credit_card,2.0,18.0,-2.0,0.0
3398270004,cb3633965eff0518e61c0d44f06fe48f,1.0,4025436906,4114507059,1994919736,2018-07-08,delivered,76.0,7.79,83.79,debit_card,1.0,23.0,8.0,1.0
1802378483,c8a51ea71826eea0c4b7341af09329f0,1.0,1864597638,3855658902,1076978718,2018-08-06,delivered,799.0,20.69,819.69,credit_card,4.0,5.0,-6.0,0.0
1871744599,3c8d85928df4e2df17662f0d9aad6027,1.0,665662654,3462300190,605810449,2018-07-24,shipped,39.99,13.86,53.85,credit_card,1.0,,,
2788974528,53c71d3953507c6239ff73917ed358c9,1.0,715146660,524901462,108983876,2018-07-24,delivered,3109.99,74.35,3184.34,credit_card,10.0,8.0,-19.0,0.0
1753770197,d1fae75b8b6aec241093c7ccb1a27d3c,1.0,953803645,449454705,2584109163,2018-07-23,delivered,149.99,9.8,159.79,credit_card,3.0,2.0,-7.0,0.0
395410160,c9b08bd33d449366d3b89454a3071b98,1.0,2198819096,1865689349,1868809992,2018-08-09,delivered,150.0,42.03,192.03,credit_card,4.0,6.0,-9.0,0.0
1775827072,6d1e24636558186d996520563f53df00,1.0,3889266206,1111097416,4055463965,2018-07-14,delivered,34.9,17.17,52.07,credit_card,1.0,9.0,-20.0,0.0
1538463146,20e2dddb8e92f51c9d7a595e7266b20f,1.0,240791791,2712266127,3664770205,2018-08-05,delivered,158.9,23.04,181.94,credit_card,1.0,9.0,-9.0,0.0
1137104724,df68ea0d1a2a2b9d4dfa236820acbe9c,1.0,324178715,350247480,3147574442,2018-08-01,delivered,149.0,45.44,194.44,credit_card,8.0,6.0,-17.0,0.0
2033222947,df68ea0d1a2a2b9d4dfa236820acbe9c,2.0,324178715,4254209996,3147574442,2018-08-01,delivered,149.0,45.44,194.44,credit_card,8.0,6.0,-17.0,0.0
203320705,7483928c3fa3706bcc1777178cb1793d,1.0,3659048383,3573587702,4120033478,2018-07-24,delivered,119.9,18.94,138.84,credit_card,4.0,3.0,-14.0,0.0
847846412,cff4d10ff5b5d90df2c9747fa66119f8,1.0,2281989603,575305390,1821221035,2018-07-15,delivered,23.9,18.32,42.22,boleto,1.0,5.0,-18.0,0.0
2741274484,da02757374a4765efdc08488ec40e778,1.0,4068688750,3104712386,1292371024,2018-07-19,delivered,40.0,22.21,62.21,credit_card,1.0,11.0,-24.0,0.0
3609526597,949685852c781dc1ceefe5810f2fbc27,1.0,4203866519,1765296325,1622092360,2018-08-04,delivered,104.9,23.88,128.78,boleto,1.0,15.0,-4.0,0.0
882169954,846115786f1191946815c3b270d72d9c,1.0,1993549107,1262151355,2686156039,2018-08-19,delivered,357.82,16.09,373.91,credit_card,10.0,5.0,-4.0,0.0
3482055278,291c6962c2c9443529081cc6068e607b,1.0,2337029958,789527763,4220048581,2018-08-19,delivered,129.0,21.54,150.54,credit_card,4.0,5.0,-4.0,0.0
3259001816,763ff34638f08b1e6b6135c197e3a937,1.0,3045389683,3779566660,292598503,2018-08-17,delivered,49.97,15.45,65.42,debit_card,1.0,4.0,-8.0,0.0
2580562575,999634d5935f33d0547e877223e04a63,1.0,2733068468,1194043163,1716536501,2018-08-16,delivered,94.95,19.86,114.81,credit_card,3.0,11.0,-3.0,0.0
1885234538,97d6ed0a050dac6d990b16908ce0a5fa,1.0,3554850782,82888122,212815993,2018-07-25,delivered,114.99,17.74,0.0,unknown,0.0,14.0,-8.0,0.0
4158263281,97d6ed0a050dac6d990b16908ce0a5fa,2.0,3554850782,82888122,212815993,2018-07-25,delivered,114.99,17.74,0.0,unknown,0.0,14.0,-8.0,0.0
845934913,2e1934467537a71d1ef09726c4c27b11,1.0,2536627362,3428520701,123833255,2018-07-24,delivered,80.0,18.66,98.66,credit_card,4.0,7.0,-13.0,0.0
3550133063,615a83726a65bcb641fcffb5a4b792ef,1.0,3651327727,4102193398,2681412629,2018-07-14,delivered,79.99,18.66,98.65,credit_card,1.0,6.0,-13.0,0.0
3364809671,8a3a982956e0c1176a1f5197bd7f9552,1.0,137956980,391911169,1360122595,2018-08-16,delivered,75.6,32.83,108.43,credit_card,1.0,4.0,-1.0,0.0
1720572489,ccb3e2fc8477b6fd3e3edf0dad0211b6,1.0,928439726,2217254112,394552021,2018-08-05,invoiced,219.99,15.13,235.12,credit_card,4.0,,,
3547582798,67d3db1e6d9adab9c49e67e8a2e65b8f,1.0,3614563923,511571128,819761952,2018-07-30,delivered,14.49,7.87,22.36,boleto,1.0,5.0,-6.0,0.0
2407100889,08bd4784e35a8be0fa12c4f4f91799ac,1.0,2711234512,2466355469,523493826,2018-08-14,delivered,66.99,23.19,90.18,credit_card,3.0,13.0,-17.0,0.0
2837803360,d70a8dce003d1e26d1d5003bb5839892,1.0,2190760520,3536384497,3078723279,2018-07-16,delivered,66.39,14.05,80.44,debit_card,1.0,7.0,-7.0,0.0
4191305938,1a8549fdcb090e418620dd6b7bc7ca10,1.0,1453107960,775217384,662809662,2018-08-17,delivered,69.0,18.28,87.28,boleto,1.0,10.0,-8.0,0.0
1184900441,59494ceaede0aabe7fddec5bba98d95f,1.0,420104407,302400981,2304947736,2018-07-25,delivered,49.0,18.44,67.44,credit_card,1.0,13.0,-2.0,0.0
52097472,8c8005895f46f6c1bdf16697c70e645a,1.0,979825435,2956390354,3393462886,2018-08-17,delivered,129.9,84.68,214.58,credit_card,6.0,8.0,-25.0,0.0
3816781818,5f2aaf089bdf0d14f2357066f139c2a4,1.0,1886003356,174750780,523493826,2018-07-17,delivered,122.99,21.13,144.12,credit_card,1.0,42.0,21.0,1.0
3477161387,34f054dbc6acae464a192cbf2083cf72,1.0,3335444582,3609588343,1800856558,2018-08-06,delivered,60.0,22.35,82.35,boleto,1.0,15.0,0.0,0.0
1025651327,439f6d37b8ba10b7ba975f29ed951beb,1.0,3803582596,1232645717,789554986,2018-08-19,delivered,387.0,60.62,447.62,credit_card,6.0,2.0,-23.0,0.0
168019663,90022e1fc840350d2f9350866969521f,1.0,2164260313,811936207,4038371640,2018-07-27,delivered,139.9,16.08,155.98,credit_card,1.0,5.0,-9.0,0.0
1212084360,2f08b7d5e2f0cb3a1e8a8c95579a6b34,1.0,3915771007,2648751556,2023461531,2018-08-20,delivered,59.99,7.68,67.67,debit_card,1.0,1.0,-2.0,0.0
750871016,caca64f71d73695719939294fa88c791,1.0,477007512,2871465900,1868809992,2018-08-23,delivered,326.0,45.42,371.42,credit_card,1.0,7.0,-1.0,0.0
3878174373,495f56726168b6a736cc1220b7d49be1,1.0,1341588846,944970780,753329531,2018-07-24,delivered,189.9,20.52,210.42,debit_card,1.0,6.0,-21.0,0.0
1206941245,bbf2cbe3fa966e8988c2ff247b7a3330,1.0,3008637734,1814255004,1543672610,2018-08-10,delivered,46.9,16.52,63.42,credit_card,1.0,14.0,-4.0,0.0
816213096,156282e58da82d36a58582a6a94211e5,1.0,67393559,3843751207,808467957,2018-08-04,delivered,74.9,15.59,90.49,credit_card,4.0,6.0,-5.0,0.0
3021384703,7d37719edab33266657f56d6739b837e,1.0,3107147963,2397286120,753329531,2018-07-27,delivered,149.9,23.77,173.67,debit_card,1.0,7.0,-13.0,0.0
3338190063,4464db47018d63c21ca7ca5dffc833e7,1.0,585962501,3388342263,1579174796,2018-08-03,delivered,19.9,12.8,32.7,credit_card,3.0,6.0,-4.0,0.0
1622693202,d23bc376aeb971eadf9129860f03c047,1.0,3783904570,2965431245,1440644835,2018-08-01,delivered,229.9,28.59,258.49,credit_card,4.0,9.0,-6.0,0.0
3973544355,72e596b33c9f3a4e002d73bd5d7c6cae,1.0,2002681183,3226316213,918571473,2018-07-05,delivered,539.0,22.68,561.68,credit_card,1.0,15.0,-26.0,0.0
3059774084,3794be706c3088573f54b492768e7689,1.0,3037312092,4163925127,2880307388,2018-08-06,delivered,119.85,20.03,139.88,credit_card,3.0,36.0,15.0,1.0
2886208870,acf5ccf66bf3f5feb826e01d3766e474,1.0,352681493,3311849141,1408312966,2018-08-14,delivered,59.0,9.16,68.16,credit_card,2.0,3.0,0.0,0.0
473978414,86a7cb5d6724e24612314e7a96b0b14a,1.0,3124166470,3101351289,3267334493,2018-08-19,delivered,59.99,19.61,79.6,credit_card,7.0,8.0,-18.0,0.0
2869573529,05ddf4cc62efcc6f34b8c693eaa2db01,1.0,325706754,2653143446,1361108180,2018-07-03,delivered,69.99,18.59,88.58,credit_card,4.0,5.0,-16.0,0.0
1424886554,133d08a542c28f4400480b9483517c32,1.0,3084501763,566028204,1550185782,2018-07-21,delivered,62.99,22.72,0.0,unknown,0.0,16.0,-9.0,0.0
2308699679,5a5cbced9c57dbafd90dd9b04594b2d7,1.0,1740929705,488442001,2483225557,2018-08-01,delivered,121.99,45.97,167.96,credit_card,3.0,7.0,-8.0,0.0
269943665,c2f6a6b9aadff1a114b5d17ead982d24,1.0,1203258509,3472363555,1603761322,2018-07-13,delivered,75.0,15.63,90.63,credit_card,2.0,7.0,-10.0,0.0
550124817,bcefb2f90509c4f4fffc20527ebd3cb1,1.0,2801587127,3103183120,4194263931,2018-07-14,delivered,139.5,14.32,153.82,credit_card,2.0,9.0,-22.0,0.0
367112426,3dd3d454c46d40fc27a3101c19477734,1.0,3474734298,2422012691,196831707,2018-07-14,delivered,209.99,24.23,0.0,unknown,0.0,9.0,-9.0,0.0
1860761243,bbac13f5b68d5b86c46f0a89a014b5e5,1.0,1234776629,1710332719,2115375135,2018-08-05,delivered,478.04,92.67,570.71,credit_card,4.0,12.0,-12.0,0.0
1407148501,86ea637df14082deeadd7600d8c3ca98,1.0,2046445995,796678093,227675137,2018-07-24,delivered,161.99,20.69,182.68,debit_card,1.0,3.0,-10.0,0.0
1684366632,dbe7501db7b1a43b25c86915eaff1112,1.0,1383737365,1385256036,1379301944,2018-07-16,delivered,136.9,44.76,181.66,credit_card,1.0,9.0,-8.0,0.0
2266642580,38f774e2c34f2f57819fda4fe0de9d56,1.0,3742634329,2353784209,2612393066,2018-07-30,delivered,69.9,23.29,93.19,credit_card,3.0,4.0,-4.0,0.0
908005720,a9f77c0325604197d9a0048d0dcad33f,1.0,225366836,1039834863,3169644834,2018-07-24,delivered,29.99,15.89,50.31591597355513,boleto,1.0,7.0,-12.0,0.0
3012380416,a9f77c0325604197d9a0048d0dcad33f,2.0,225366836,2416718314,3734640654,2018-07-24,delivered,16.9,15.89,28.354084026444863,boleto,1.0,7.0,-12.0,0.0
3978234438,879dd3373c7f9f0412d2ee301cdadbdb,1.0,4263188721,3309477569,1553669565,2018-07-18,delivered,32.9,15.33,48.23,credit_card,1.0,7.0,-11.0,0.0
3858588542,323edcfa718f1be4d393578d24d3072a,1.0,1676732065,1080501658,935749508,2018-07-30,delivered,80.0,14.14,94.14,credit_card,4.0,6.0,-3.0,0.0
2183204061,0f9db6b2900040157d27f21ae0f3d86d,1.0,3574330742,1918456313,112649996,2018-08-01,delivered,59.99,15.52,75.51,boleto,1.0,7.0,-6.0,0.0
1685985267,67d7d2f069a2b83e36ab0304e03132e6,1.0,2997457435,3904131545,3938991848,2018-08-15,delivered,52.9,23.17,76.07,debit_card,1.0,9.0,-11.0,0.0
2693644643,3f01e7549f763a26cfa6bda60a8396a4,1.0,4279848933,2224448623,2023461531,2018-08-22,delivered,9.99,12.79,22.78,boleto,1.0,5.0,-3.0,0.0
693596797,56065795dbb3836e5698286b78306226,1.0,1475792026,2901088669,3106288757,2018-07-24,delivered,59.9,13.08,72.98,credit_card,1.0,3.0,-11.0,0.0
1099614516,1fce50c1831b6809773e5020edc716e2,1.0,3627462345,1500565003,3557398281,2018-07-24,delivered,21.7,14.46,36.16,credit_card,2.0,5.0,-8.0,0.0
3543842994,c5c6895d5f18ff51c8fb2af8121d1c9c,1.0,3838715086,1579085227,4185397625,2018-07-07,delivered,36.4,8.42,44.82,credit_card,2.0,4.0,-12.0,0.0
1035562910,70e534acd4ff3f46956f7b4b36418474,1.0,2021360004,597368450,3106288757,2018-07-03,delivered,69.9,9.24,79.14,credit_card,1.0,1.0,-11.0,0.0
463244394,7d4cd6551d37acb74e50b3acf0ea3b07,1.0,1612820966,3936216330,3807170672,2018-08-18,delivered,34.0,16.43,50.43,credit_card,2.0,5.0,-7.0,0.0
1714951319,591749138516fc08043a066ecc49963d,1.0,2030112544,2300910990,727074973,2018-08-17,delivered,200.0,17.59,217.59,credit_card,10.0,10.0,-4.0,0.0
4004136859,d9a9bc50c9da52930374f4884e3175f0,1.0,3411163154,1920493459,1815376146,2018-07-03,delivered,150.0,13.71,163.71,credit_card,3.0,7.0,-12.0,0.0
1300007358,b0db4e1bf966cf4e2b192e3d64044483,1.0,226988980,489617310,2612393066,2018-07-12,delivered,45.0,18.42,63.42,credit_card,3.0,8.0,-11.0,0.0
516560201,d9c51e8f2151f049f14ba77dfe8513b9,1.0,3085422410,1570888716,53223181,2018-08-11,delivered,29.99,18.31,48.3,credit_card,1.0,11.0,-6.0,0.0
2616355330,0e5be31b9db540adad7d42899c64aa26,1.0,2998029613,660114588,392238237,2018-08-22,delivered,195.9,18.58,214.48,credit_card,5.0,2.0,-3.0,0.0
1741337192,d07eb552f514f38f0107ee31243f8104,1.0,4019476839,2372844897,1147146951,2018-08-02,delivered,54.0,22.31,76.31,boleto,1.0,12.0,-10.0,0.0
3242318771,b0cb43bc4638d44188430b7d42b35866,1.0,3627513077,3104712386,1292371024,2018-07-31,delivered,40.0,22.21,62.21,debit_card,1.0,8.0,-27.0,0.0
847990605,4bd15305c0c5f4d4d82b85f163b53954,1.0,1717293943,215711364,3909645171,2018-07-29,delivered,23.9,34.97,25.870384895018617,credit_card,9.0,3.0,-7.0,0.0
3393310270,4bd15305c0c5f4d4d82b85f163b53954,2.0,1717293943,1605887624,394552021,2018-07-29,delivered,429.99,2.45,465.4396151049814,credit_card,9.0,3.0,-7.0,0.0
2078965264,26e388ebc7a8a0fa0998ad6cc4755bec,1.0,2915445625,849078932,613603558,2018-07-12,delivered,149.0,20.32,169.32,credit_card,7.0,14.0,-22.0,0.0
913572163,aa94e99bd2554aa3be1d546206cfe48d,1.0,3154336753,683838979,391897587,2018-08-11,delivered,39.99,7.54,0.0,unknown,0.0,13.0,3.0,1.0
4024136872,dc952dba5b4ae9cc2ea0eb4757f0cdd0,1.0,278771464,1018367849,1125369443,2018-08-06,delivered,105.0,19.93,74.35,credit_card,3.0,9.0,0.0,0.0
1393596654,1ce796ffd3b96e287899e429b44c0e3a,1.0,3357447423,16131071,3583083943,2018-08-17,delivered,44.06,18.11,62.17,credit_card,6.0,7.0,-10.0,0.0
3395765387,a6eace8d7affa686ec69d39f9c4c348a,1.0,790720616,4099867109,450883594,2018-08-06,delivered,146.99,21.3,168.29,credit_card,5.0,21.0,-17.0,0.0
338782668,a08da8f76f26fa82d1f0b71dc96088f0,1.0,2743545837,1822286319,1868809992,2018-07-16,delivered,105.0,27.04,132.04,credit_card,5.0,9.0,-14.0,0.0
3395407561,b40ee43d69ef05a0fcd620401e329efc,1.0,42071422,2422745456,3796303809,2018-08-01,delivered,69.9,8.65,78.55,credit_card,3.0,1.0,-4.0,0.0
2660304005,4e19d5224178c861043985f3f63fed27,1.0,3944219500,3372338810,2304947736,2018-08-04,delivered,165.0,16.26,181.26,credit_card,8.0,5.0,-5.0,0.0
2947856578,a19d3fedf94faa61bd1358631200e748,1.0,48091707,1597415275,1503930686,2018-08-23,delivered,95.9,11.69,107.59,credit_card,2.0,1.0,-18.0,0.0
3267863899,b512ddc51c7e887830f3e11d3a4d0f9f,1.0,944010376,970258957,596468350,2018-07-28,delivered,59.0,23.21,0.0,unknown,0.0,9.0,-15.0,0.0
2161866136,8bc56c2bd5d8abe887ee0e3ec84a5c66,1.0,3409719838,2817707932,47085388,2018-08-23,delivered,45.0,22.25,67.25,credit_card,2.0,6.0,-22.0,0.0
4034444012,bb31e0bc46d4bf098ba2bea9092a59f1,1.0,1794512415,3407845673,2312430349,2018-07-27,delivered,99.9,53.05,152.95,credit_card,2.0,14.0,-6.0,0.0
1828462340,27514105d8e0e8c947e55e04d00037a8,1.0,3717815962,1715176438,237804341,2018-08-20,delivered,66.9,13.81,80.71,credit_card,2.0,3.0,-12.0,0.0
3748556577,a9cbf21f2b8f64fff679d8e4e0c838c2,1.0,222945270,3523232895,1395938585,2018-07-09,delivered,28.0,12.86,40.86,credit_card,3.0,3.0,-11.0,0.0
4176276518,a9cbf21f2b8f64fff679d8e4e0c838c2,2.0,222945270,2511788905,1395938585,2018-07-09,delivered,28.0,12.86,40.86,credit_card,3.0,3.0,-11.0,0.0
3037186175,81fd7eecfe5e2fdb7788d4dfd3283f23,1.0,531334837,3856046189,58373499,2018-07-10,delivered,166.0,23.96,189.96,credit_card,5.0,10.0,-27.0,0.0
4286240904,bd6d3b7e4f942dff1e9731788271d31c,1.0,1274877497,156267473,1868809992,2018-07-24,delivered,35.0,9.0,44.0,credit_card,2.0,3.0,-9.0,0.0
3041036958,bd6d3b7e4f942dff1e9731788271d31c,2.0,1274877497,156267473,1868809992,2018-07-24,delivered,35.0,9.0,44.0,credit_card,2.0,3.0,-9.0,0.0
2650671306,bd6d3b7e4f942dff1e9731788271d31c,3.0,1274877497,156267473,1868809992,2018-07-24,delivered,35.0,9.0,44.0,credit_card,2.0,3.0,-9.0,0.0
390297881,a050701f6d3065c5615ffaccf27ec567,1.0,1779981549,2943935365,91315182,2018-08-18,delivered,135.0,18.75,153.75,credit_card,10.0,11.0,-11.0,0.0
3853439099,a050701f6d3065c5615ffaccf27ec567,2.0,1779981549,2943935365,91315182,2018-08-18,delivered,135.0,18.75,153.75,credit_card,10.0,11.0,-11.0,0.0
456789872,3d28169cfef7d5273f7a6f7b1597f2ee,1.0,1862732072,1134529600,926823165,2018-07-25,delivered,25.99,7.44,33.43,boleto,1.0,2.0,-6.0,0.0
1284565855,0aa3718b7db60c5ebec88b485cb975db,1.0,3135127619,3488394756,890939886,2018-07-13,delivered,28.5,12.86,41.36,boleto,1.0,10.0,-4.0,0.0
1530969491,24cf826a7c6a7038c6ec3a5173a4c78b,1.0,273041260,213108184,3865820653,2018-08-17,delivered,44.91,23.11,68.02,credit_card,1.0,11.0,-12.0,0.0
2765799245,263f3f7d242662e761668500f88a6e92,1.0,1881778235,3709131089,730094745,2018-07-31,delivered,48.9,9.09,57.99,boleto,1.0,3.0,-6.0,0.0
358748366,573b067a37070f89ee054b516f889171,1.0,2573961576,3670389529,447945570,2018-08-12,delivered,79.0,23.35,102.35,debit_card,1.0,16.0,-6.0,0.0
3572072072,2b59ddd3b4175dd13033a71b56785a33,1.0,1236606727,1495093629,3383264847,2018-08-18,shipped,62.0,16.7,78.7,credit_card,3.0,,,
2194305589,bf912d30c6bc748c24a568e024cf1ec4,1.0,1951816073,2352402213,926823165,2018-07-18,delivered,24.99,7.44,32.43,credit_card,1.0,2.0,-6.0,0.0
959469748,326a3f53e1327657d03e8ed95ffe5578,1.0,3470447198,2898361519,3824636931,2018-08-16,delivered,179.99,36.49,216.48,credit_card,3.0,6.0,-14.0,0.0
960620630,7e1c037b1854670dd27cda995f9b11e2,1.0,466693525,1744687810,3938991848,2018-07-08,delivered,374.9,18.57,393.47,debit_card,1.0,2.0,-9.0,0.0
3467087999,7ecd3c8715462334ddba2f8da3988873,1.0,2485911374,3689460879,1390565892,2018-08-24,delivered,191.0,19.14,0.0,unknown,0.0,6.0,-7.0,0.0
1801267122,c4c3ab935544a304e782b38b7c7aa044,1.0,2633649003,701073578,2892609914,2018-08-06,delivered,39.0,13.85,52.85,credit_card,5.0,3.0,-5.0,0.0
902443906,9b8f3948f0476494b86f7785f7c1e848,1.0,2542149678,944624802,3853443854,2018-08-03,delivered,108.7,15.86,124.56,credit_card,2.0,6.0,-7.0,0.0
3288835301,1eb823605a5556c5e6efcdb09eae3c0d,1.0,2650694756,1277571969,1763790356,2018-08-16,delivered,199.0,25.74,224.74,credit_card,4.0,13.0,0.0,0.0
2682593285,84f40c055bf1ed329fcf2f4ec4e9e9df,1.0,3075762953,3306825596,1018258220,2018-08-03,delivered,1095.65,25.77,1121.42,credit_card,8.0,5.0,-12.0,0.0
4025948589,7ec44a8d0d3cf4b2933c5c6dff801adc,1.0,3591141227,225580261,3789868639,2018-08-20,delivered,76.95,18.64,95.59,credit_card,2.0,9.0,-15.0,0.0
3653576333,4461b95e70e309fde34dd20048ecc0dd,1.0,1009104658,1352259711,1430230204,2018-07-25,delivered,64.99,8.62,73.61,credit_card,1.0,1.0,-6.0,0.0
3537013402,675696464e3f1ec45c04dc5b171b2ed4,1.0,3744539626,3513669726,900310379,2018-08-06,delivered,98.9,14.99,113.89,credit_card,5.0,7.0,-3.0,0.0
4120404912,94779a352003cbec1931fe5d7b041f7e,1.0,965552615,3119909664,4280233034,2018-07-21,delivered,48.0,18.44,66.44,credit_card,1.0,4.0,-14.0,0.0
492250746,41f02d9998aea7e212e8917bf2649cce,1.0,3946406782,26367845,3746284701,2018-08-05,delivered,29.9,7.63,37.53,boleto,1.0,8.0,4.0,1.0
3822515628,354fc19d43cbb0ad997bd631a02fd169,1.0,3849127683,830586459,3968462480,2018-07-09,delivered,97.0,27.34,0.0,unknown,0.0,14.0,-8.0,0.0
651968912,359dfdef7cf4ed1003c2a0463eb431ba,1.0,1339453579,3872953685,934960704,2018-08-04,delivered,53.49,7.63,61.12,credit_card,1.0,3.0,-2.0,0.0
2267262190,189f4fd5230d4cb9093778f1fe5545dd,1.0,833522818,2973009132,2880307388,2018-07-14,delivered,79.9,14.14,94.04,credit_card,4.0,16.0,-7.0,0.0
2482154679,0c57cbfd927d9e62af8beee6d48920b7,1.0,3829392165,2760374052,3448708966,2018-08-06,delivered,26.0,7.44,33.44,credit_card,1.0,3.0,-3.0,0.0
4157024686,0c57cbfd927d9e62af8beee6d48920b7,2.0,3829392165,382380029,3448708966,2018-08-06,delivered,26.0,7.44,33.44,credit_card,1.0,3.0,-3.0,0.0
3935396549,0c57cbfd927d9e62af8beee6d48920b7,3.0,3829392165,3489329523,3448708966,2018-08-06,delivered,26.0,7.44,33.44,credit_card,1.0,3.0,-3.0,0.0
187303870,0c57cbfd927d9e62af8beee6d48920b7,4.0,3829392165,1835298337,3448708966,2018-08-06,delivered,26.0,7.44,33.44,credit_card,1.0,3.0,-3.0,0.0
1658923861,0c57cbfd927d9e62af8beee6d48920b7,5.0,3829392165,3000414977,3448708966,2018-08-06,delivered,26.0,7.44,33.44,credit_card,1.0,3.0,-3.0,0.0
586628357,dfa136dd7fea189934b6e9585e61d3ed,1.0,17456574,4010911302,2250123381,2018-08-22,delivered,93.0,13.33,106.33,credit_card,2.0,5.0,-8.0,0.0
3561076283,9b745d27f038a7e9865cf448ab71e99f,1.0,3559399759,2588882759,1408870915,2018-07-26,shipped,119.99,19.14,139.13,credit_card,3.0,,,
18425635,63566db60bbeb077e5d7c18411674b8b,1.0,4288677494,1582843513,1011007161,2018-08-06,delivered,190.32,15.63,205.95,credit_card,2.0,10.0,-21.0,0.0
3612300892,06f66faa834248ccd67fa52058285d27,1.0,2359714956,3274103358,2047495738,2018-08-08,delivered,29.9,18.31,48.21,credit_card,4.0,4.0,-7.0,0.0
1485222430,9d0e1b41a4281d12d3324e4b7635b21e,1.0,140538863,1946620239,3103215707,2018-08-17,delivered,64.9,18.25,83.15,credit_card,2.0,10.0,-16.0,0.0
3641421175,1b2e46dc89f67428df456980ad2ed5f9,1.0,210652698,3201228581,926823165,2018-07-23,delivered,19.9,7.4,27.3,credit_card,1.0,2.0,-6.0,0.0
3180615671,777e12368d3bb5d1b085cdbc60c6f910,1.0,2886508448,3434341667,3383679924,2018-08-15,delivered,18.0,15.23,33.23,credit_card,1.0,8.0,-6.0,0.0
1306296515,0ebd409ca379ce0ed8b24e8f5a59a8ea,1.0,2996935329,3494121847,2078480002,2018-07-25,delivered,9.9,15.23,25.13,credit_card,1.0,4.0,-29.0,0.0
3427833357,dfa0b68ab249dcab78fb4046b7f3050d,1.0,1649965697,1534007249,60670679,2018-07-21,delivered,39.0,20.32,0.0,unknown,0.0,11.0,-26.0,0.0
2982330891,dfa0b68ab249dcab78fb4046b7f3050d,2.0,1649965697,1160969696,1471696078,2018-07-21,delivered,49.9,20.33,0.0,unknown,0.0,11.0,-26.0,0.0
2055031739,d368a1aad6fbecd01c20f4bef6bbad64,1.0,1154420257,3421378664,1868809992,2018-07-11,delivered,75.0,15.83,90.83,credit_card,1.0,2.0,-10.0,0.0
2211148051,977649a07fb7be354cc39d9a79ee83e1,1.0,4141229428,3814835128,876033421,2018-07-11,delivered,770.0,91.24,861.24,credit_card,5.0,16.0,-3.0,0.0
3074649903,a111f1d17afc3e76dd0c2428a96a7617,1.0,81587376,2659353721,2118540709,2018-08-05,delivered,105.0,9.49,114.49,boleto,1.0,8.0,4.0,1.0
4102729761,d83d299f99cc0cc92038c685c73f60d6,1.0,447598586,3123019817,2043647929,2018-08-12,delivered,92.99,18.75,111.74,credit_card,5.0,7.0,-9.0,0.0
2133058670,a66cfefa309e2beb4dbff4037b531ca8,1.0,2720562966,1292355572,1778061601,2018-07-26,delivered,19.9,7.88,27.78,credit_card,1.0,3.0,-4.0,0.0
2894635160,da53168e1e12e3408d193c03604f260d,1.0,1444242536,1432824351,147079955,2018-07-05,delivered,27.9,22.13,50.03,credit_card,1.0,5.0,-22.0,0.0
747801921,da53168e1e12e3408d193c03604f260d,2.0,1444242536,1432824351,147079955,2018-07-05,delivered,27.9,22.13,50.03,credit_card,1.0,5.0,-22.0,0.0
2269319065,34b52e1c183144d83dae0e368e920950,1.0,2081137511,637429430,53223181,2018-08-12,delivered,166.99,8.43,175.42,credit_card,5.0,2.0,-3.0,0.0
2976729773,bef6908876c633575a196a310d1b5d77,1.0,3285082331,732694073,2027895914,2018-08-06,delivered,110.0,8.03,118.03,credit_card,5.0,4.0,-10.0,0.0
2229038780,6808d92d02c7f9b169e83f402c98ddcf,1.0,1566940784,2498549505,873124783,2018-08-23,delivered,19.9,8.3,28.2,boleto,1.0,4.0,-1.0,0.0
2303724336,b047b314bbfa89e4a830fbdba55c7afd,1.0,2943146455,2221954930,3147574442,2018-07-10,delivered,149.0,39.55,188.55,credit_card,10.0,15.0,-8.0,0.0
3619548718,d16083ed35e57acd01a5ce52c16e5349,1.0,3816523624,2982465350,1615213775,2018-07-18,delivered,66.55,23.27,89.82,boleto,1.0,8.0,-21.0,0.0
2021961968,1bc6f68ff248f7bf9856f60c4c43b8a5,1.0,4046328089,1745648530,9861004,2018-07-26,delivered,49.9,20.99,70.89,credit_card,2.0,5.0,-9.0,0.0
466309160,c992f37682e64f4ac2ec63136c54369d,1.0,700167244,944970780,753329531,2018-07-18,delivered,189.9,19.48,209.38,credit_card,2.0,12.0,-10.0,0.0
3866483220,b3e7ea02bc00558f1ee99a2927181b4e,1.0,750784874,4267304654,1107359178,2018-08-05,delivered,99.9,17.83,117.73,credit_card,3.0,11.0,-3.0,0.0
2908040224,c5dc3239938cdd5fbaa0dae29b966d2c,1.0,594218199,865243919,2073919491,2018-07-01,delivered,45.9,22.25,68.15,boleto,1.0,10.0,-27.0,0.0
1893741502,1133be08257f4765d8551429f4ad2144,1.0,2014290020,2639364902,447945570,2018-07-20,delivered,49.9,23.11,73.01,credit_card,3.0,15.0,-11.0,0.0
4247045127,16de740155e4e909578bd90826a632c1,1.0,240183776,1026603950,934960704,2018-08-24,delivered,100.49,14.28,114.77,credit_card,10.0,5.0,-12.0,0.0
3275558509,d82a297437092371e1c2278befb2314b,1.0,373037264,3565114619,2947136883,2018-07-31,delivered,64.8,27.4,92.2,boleto,1.0,8.0,-12.0,0.0
4168052496,5c9c7cfebd7a15f81479083d70636f51,1.0,1638614589,3072538407,1919968767,2018-07-03,delivered,110.32,15.87,126.19,credit_card,1.0,6.0,-28.0,0.0
2196486506,5c9c7cfebd7a15f81479083d70636f51,2.0,1638614589,3072538407,1919968767,2018-07-03,delivered,110.32,15.87,126.19,credit_card,1.0,6.0,-28.0,0.0
2828747842,53b48de8c162b1a00ace27c3c0a9b148,1.0,1734280757,3514309099,2047495738,2018-07-23,delivered,24.9,15.27,40.17,credit_card,1.0,7.0,-9.0,0.0
2289970255,9953966666a1f0ea583d94649ea21344,1.0,3018010535,2992823587,1914769873,2018-07-21,delivered,129.49,22.21,151.7,credit_card,1.0,5.0,-11.0,0.0
1013166163,27cce60fbd7767b0efb682ce2597e6d2,1.0,1346036831,3514415203,3659481684,2018-07-18,delivered,17.89,17.06,34.95,credit_card,1.0,5.0,-10.0,0.0
3167354817,c2e3ee5ef901092148e19caccfe10ffb,1.0,1393368412,3975056712,2304947736,2018-08-06,delivered,49.0,7.6,56.6,credit_card,2.0,3.0,-5.0,0.0
3092783544,a67a7dcbea2b5ce61ba8bc99ff7362db,1.0,3039913890,1551261746,2997337676,2018-08-02,delivered,527.9,63.98,591.88,credit_card,8.0,18.0,-13.0,0.0
2759710917,9639c9acf4aa298d4b0b4854136cb253,1.0,888196087,718071674,1734769477,2018-08-14,delivered,29.9,7.47,37.37,credit_card,1.0,2.0,-7.0,0.0
2120626535,d2a447028b1fbbc9200739e3fee4e22c,1.0,481625277,2763985828,3193283800,2018-08-15,delivered,52.99,9.12,62.11,credit_card,6.0,6.0,-3.0,0.0
426329097,c2de24c1d731498ba30b74272b611312,1.0,3061937624,4055088591,3446539219,2018-08-20,delivered,22.83,22.09,44.92,credit_card,1.0,8.0,-35.0,0.0
3957325066,51bfdb83aacf1064814782f7109c6365,1.0,2112968796,1745502899,60670679,2018-07-17,delivered,37.0,12.92,49.92,boleto,1.0,7.0,-7.0,0.0
1975611979,3da634283ea34b9d2a32d6898ad91436,1.0,2983999310,2955832626,3397218519,2018-08-16,delivered,83.81,15.89,99.7,boleto,1.0,5.0,-2.0,0.0
3060253028,b42efa12fc4809e0815df3eb3d636744,1.0,1269223116,1630069179,4193115790,2018-08-08,delivered,329.9,90.98,420.88,credit_card,4.0,6.0,-7.0,0.0
3599958418,b18f96d97651133bd9a491945fa1d3bd,1.0,3535800069,4088199833,1728046229,2018-08-28,delivered,30.0,8.37,38.37,credit_card,3.0,2.0,-1.0,0.0
1307979298,9327dfbb07028fce8769daa61e598891,1.0,3147593555,3393768191,819761952,2018-08-01,delivered,19.49,7.88,27.37,debit_card,1.0,5.0,-2.0,0.0
549556598,9327dfbb07028fce8769daa61e598891,2.0,3147593555,3393768191,819761952,2018-08-01,delivered,19.49,7.88,27.37,debit_card,1.0,5.0,-2.0,0.0
1906172286,31a200fac55455bb8b28d747b21cfb83,1.0,3849803100,2879933892,1134489473,2018-07-03,delivered,69.9,19.68,89.58,credit_card,1.0,3.0,-18.0,0.0
1855311511,0978aeeb31e430bca8401306d75a8164,1.0,2323442392,2118624459,3919369145,2018-07-21,delivered,69.99,23.29,93.28,credit_card,1.0,5.0,-13.0,0.0
393485554,1ea0da27e5223a4695613c899d6adfdd,1.0,1932883795,1010405546,53223181,2018-07-07,delivered,27.49,18.29,45.78,credit_card,1.0,6.0,-26.0,0.0
1196555229,3d0bb712c6a8ebe6bda01b3bdf6f331b,1.0,2879267225,3615026097,1054122065,2018-08-09,delivered,39.0,13.61,52.61,credit_card,1.0,8.0,-7.0,0.0
11573948,0373227125997244e6f59bd76e717abf,1.0,861616298,3247509485,2520348686,2018-08-10,delivered,90.0,17.76,107.76,credit_card,2.0,7.0,-19.0,0.0
2590900398,63d44f6f75e4ac6761afb732931751c0,1.0,3111387346,2803782886,1480205621,2018-08-15,delivered,355.9,20.59,376.49,credit_card,3.0,8.0,-14.0,0.0
252180452,56e434b038a40c8b9b03a9b9dcede8f9,1.0,2253308435,2879483578,2395155220,2018-07-26,delivered,114.0,18.9,132.9,credit_card,1.0,6.0,-15.0,0.0
4266708351,d307f9ed518d1ee6fe69995bf48ede89,1.0,2609887467,3864094454,84469676,2018-08-02,delivered,169.9,34.95,204.85,credit_card,2.0,12.0,-16.0,0.0
67481011,065d7ca47199c0b027e288a77c59a167,1.0,2327225178,2680197216,2699454662,2018-07-29,delivered,65.0,18.26,83.26,credit_card,2.0,5.0,-23.0,0.0
4023240802,71b7a76e413b9a5ac20a14d89ba2b681,1.0,2140299311,480662118,3575236,2018-08-20,delivered,29.9,18.31,48.21,credit_card,4.0,7.0,-4.0,0.0
3336910847,c6c96aae858cf470816e5080de363e47,1.0,1851511305,1307687049,3193283800,2018-07-17,delivered,69.99,14.07,84.06,voucher,1.0,6.0,-10.0,0.0
815001213,248420359d879dd7752d4333a3d7472b,1.0,481447109,1567030015,2812297156,2018-07-12,delivered,330.0,53.03,383.03,credit_card,8.0,18.0,-9.0,0.0
598089979,c2859f3c830b3fab51d945c1c0ef45fc,1.0,2813964966,3772105033,123833255,2018-08-22,delivered,60.0,19.61,79.61,credit_card,2.0,6.0,-6.0,0.0
1032992790,6d70b44b2d0742e51c0434faba7c9afe,1.0,3191591444,2478356935,2090364660,2018-07-21,delivered,31.5,15.32,0.0,unknown,0.0,9.0,-7.0,0.0
2133570571,936b6d1c11f2b85ce1edfa34171b0e0d,1.0,779309566,558865591,2636346249,2018-07-30,delivered,24.99,37.09,62.08,credit_card,6.0,8.0,-7.0,0.0
3541244841,6633cc9b9695c1fd9c51bd5afca04286,1.0,3656297866,484036179,487369962,2018-07-24,delivered,19.99,15.24,35.23,credit_card,2.0,7.0,-8.0,0.0
1385131373,7c372cacf9e2626dd13cc5277d73c6e3,1.0,927775868,3088617168,2047495738,2018-07-26,delivered,18.9,18.23,37.13,boleto,1.0,7.0,-7.0,0.0
4004629217,d6e14e286083e99ba8571e9e8baac0b6,1.0,1485150566,865697753,4120033478,2018-08-22,delivered,179.9,20.45,200.35,credit_card,8.0,7.0,-12.0,0.0
3381205895,2fd164f74becbe83e1b81f3f3ab94d07,1.0,4117325143,451287370,2007304586,2018-08-02,delivered,14.99,7.55,22.54,credit_card,1.0,6.0,1.0,1.0
376656552,9ce1af91f300b02131e968687bca1732,1.0,2549230216,885706209,3103215707,2018-07-19,delivered,669.99,19.79,689.78,credit_card,6.0,8.0,-10.0,0.0
3731337035,76932968baa3f3ec3eb6a11fe79c020f,1.0,340524854,2695419407,208919382,2018-08-11,delivered,88.9,13.96,0.0,unknown,0.0,7.0,-5.0,0.0
3575335991,8511c084d79be37aa0cdc0c9985738d3,1.0,1614021901,1458105883,4109428959,2018-08-11,delivered,13.47,12.79,26.26,credit_card,2.0,5.0,-27.0,0.0
1841654725,cf760ac414f55959d91e54756bb77fda,1.0,3720897050,1604261118,2373578609,2018-08-10,delivered,65.9,18.56,84.46,credit_card,1.0,10.0,-4.0,0.0
3836049524,36534fe142509f207606ad15c006b7dd,1.0,1857400510,2879303372,1553669565,2018-08-13,delivered,43.9,7.57,51.47,credit_card,1.0,2.0,-2.0,0.0
1261947414,36534fe142509f207606ad15c006b7dd,2.0,1857400510,2879303372,1553669565,2018-08-13,delivered,43.9,7.57,51.47,credit_card,1.0,2.0,-2.0,0.0
3738092243,0fc95c806aba2b8aef43db06838ec606,1.0,508459332,959291084,30982368,2018-08-23,delivered,2160.0,27.42,2187.42,credit_card,10.0,5.0,-1.0,0.0
2101029839,a37c35b30b6e6d6e5a62c846cb093a32,1.0,570627298,870882749,1675260091,2018-08-26,delivered,20.9,12.81,33.71,credit_card,1.0,3.0,-15.0,0.0
1386030402,2c9d0e7a53245b11b39d47e84b3d7ac9,1.0,193479034,3360137673,4124878543,2018-07-06,delivered,85.39,20.55,105.94,credit_card,5.0,14.0,-27.0,0.0
4111576358,1dacb75a3f524523a6521835a6787057,1.0,2667719330,457248455,1868809992,2018-08-13,delivered,150.0,16.35,166.35,voucher,1.0,9.0,3.0,1.0
2324149404,9cea6943c0d2ab67dc7bde8ab9b03f32,1.0,711135927,76876465,84469676,2018-08-22,delivered,149.9,27.35,177.25,credit_card,17.0,7.0,-15.0,0.0
1953876191,a5546177a26b3a3c1f39c7c7225a0e75,1.0,3586285235,2668951548,1932973030,2018-07-25,delivered,269.9,43.71,313.61,boleto,1.0,13.0,-3.0,0.0
3437745131,599c3870e523bd6be85a650381029959,1.0,2711953293,2071843410,730094745,2018-07-23,delivered,250.0,32.62,282.62,credit_card,8.0,10.0,-20.0,0.0
3199018762,94b3244b8c0ad78eb455a0638d92b351,1.0,66125087,3841240988,2629826490,2018-08-05,delivered,269.89,61.12,331.01,credit_card,2.0,16.0,-9.0,0.0
3556557469,0fb0e71d92a103ce203e4b32be458d9b,1.0,3569979135,2422745456,3796303809,2018-08-07,delivered,69.9,8.65,78.55,credit_card,1.0,8.0,2.0,1.0
177797358,639c3cf682625ef18cf4539bcb0e510a,1.0,4226281351,1363132350,1361108180,2018-07-13,delivered,84.99,19.99,104.98,boleto,1.0,11.0,-24.0,0.0
675686245,8682a030870edcce6a8b8299b68aa4d6,1.0,2188877136,2783581446,528293807,2018-07-29,delivered,39.9,9.03,48.93,boleto,1.0,3.0,-4.0,0.0
1591420678,a0469b6e4b00520b86b346163905059e,1.0,2419835497,1241208376,2023461531,2018-08-16,delivered,79.99,13.22,93.21,credit_card,1.0,6.0,-5.0,0.0
2455683208,923d5b9c9859803b77bebedfbb23e6cb,1.0,3544822606,4167691624,1930594773,2018-08-13,delivered,48.9,15.44,64.34,credit_card,3.0,5.0,-10.0,0.0
1379288320,5340b130e66f95396ce83ee3f6d36ee4,1.0,3503888743,4062188897,3386738830,2018-07-28,delivered,145.0,21.46,166.46,debit_card,1.0,2.0,-6.0,0.0
4256531518,cd152c10c2b137322bd87555c0553c16,1.0,1762427348,3314297384,390945606,2018-07-04,delivered,79.99,7.82,87.81,credit_card,1.0,4.0,-8.0,0.0
3619282287,5adc5247dae5445e0e95b51b2d29ebdd,1.0,131549601,2622978926,900310379,2018-07-29,delivered,104.6,15.8,120.4,credit_card,1.0,5.0,-17.0,0.0
663667882,b7c7e92c0538642c5ac9a8cbfc098092,1.0,3707032944,1010405546,53223181,2018-07-31,delivered,29.49,18.31,47.8,credit_card,1.0,6.0,-8.0,0.0
2505713407,5e76d3cfcb1b71a6a78fabf6ec3ffb73,1.0,2247711064,1103648778,2074334901,2018-07-06,delivered,530.0,24.35,554.35,voucher,1.0,7.0,-17.0,0.0
3006132753,1d46325dfd950feac6d805fe8a5bb44c,1.0,1296252489,340715854,2953788429,2018-08-12,delivered,149.0,13.7,162.7,credit_card,7.0,3.0,-11.0,0.0
3479616891,1c086b183353c56b2ad03c345330d9a5,1.0,2943100098,237400306,1556364177,2018-08-01,delivered,735.0,23.32,758.32,credit_card,10.0,12.0,-2.0,0.0
3658955103,baff031eabb2b15f770c6ae2f62d76dc,1.0,1011187529,1298295514,890939886,2018-07-30,delivered,93.24,9.4,0.0,unknown,0.0,7.0,5.0,1.0
1847690615,619d55679601970d4f11fd01cd162ecd,1.0,676569083,668819244,1379301944,2018-07-22,delivered,120.0,22.77,142.77,boleto,1.0,12.0,-14.0,0.0
662674423,8688aca523f4e461265ba91b91b1f377,1.0,2528132255,4256177069,1868809992,2018-07-03,delivered,230.0,37.69,267.69,credit_card,8.0,9.0,-11.0,0.0
2631137439,5ef22ec79d2414ffa56518f9f631acae,1.0,269161269,1127105708,2053848117,2018-07-29,shipped,33.0,16.42,49.42,credit_card,4.0,,,
613570248,34d9ffa2e1d65d04ef6c8d4265180939,1.0,3795822180,1537846427,3193283800,2018-07-13,delivered,110.0,23.05,133.05,credit_card,1.0,11.0,-13.0,0.0
2978471397,525e92612e912b7ee6e24ae17bb4a79f,1.0,1705316508,2422012691,196831707,2018-07-25,delivered,209.99,25.82,235.81,credit_card,2.0,7.0,-21.0,0.0
1226050088,246840373d06acdce224acc218f73c66,1.0,446374085,955139250,3845926859,2018-07-17,delivered,42.9,12.96,55.86,credit_card,5.0,5.0,-8.0,0.0
3088042662,8d362590a388a3c9c7de2dbb72edc957,1.0,2446345835,2323768122,1503904388,2018-07-11,delivered,18.95,13.47,32.42,credit_card,1.0,16.0,-13.0,0.0
1863388117,5f80e465e18f7f99372159cb3b5c88c6,1.0,1490287017,1241642435,1212548875,2018-07-26,delivered,459.9,61.3,521.2,credit_card,5.0,5.0,-15.0,0.0
1232386666,2cddd5821b44b272c68fd4d199029359,1.0,1997621740,2293807380,2699454662,2018-08-06,delivered,82.0,15.87,97.87,credit_card,3.0,6.0,3.0,1.0
2345709612,dc3fedc15bcfea3fb0e670ce3a8f3c27,1.0,472988243,177320649,1557592361,2018-08-04,delivered,58.9,16.6,75.5,credit_card,3.0,8.0,-14.0,0.0
2126654129,43087656122626e1409fa13f195a0e85,1.0,285269100,12852246,604144110,2018-08-16,delivered,245.0,48.38,293.38,credit_card,5.0,8.0,-19.0,0.0
1946878964,a4cc039dfeca8a0ebb241f3b44f29930,1.0,764664850,1205223205,3103215707,2018-08-05,delivered,259.99,10.75,270.74,debit_card,1.0,3.0,-12.0,0.0
3923134897,25a328788a40be038f54f6b2d3c54b78,1.0,1269292425,4260245929,1692063826,2018-07-26,delivered,129.0,18.7,147.7,credit_card,1.0,5.0,-10.0,0.0
592159101,8346e642eb8d376b57cddc53b6118a3a,1.0,87898583,2961198396,486655703,2018-08-01,delivered,53.9,23.18,77.08,credit_card,4.0,7.0,-7.0,0.0
768592169,66cce1a5edcf6eaaa50e28b6914de70a,1.0,4059606466,426287868,2014339942,2018-08-01,delivered,55.0,23.19,78.19,credit_card,1.0,5.0,-21.0,0.0
3444854617,66cce1a5edcf6eaaa50e28b6914de70a,2.0,4059606466,426287868,2014339942,2018-08-01,delivered,55.0,23.19,78.19,credit_card,1.0,5.0,-21.0,0.0
2932797295,66cce1a5edcf6eaaa50e28b6914de70a,3.0,4059606466,426287868,2014339942,2018-08-01,delivered,55.0,23.19,78.19,credit_card,1.0,5.0,-21.0,0.0
2451833088,7abc6cbea47e076ca46d3bbc4afab9bc,1.0,524384940,3547344228,688372801,2018-08-02,delivered,21.99,7.41,29.4,boleto,1.0,5.0,-2.0,0.0
699177359,7ca4d763a39831d8ba826af943d73ef2,1.0,3576460701,558538250,2395580491,2018-07-17,delivered,254.0,19.88,273.88,credit_card,5.0,12.0,-7.0,0.0
386515984,b2eda1812564491a3461f7e08104ed8f,1.0,3615606735,1831939988,64048325,2018-08-15,delivered,31.62,8.0,39.6175,credit_card,3.0,8.0,-25.0,0.0
2462425161,b2eda1812564491a3461f7e08104ed8f,2.0,3615606735,1831939988,64048325,2018-08-15,delivered,31.62,8.0,39.6175,credit_card,3.0,8.0,-25.0,0.0
3006716535,b2eda1812564491a3461f7e08104ed8f,3.0,3615606735,1831939988,64048325,2018-08-15,delivered,31.62,8.0,39.6175,credit_card,3.0,8.0,-25.0,0.0
878531461,b2eda1812564491a3461f7e08104ed8f,4.0,3615606735,1831939988,64048325,2018-08-15,delivered,31.62,8.0,39.6175,credit_card,3.0,8.0,-25.0,0.0
885851724,200b121c28e10ef638131a7c76753327,1.0,875262636,2305097191,2261194409,2018-08-04,delivered,100.0,19.89,119.89,credit_card,1.0,19.0,-7.0,0.0
2203384357,029b99b0436c25c8de22cb828831ffa8,1.0,1078339950,2687751354,1910806323,2018-07-30,delivered,379.0,63.63,442.63,credit_card,1.0,10.0,-7.0,0.0
1531397441,7781f29a6de6cb94622ec8cb927dded0,1.0,2988150602,4156779475,1576479322,2018-08-16,delivered,58.9,9.16,68.06,boleto,1.0,6.0,1.0,1.0
3717414645,3e12e60631dc37f47e3e3b6d866758e6,1.0,1949144783,3216599867,1919968767,2018-07-29,delivered,110.32,18.87,129.19,credit_card,6.0,8.0,-15.0,0.0
262723000,124f1c960dc017afef91dc9c65b771b1,1.0,282414377,3898612104,3103215707,2018-08-18,delivered,899.0,14.63,913.63,credit_card,10.0,5.0,-10.0,0.0
2557277250,6559afcb08c9458feea561826c4a178d,1.0,2790669294,3345611905,372596841,2018-07-08,delivered,45.0,18.42,63.42,credit_card,3.0,22.0,-3.0,0.0
2181553792,739706624ef992fc93bb60f5df5e1278,1.0,953772363,3401608665,2384341342,2018-08-15,delivered,469.0,23.92,492.92,credit_card,8.0,7.0,-6.0,0.0
3668655036,8aa454f4a1257f74aa178aba255e7cf7,1.0,2355356561,234285758,53223181,2018-08-07,delivered,129.99,9.07,139.06,credit_card,1.0,5.0,0.0,0.0
2008840466,317e2909dc1f2ccf9d267681ec127887,1.0,2034425832,3599368628,1521024051,2018-08-14,delivered,149.99,19.1,169.09,boleto,1.0,10.0,-12.0,0.0
1261061005,82cfc721893072e906ea29b1f0fa08f0,1.0,1847342647,802120517,737969628,2018-08-17,delivered,72.9,23.31,96.21,boleto,1.0,10.0,-2.0,0.0
3520168778,5dc2065524809a87208d760d279f88ca,1.0,749977983,3564944718,1562587860,2018-07-29,delivered,116.77,8.08,124.85,boleto,1.0,4.0,-4.0,0.0
891732033,5fc3e04af31e724bfee5ffab7d3b41db,1.0,3465087565,2706265616,292598503,2018-07-31,delivered,69.97,27.47,97.44,credit_card,4.0,3.0,-7.0,0.0
1296711730,0890337bc4f93f0370ccdd9a0c8b1f55,1.0,3176386747,3772105033,123833255,2018-07-20,delivered,60.0,16.61,76.61,credit_card,1.0,13.0,-5.0,0.0
4271936871,a74094da6741c43e6cdd5fc25ca3ff98,1.0,4116683403,599914151,581044507,2018-08-14,delivered,300.0,9.84,309.84,credit_card,1.0,3.0,-10.0,0.0
97134342,67e5eba68c1f19de1a6cb6dd510deaa7,1.0,3839192706,1453644250,3243706070,2018-08-07,delivered,12.51,15.23,27.74,credit_card,1.0,3.0,-17.0,0.0
2847678494,1454f9bf7010409e8e51291143c2a930,1.0,3630722355,1160518500,274024788,2018-08-18,delivered,44.4,22.24,66.64,boleto,1.0,8.0,-16.0,0.0
3628214300,b6bb5d08beeff5a09c5af18ebca9f072,1.0,690077232,2949074974,2490225171,2018-07-16,delivered,6.1,15.23,21.33,debit_card,1.0,10.0,-11.0,0.0
737420480,4e16f71b2a5ddc0266f9ddfdfd0bcfba,1.0,3389341330,2746034656,261066546,2018-07-22,delivered,118.7,15.93,134.63,boleto,1.0,4.0,-10.0,0.0
2036961180,4cf65f650cc60791bfb99bbaa418faf9,1.0,2737732167,340821601,1432305819,2018-07-09,delivered,49.99,16.54,66.53,boleto,1.0,45.0,30.0,1.0
1029037554,86c411cc5e0c28b069f3e98edc6e6290,1.0,3571937210,2452992091,1527800984,2018-07-10,delivered,51.31,7.94,59.25,credit_card,1.0,2.0,-6.0,0.0
3656420408,c8a213120beabf236f804ec4212fe950,1.0,739607819,2902862598,4151559108,2018-07-23,delivered,79.0,13.89,92.89,credit_card,4.0,7.0,-10.0,0.0
3425370699,58b5827a8910147ec66b855b9d2096a4,1.0,3112972876,2413767872,2870196462,2018-07-22,delivered,21.9,15.25,37.15,credit_card,1.0,11.0,-6.0,0.0
1379086558,90dbcfe5c30e1fd81cfaf22dc879e81b,1.0,1460116764,2496871246,1251749408,2018-08-17,delivered,159.9,12.14,172.04000000000002,voucher,1.0,4.0,-6.0,0.0
1670891144,618f64df06c611bd4ea802bafba3e20c,1.0,181073137,2353618580,313823481,2018-08-05,delivered,139.9,51.7,191.6,credit_card,2.0,8.0,-16.0,0.0
4106278392,7c67a9f94c58c5b1c1a40953151fbccd,1.0,3621395004,1978023787,3720054999,2018-08-26,delivered,20.0,15.24,35.24,credit_card,1.0,3.0,-19.0,0.0
1014780843,cf97ea340fcb30e950d9c656341fdf25,1.0,319611500,1293240412,2622583364,2018-08-07,delivered,145.9,19.12,165.02,credit_card,4.0,6.0,-11.0,0.0
42641222,7c77dfe4ee780d97bc7247d7aa809ab8,1.0,1820358368,2952424396,1615213775,2018-07-31,delivered,82.9,23.38,106.28,credit_card,8.0,5.0,-7.0,0.0
3685586124,7c77dfe4ee780d97bc7247d7aa809ab8,2.0,1820358368,2952424396,1615213775,2018-07-31,delivered,82.9,23.38,106.28,credit_card,8.0,5.0,-7.0,0.0
3999164247,b779a9b1774b12944ab77d39b831f151,1.0,4260859580,1437112236,1925481417,2018-08-19,delivered,64.9,9.2,74.1,credit_card,1.0,15.0,11.0,1.0
4221213473,57e15c1ad29a85e248eeefad05d29453,1.0,2085057294,3545189115,368619248,2018-07-31,delivered,955.0,17.71,972.71,credit_card,10.0,1.0,-7.0,0.0
4251651452,9d933ce196b732edb1fdfe89094d4ddd,1.0,397022022,1436402221,3131976384,2018-08-08,delivered,89.9,57.4,147.3,boleto,1.0,7.0,-11.0,0.0
3637604457,c05dd0beb102cea787767476aa03d03e,1.0,3183183627,302400981,2304947736,2018-08-04,delivered,49.0,7.6,56.6,credit_card,1.0,4.0,-1.0,0.0
163698361,3146e5198dddba5ff4a7843339a58226,1.0,1834483256,2835678289,1808571558,2018-07-01,delivered,119.9,14.18,134.08,credit_card,2.0,12.0,-13.0,0.0
2141823636,2268107fccbaa5d8b921f82146286350,1.0,2706791153,1621722146,1734769477,2018-07-08,delivered,269.9,83.96,353.86,credit_card,8.0,30.0,-13.0,0.0
1431540127,2268107fccbaa5d8b921f82146286350,2.0,2706791153,1621722146,1734769477,2018-07-08,delivered,269.9,83.96,353.86,credit_card,8.0,30.0,-13.0,0.0
2088233488,9b17125defce8ecb669a929fce9bb7c8,1.0,1453297734,2512749155,1580565151,2018-07-19,delivered,110.0,9.52,119.52,credit_card,5.0,4.0,-6.0,0.0
3800119289,69fe57ea54b1926c309bb133b16f9501,1.0,2864037718,1673421307,1494035739,2018-08-05,delivered,22.99,8.91,31.9,boleto,1.0,10.0,2.0,1.0
3400131021,4ac4fb9e257eb00d2e54d539aacfe9a7,1.0,3584711849,2036129729,261066546,2018-08-22,delivered,116.9,15.92,132.82,credit_card,2.0,5.0,-10.0,0.0
3403649714,177200d363504ea94b5064b05929e2e6,1.0,72280068,2922990635,1728046229,2018-07-19,delivered,76.5,26.84,103.34,boleto,1.0,8.0,-13.0,0.0
2708886548,177200d363504ea94b5064b05929e2e6,2.0,72280068,2922990635,1728046229,2018-07-19,delivered,76.5,26.84,103.34,boleto,1.0,8.0,-13.0,0.0
2402259518,aceb0ac9c2d49926c0eadc1510a3ff53,1.0,3156346212,4037687683,1571264779,2018-07-30,delivered,139.0,25.84,164.84,credit_card,2.0,2.0,-8.0,0.0
448979665,cac424e74cd7f269d55aecca60a99333,1.0,1542839627,244307195,2047495738,2018-07-02,delivered,24.9,15.27,0.0,unknown,0.0,8.0,-10.0,0.0
776093757,1ecf7a9583c0f92f07515fcd970004f2,1.0,2328998606,2239842279,3466443720,2018-07-30,delivered,75.27,24.62,99.93518595194084,debit_card,1.0,4.0,-10.0,0.0
2757729581,1ecf7a9583c0f92f07515fcd970004f2,2.0,2328998606,416134407,935749508,2018-07-30,delivered,29.99,9.85,39.81740702402957,debit_card,1.0,4.0,-10.0,0.0
3007699848,1ecf7a9583c0f92f07515fcd970004f2,3.0,2328998606,359934467,935749508,2018-07-30,delivered,29.99,9.85,39.81740702402957,debit_card,1.0,4.0,-10.0,0.0
4042262429,cab6aa158d9699a614d92fb920c9ae3e,1.0,9822899,905536098,3503366785,2018-07-28,delivered,42.5,12.96,55.46,credit_card,2.0,5.0,-13.0,0.0
4125455792,0a0d25405f3880fbd46619f0852c250d,1.0,3073784746,3431141066,4086780073,2018-07-02,delivered,39.0,13.35,52.35,credit_card,1.0,7.0,-14.0,0.0
3419458386,5057598da256a7629c0f6f21877215ba,1.0,1777395713,1298587907,3109319898,2018-07-11,invoiced,535.9,17.33,553.23,debit_card,1.0,,,
3439572529,85c515e575c1c602e0d8aec66e8f9574,1.0,840203553,385044542,2304947736,2018-07-31,delivered,55.0,13.05,68.05,credit_card,6.0,6.0,-4.0,0.0
3134414812,2a5fb538dd11c749a13dd935a06a7c39,1.0,2599920241,1138073106,3474918787,2018-08-16,delivered,68.5,16.67,85.17,boleto,1.0,7.0,-5.0,0.0
3053164298,b06d2e18ca56fb3cfc0d354ced901371,1.0,2482240277,2746800266,1884653127,2018-07-25,delivered,19.9,7.4,27.3,credit_card,1.0,1.0,-6.0,0.0
2695750925,a37f223ddfb275821019dd70ef97b23f,1.0,1455244955,4294399807,2308685613,2018-08-19,delivered,80.9,8.73,89.63,debit_card,1.0,2.0,-1.0,0.0
1070468688,0be2b529a3bc3a0f53bf110c1f01eeb4,1.0,2202144878,1557665344,730094745,2018-07-31,delivered,27.99,8.36,36.35,credit_card,3.0,3.0,-7.0,0.0
1505983472,bff76a871750bd5f03d22c007cd7d26d,1.0,812931437,2990345866,3326062316,2018-07-25,invoiced,29.9,8.37,38.27,debit_card,1.0,,,
3504204505,2fa5e9f6c4873828710c581b86281125,1.0,2649608693,3624575659,585086534,2018-08-02,delivered,37.99,18.37,56.36,boleto,1.0,6.0,-8.0,0.0
4269157784,44c5dae14c55309b097d6c510ef1a986,1.0,812830812,3943260378,3533610550,2018-07-19,delivered,170.0,8.45,178.45,credit_card,4.0,5.0,-7.0,0.0
2869481816,44c5dae14c55309b097d6c510ef1a986,2.0,812830812,3943260378,3533610550,2018-07-19,delivered,170.0,8.45,178.45,credit_card,4.0,5.0,-7.0,0.0
2637174469,721cdd34c6ff27fe0fb9f2c21f27d444,1.0,287591327,1890116052,879645702,2018-07-16,delivered,58.5,19.6,78.1,credit_card,1.0,7.0,-10.0,0.0
3799406267,9244b03b112570e6f798f37c7eafe1a6,1.0,204308938,2832388238,900310379,2018-08-08,delivered,72.9,18.61,91.51,boleto,1.0,7.0,-18.0,0.0
700155925,baa6bf9e45e84e1d9659e246e9f99146,1.0,2097799193,4180324238,3302929409,2018-07-19,delivered,78.45,26.85,105.3,credit_card,4.0,7.0,-11.0,0.0
2259987319,bdc386da6334df2a3ed8c51f0fe77c16,1.0,2222335259,2973009132,2880307388,2018-08-07,delivered,79.9,19.75,99.65,credit_card,1.0,16.0,-6.0,0.0
2724494307,ce2d0e7e8a249b93d3cfadb57113023f,1.0,724650144,2808117787,3877577216,2018-08-16,delivered,59.0,13.75,72.75,credit_card,3.0,7.0,-7.0,0.0
2296063773,b9abdcc7b19ca8ed02a20da7575487e0,1.0,1440196605,2072937796,1809103188,2018-07-28,delivered,140.7,13.65,154.35,credit_card,2.0,6.0,-5.0,0.0
3897223512,afaee45f0a9f01571cc18395ecc4ad0e,1.0,274287005,835033899,2845521358,2018-08-15,delivered,69.5,13.15,82.65,credit_card,3.0,4.0,-4.0,0.0
1475338208,4e7909532524b84d763e7122b02a8220,1.0,41737309,1080309764,357383673,2018-07-19,delivered,129.9,73.5,203.4,credit_card,2.0,18.0,-9.0,0.0
3638989109,1f7ca128c2e0034d8ebe8a38824c0db1,1.0,2105403743,842473483,2636346249,2018-07-16,delivered,27.99,18.3,46.29,credit_card,3.0,10.0,-15.0,0.0
4004601857,395cdd6553a4735ca1839ba756f6fbaf,1.0,461145372,4135096168,3877577216,2018-07-23,delivered,120.0,18.99,138.99,credit_card,4.0,7.0,-21.0,0.0
3213960316,c4c6f4e48fd572d4d909012e522ab9c1,1.0,154279002,3969958778,1503930686,2018-08-07,delivered,166.9,27.47,194.37,credit_card,3.0,7.0,-6.0,0.0
1570927573,c72a06dbd2869dbfa3dc93ca4f262f37,1.0,657504026,3223733798,3488828128,2018-08-27,delivered,52.51,14.67,67.18,credit_card,6.0,3.0,-14.0,0.0
2922469925,d2adf5300d2ee5f376ae9bdd68f7723f,1.0,820600132,3670078461,1379301944,2018-07-24,delivered,13.6,18.23,31.83,credit_card,1.0,7.0,-13.0,0.0
2780015037,45f016f4ad553379b5e7e9c0d3fff18a,1.0,326805362,1348209698,60670679,2018-07-02,delivered,119.0,14.41,133.41,credit_card,4.0,6.0,-16.0,0.0
2235204137,35152cb67f98c4fdd13067357f357b27,1.0,2853235830,1954901884,3485175421,2018-07-24,delivered,84.9,23.39,108.29,credit_card,1.0,6.0,-10.0,0.0
2687116169,88ab23508366bde2dc715c9f05236499,1.0,3712638283,2603818942,1995175416,2018-07-25,delivered,594.99,60.94,655.93,credit_card,6.0,11.0,-14.0,0.0
1884004921,c36b0f4253481ba100d5a003cd3b6fc6,1.0,167110164,3144390856,881916968,2018-08-02,delivered,39.9,22.21,62.11,credit_card,1.0,6.0,-8.0,0.0
4175372156,e1d0f82fb7dcb6e5efb48ace3c44734e,1.0,380586744,2174962782,3497601394,2018-07-02,delivered,62.9,14.75,77.65,credit_card,1.0,4.0,-16.0,0.0
2255009363,7c5a2d5d250c97dae083141ed6981171,1.0,2483566842,1939999160,2384848440,2018-08-13,delivered,129.9,27.89,157.79,credit_card,2.0,4.0,-6.0,0.0
41461729,2b81ceae14ec578d18655477c0efa3e8,1.0,4065601165,965314385,1868809992,2018-07-24,delivered,70.0,23.29,93.29,credit_card,1.0,6.0,-16.0,0.0
1994283010,7e61f390f3e0aa3b112e56091d2b9ee3,1.0,1087729820,1694910399,900310379,2018-08-17,shipped,158.26,15.41,173.67,credit_card,8.0,,,
949908591,62c3b8aeb068482a78dd4c95bbf5fc26,1.0,3695266183,2665202776,2358549127,2018-07-12,delivered,549.0,54.56,603.56,credit_card,8.0,12.0,-15.0,0.0
1631389937,b51e7cbbbfa8be3170cd749bf5c8d2ba,1.0,593684279,1799036717,2494108194,2018-07-19,delivered,634.4,46.72,681.12,boleto,1.0,18.0,-16.0,0.0
2508781524,bc839831ba2010861cf9e75ed8f1306f,1.0,3433145594,4007030905,1021285084,2018-08-02,delivered,139.9,50.5,190.4,credit_card,3.0,26.0,6.0,1.0
3932248215,304c27b7d7d7461111113b0d0618af2e,1.0,1953470699,799122612,1585314166,2018-08-16,delivered,49.9,7.61,57.51,credit_card,1.0,6.0,-5.0,0.0
302033337,c95e5fb0ca685ee52a7db232285bf70e,1.0,479774489,1259716184,53223181,2018-08-02,delivered,27.9,18.3,46.2,credit_card,1.0,7.0,-19.0,0.0
2684841024,9144181fd06902570ce9c34860652f55,1.0,1816533507,767180015,1919968767,2018-08-23,delivered,110.32,8.03,118.35,credit_card,5.0,6.0,-5.0,0.0
3206791603,a02139e1bf51513338d2df19fd5d1d28,1.0,2051804001,3343603979,2722740119,2018-07-12,delivered,189.0,20.51,209.51,credit_card,2.0,12.0,-13.0,0.0
3571381545,b6cbc6d5691e8f90e30c96fce90bb62a,1.0,2214137320,3313280367,2892609914,2018-08-13,delivered,39.0,19.46,58.46,credit_card,5.0,7.0,-14.0,0.0
1863589320,ad35e12cac3d10509e40885edfbc33d9,1.0,3291692120,592096461,2304947736,2018-08-15,delivered,78.0,7.81,85.81,credit_card,4.0,2.0,-2.0,0.0
3312293762,89a854a74c3f34399207674b686299b0,1.0,2683132720,1716446680,4194263931,2018-07-17,delivered,139.0,22.9,161.9,credit_card,2.0,13.0,-17.0,0.0
2911119641,681f6998a6bb650120b24343fb7aab6a,1.0,3173662092,3457505664,2511118077,2018-07-26,delivered,29.9,8.96,38.86,credit_card,1.0,3.0,-4.0,0.0
3369836290,ce7cf6dd8f80dfb98716950ae40eca59,1.0,1619119315,2013442943,368619248,2018-08-11,delivered,26.9,7.45,34.349999999999994,boleto,1.0,4.0,-2.0,0.0
1640145451,ce7cf6dd8f80dfb98716950ae40eca59,2.0,1619119315,2013442943,368619248,2018-08-11,delivered,26.9,7.45,34.349999999999994,boleto,1.0,4.0,-2.0,0.0
2228024388,ce7cf6dd8f80dfb98716950ae40eca59,3.0,1619119315,2013442943,368619248,2018-08-11,delivered,26.9,7.45,34.349999999999994,boleto,1.0,4.0,-2.0,0.0
2897498301,ce7cf6dd8f80dfb98716950ae40eca59,4.0,1619119315,2013442943,368619248,2018-08-11,delivered,26.9,7.45,34.349999999999994,boleto,1.0,4.0,-2.0,0.0
132080834,ce7cf6dd8f80dfb98716950ae40eca59,5.0,1619119315,2013442943,368619248,2018-08-11,delivered,26.9,7.45,34.349999999999994,boleto,1.0,4.0,-2.0,0.0
377906624,0fcc8a86bc6abccde37d94e2a28f17b9,1.0,1740740160,3420221311,123833255,2018-08-17,delivered,32.0,8.97,40.97,credit_card,1.0,4.0,-1.0,0.0
2422535251,115f2ca39e45b0ae938c0fbde15c145b,1.0,387326475,1010240874,1082701225,2018-07-15,delivered,59.9,16.61,76.51,credit_card,1.0,5.0,-10.0,0.0
2559700079,024a74550cdbd36c0fe3955fc9e2bcf0,1.0,1287470129,3864701718,2636346249,2018-08-09,delivered,27.99,7.46,35.45,credit_card,1.0,6.0,1.0,1.0
4228668838,0bbca56fc4659e5b3ee85bbe37284f13,1.0,2432903844,2478356935,2090364660,2018-07-26,delivered,31.5,8.38,39.88,credit_card,1.0,2.0,-9.0,0.0
2697101945,a83bb8ac33348c821f5d1062e6aa2027,1.0,1999374994,281196652,2566875709,2018-08-24,delivered,125.0,25.04,150.04,credit_card,10.0,6.0,-7.0,0.0
3984071205,a83bb8ac33348c821f5d1062e6aa2027,2.0,1999374994,281196652,2566875709,2018-08-24,delivered,125.0,25.04,150.04,credit_card,10.0,6.0,-7.0,0.0
1100542326,008cfe221ab054c89bc31720098cca51,1.0,2745494528,1581137996,1066843052,2018-08-08,delivered,109.99,36.85,0.0,unknown,0.0,6.0,-6.0,0.0
2488692736,80868dd37e63ac8fbe1aa89083b8f2b0,1.0,2984124841,374058553,1884653127,2018-08-25,delivered,31.9,18.32,50.22,credit_card,3.0,5.0,-12.0,0.0
131646857,4b73c0e7ff2959acc87faf89631f9943,1.0,4022517855,1466965093,1027933367,2018-08-21,delivered,59.0,7.67,66.67,voucher,1.0,1.0,-5.0,0.0
3962038340,3677265b3eb6f14577f63e2483b87882,1.0,2142271373,3461635839,3734963615,2018-08-11,delivered,175.9,19.33,195.23,boleto,1.0,8.0,-10.0,0.0
2901039417,5e41ebabb65c9b6a46dbbfee1b4d6a4b,1.0,900798618,3622290110,2982880934,2018-08-05,delivered,14.9,7.39,22.29,credit_card,1.0,2.0,-1.0,0.0
1809316380,3e57128c6628df0162aefb87d11d4bc2,1.0,980073581,512650152,1471696078,2018-07-13,delivered,35.9,13.59,49.49,credit_card,1.0,12.0,-8.0,0.0
1591536991,c006bbd1a1ae4337965b7ad0dac0c61e,1.0,2260115671,1042450476,1867257412,2018-07-11,delivered,58.99,11.43,70.42,credit_card,1.0,2.0,-6.0,0.0
3516755388,1728847cf9a9a8c5f57a2e38bec5ecf9,1.0,858682009,1283734730,1464160362,2018-07-10,delivered,36.5,15.56,52.06,credit_card,6.0,5.0,-3.0,0.0
67910014,1728847cf9a9a8c5f57a2e38bec5ecf9,2.0,858682009,1283734730,1464160362,2018-07-10,delivered,36.5,15.56,52.06,credit_card,6.0,5.0,-3.0,0.0
3215469277,4830473362441527781ef6c1860cac4c,1.0,743279162,529226266,873124783,2018-08-26,delivered,22.9,15.46,44.01534791252485,credit_card,4.0,3.0,-13.0,0.0
3284860767,4830473362441527781ef6c1860cac4c,2.0,743279162,349525395,1464160362,2018-08-26,delivered,19.9,15.46,38.24914512922466,credit_card,4.0,3.0,-13.0,0.0
218228469,4830473362441527781ef6c1860cac4c,3.0,743279162,1163118043,1464160362,2018-08-26,delivered,7.5,15.46,14.4155069582505,credit_card,4.0,3.0,-13.0,0.0
2483636794,dcf05b0ffad45d04f992ba7dba355275,1.0,1317003402,1617073345,2066293060,2018-07-21,delivered,109.9,9.52,119.42,boleto,1.0,4.0,-8.0,0.0
519687280,a1ae7c02634b9a9911a9dfa3dfbf6c16,1.0,3675566858,293082045,915215172,2018-07-26,delivered,410.0,20.67,430.67,boleto,1.0,7.0,-26.0,0.0
2341910955,642bb05feac1a0177c93210d0553e8e4,1.0,2122875171,2929918848,305748041,2018-08-20,delivered,32.9,8.98,41.88,credit_card,4.0,1.0,-9.0,0.0
1874070623,4199a7bc1c9f1b2df2a5fd055fce1e5d,1.0,1009389156,1331289252,2580370799,2018-07-30,delivered,229.0,21.87,250.87,credit_card,1.0,9.0,-22.0,0.0
1346861194,0804701eb9f74ec349c0b1dce5a83df7,1.0,180840072,44231029,902866353,2018-08-09,delivered,40.0,14.58,54.58,credit_card,1.0,5.0,-9.0,0.0
1592195257,b37f75b6989911c687965cee14dc22ca,1.0,2270947904,248530219,1018258220,2018-07-21,delivered,499.65,40.41,540.06,credit_card,8.0,23.0,4.0,1.0
2179602590,0c4af986e0aaede577f05163c1ee5911,1.0,4136427619,640643894,1576479322,2018-08-20,delivered,128.59,19.0,147.59,credit_card,5.0,3.0,-11.0,0.0
3891303279,904d1d3bf21a8c56e931f8ac05d284c6,1.0,3344039347,4093084444,2304947736,2018-07-15,delivered,145.0,19.12,164.12,boleto,1.0,9.0,-7.0,0.0
3489950569,9a39823cabf87305e23b619a5636920d,1.0,1978300612,2399914428,1573069542,2018-08-18,delivered,15.9,15.23,31.13,credit_card,1.0,9.0,-8.0,0.0
872733119,0baa0062fe85d1ac765aa6ee112bb624,1.0,317312229,534315013,1734769477,2018-08-18,delivered,14.99,7.71,22.7,credit_card,1.0,3.0,-10.0,0.0
3171400620,031e976ccc4a1678f5485552ed1ae778,1.0,3870421995,3199735589,3234005918,2018-08-07,delivered,179.9,39.77,219.67,credit_card,4.0,7.0,-27.0,0.0
301718275,2fc7fe2e06e84beba127768beb2f705e,1.0,951448883,188895250,1919968767,2018-08-03,delivered,110.32,8.03,118.35,credit_card,1.0,10.0,3.0,1.0
544913959,2fc7fe2e06e84beba127768beb2f705e,2.0,951448883,4252382196,1919968767,2018-08-03,delivered,110.32,8.03,118.35,credit_card,1.0,10.0,3.0,1.0
1997764380,7663c1a8c96ea5b2f5a3554241ce9711,1.0,2991630896,1300612368,2892609914,2018-07-17,delivered,39.0,13.85,52.85,credit_card,2.0,2.0,-11.0,0.0
745592243,89d5f92a293efac0b96497f3c0ad19e5,1.0,1841578169,2799567097,2312352607,2018-07-03,delivered,119.0,8.09,0.0,unknown,0.0,8.0,-8.0,0.0
1453333880,50d8dde0dc9d533132878a7a47e674f8,1.0,971954836,3155317297,3496255205,2018-08-20,delivered,26.0,18.28,44.28,boleto,1.0,7.0,-3.0,0.0
220182316,9d18163cf9d35e24677b08a21030866d,1.0,3254612653,3791172594,605810449,2018-08-03,delivered,39.99,19.47,59.46,voucher,1.0,7.0,-4.0,0.0
1640142595,00ad1a02d4d9decad15c7e8f8a9470cc,1.0,668601239,3975056712,2304947736,2018-08-04,delivered,49.0,19.25,68.25,boleto,1.0,13.0,-18.0,0.0
1808664323,4d43bfbb3343be92e8d9b221e34271b4,1.0,3688513656,2101476970,3102855526,2018-08-13,delivered,72.9,19.7,92.6,credit_card,1.0,9.0,-4.0,0.0
2834281636,b50e3b667299367d4fde7a9395627941,1.0,1587442007,1688545854,3778119994,2018-08-14,delivered,899.0,25.48,924.48,credit_card,10.0,6.0,-15.0,0.0
979703140,6054b24d6a5bbe0e90fd7ebb14d602e8,1.0,729376037,1408595600,2558590040,2018-08-23,delivered,98.0,9.82,107.82,credit_card,3.0,4.0,-4.0,0.0
3642645107,791991a7db7d70d16897990d39b0a173,1.0,3554155507,4207246176,926823165,2018-07-07,delivered,15.0,7.39,22.39,boleto,1.0,4.0,-8.0,0.0
1057550834,7931c99744c2989d6f5218d38f439804,1.0,831474901,3925803884,1026558515,2018-08-06,delivered,179.9,51.98,231.88,credit_card,4.0,8.0,-20.0,0.0
2888674880,5482a1c74b1b5fb1af78a425b7ceabb8,1.0,1820364902,2687803550,3115096273,2018-08-16,delivered,28.8,16.39,45.19,debit_card,1.0,14.0,-12.0,0.0
715596221,4c8ec3cddd2db163e7cf2d6b1996629e,1.0,3760129667,887825307,2173695781,2018-07-26,delivered,139.0,67.56,206.56,credit_card,4.0,6.0,-14.0,0.0
3275709637,127f6cc9849c481c4f0daf043a91a129,1.0,943162507,2791983364,2133600640,2018-07-19,delivered,473.24,44.48,517.72,credit_card,1.0,11.0,-10.0,0.0
3571560772,4c6e24a5fceacbcf444cdb5141ec1688,1.0,681564295,177320649,1557592361,2018-08-07,delivered,58.9,16.6,0.0,unknown,0.0,7.0,-29.0,0.0
2515727499,7dc752874b41282cfc7a1d5b22a5baef,1.0,2277808692,101048405,2622583364,2018-08-24,delivered,104.0,18.83,122.83,credit_card,1.0,6.0,-12.0,0.0
2206408588,38855925f815a5c3f4ce58f6c6f9113d,1.0,996814423,1025798418,2580370799,2018-07-02,delivered,94.9,18.76,113.66,credit_card,1.0,8.0,-17.0,0.0
2632044346,d83f19fa5fce346e31c60b35257f4329,1.0,3067159082,1277571969,1763790356,2018-08-04,delivered,170.0,25.54,195.54,boleto,1.0,8.0,-10.0,0.0
775927519,c235bf02873c715d34d2036031d3b9c7,1.0,514202811,3816172148,3957555298,2018-08-10,delivered,428.9,47.35,476.25,credit_card,10.0,6.0,-14.0,0.0
1311847268,50d13ba81241f2be0e2561cffdd5d088,1.0,4287259444,255853343,3734320862,2018-08-21,delivered,30.94,19.99,50.93,credit_card,1.0,9.0,-22.0,0.0
3697629042,1e0a395430b20ee676be812c714b1ba6,1.0,1185376598,1199964600,1692063826,2018-08-12,delivered,39.0,15.37,54.37,debit_card,1.0,3.0,-11.0,0.0
3972595530,2b2354a7ca69d0b7f006aeab04524c12,1.0,3792627589,4078661946,1144498750,2018-07-08,delivered,58.9,18.51,77.41,credit_card,2.0,15.0,-21.0,0.0
2232954515,8a815ef04af4a8e91fd908912074ac5c,1.0,514651,3002338261,1659506471,2018-08-09,delivered,249.99,12.77,262.76,credit_card,10.0,2.0,-6.0,0.0
349608198,82b6dbd2e82b747fa17ab0d7c715fe73,1.0,4287628686,1776620515,2475905934,2018-07-12,delivered,99.99,12.43,112.42,credit_card,10.0,8.0,-6.0,0.0
2213894156,64439b9234594e291aa9a30c226f257e,1.0,1883097870,2938175953,4119113287,2018-07-09,delivered,466.0,26.87,492.87,credit_card,3.0,21.0,5.0,1.0
2459481400,66e1b657a71397245290f39ffe24031e,1.0,603249968,3047309132,3397218519,2018-07-22,delivered,18.9,7.39,26.29,boleto,1.0,2.0,-7.0,0.0
3640134697,66e1b657a71397245290f39ffe24031e,2.0,603249968,3047309132,3397218519,2018-07-22,delivered,18.9,7.39,26.29,boleto,1.0,2.0,-7.0,0.0
3570046271,6cff0c3dacf64bb7cb2ad584b81b7d0d,1.0,2181605492,4107361782,1856359935,2018-08-26,delivered,25.99,7.44,30.83,debit_card,1.0,2.0,-17.0,0.0
1729874072,d5068130956ac251d7995450e9627aef,1.0,1487628693,461801977,3055262203,2018-07-25,delivered,199.0,19.49,218.49,credit_card,1.0,10.0,-9.0,0.0
3657730549,2f88d9783a99fde6b8a2d5d325549fc5,1.0,3805301900,2427564784,3371283952,2018-08-08,delivered,68.88,44.28,113.16,credit_card,1.0,5.0,-9.0,0.0
1345086845,c83f1117bc97d473fec6e5d6ff5dce92,1.0,3764133367,1133415212,1432305819,2018-08-06,delivered,24.99,18.28,43.27,credit_card,1.0,10.0,3.0,1.0
78890247,838134390df33aab81a8bfaf7260b61b,1.0,2613141618,356363991,2278069784,2018-07-30,delivered,198.67,19.19,217.86,credit_card,1.0,4.0,-6.0,0.0
1285939693,3f64a17e87d0fed4d084e352409882ba,1.0,3918741224,213385596,368619248,2018-08-26,delivered,1240.0,72.67,1312.67,credit_card,10.0,4.0,-11.0,0.0
4033015238,9baa5b4e68d86c9f1694e1598b543a93,1.0,499097182,3482317805,1755005248,2018-07-02,delivered,249.9,35.83,285.73,voucher,1.0,7.0,-15.0,0.0
367295003,a9424f275ec54b45085e8b3fdf21361d,1.0,1288882303,2861273754,1203697143,2018-08-08,delivered,64.9,18.55,83.45,credit_card,1.0,13.0,5.0,1.0
799280139,7c927a3dfb1af7e87c6a262fc4b0a8fd,1.0,243822080,592096461,2304947736,2018-07-08,delivered,78.0,18.65,96.65,boleto,1.0,7.0,-14.0,0.0
4171872888,52533788707ffccea3b0342681d37446,1.0,314583666,2756829448,3942029387,2018-08-16,delivered,75.0,23.33,98.33,boleto,1.0,14.0,-1.0,0.0
1082036508,c4f4ae572252215f366edb6f851c166f,1.0,1895172134,1094023640,728604636,2018-08-04,delivered,179.9,21.87,201.77,boleto,1.0,5.0,-6.0,0.0
1335069542,5b15d222685ac39d3110c61bff09b6e6,1.0,377515952,1271628224,2248653413,2018-07-23,delivered,110.0,27.75,137.75,credit_card,6.0,8.0,-7.0,0.0
683164721,06b8cdbbc86d64ea69af76036c523827,1.0,690078192,4217561135,1340118940,2018-07-19,delivered,22.9,7.42,30.32,credit_card,2.0,1.0,-11.0,0.0
287656870,06b8cdbbc86d64ea69af76036c523827,2.0,690078192,4217561135,1340118940,2018-07-19,delivered,22.9,7.42,30.32,credit_card,2.0,1.0,-11.0,0.0
3832655977,06b8cdbbc86d64ea69af76036c523827,3.0,690078192,4217561135,1340118940,2018-07-19,delivered,22.9,7.42,30.32,credit_card,2.0,1.0,-11.0,0.0
4203582054,06b8cdbbc86d64ea69af76036c523827,4.0,690078192,4217561135,1340118940,2018-07-19,delivered,22.9,7.42,30.32,credit_card,2.0,1.0,-11.0,0.0
942317466,06b8cdbbc86d64ea69af76036c523827,5.0,690078192,4217561135,1340118940,2018-07-19,delivered,22.9,7.42,30.32,credit_card,2.0,1.0,-11.0,0.0
392079469,06b8cdbbc86d64ea69af76036c523827,6.0,690078192,4217561135,1340118940,2018-07-19,delivered,22.9,7.42,30.32,credit_card,2.0,1.0,-11.0,0.0
641181795,0c9f41e58fc40c21ef9150e610aa6691,1.0,3643805822,4294399807,2308685613,2018-08-17,delivered,81.9,15.67,97.57,credit_card,3.0,10.0,-17.0,0.0
2979682596,7a96e7fd1d442befdfb8507e5235d415,1.0,2809265967,874518633,2880307388,2018-07-14,delivered,119.85,23.64,143.49,credit_card,5.0,17.0,-14.0,0.0
1451792867,882554ccc6f6b9d99fcab37ef645ed14,1.0,3685920502,1326345122,3743845763,2018-07-09,delivered,510.0,19.76,529.76,credit_card,4.0,10.0,-19.0,0.0
4008650175,c5aedf9da65864ebff200366da7fb389,1.0,1509059796,2127151847,9861004,2018-08-23,delivered,119.9,22.99,0.0,unknown,0.0,6.0,-27.0,0.0
519899731,53aef74d5e95ede5ab3a78d696eafb6f,1.0,4126300843,2466355469,523493826,2018-07-02,delivered,66.99,27.75,94.74,credit_card,1.0,9.0,-32.0,0.0
34028197,63fd927963e60a8c2f1baa83431cfedc,1.0,626005131,1306818582,3326062316,2018-07-24,delivered,195.9,17.56,213.46,credit_card,2.0,12.0,-23.0,0.0
2212445523,a409968a19f09aaa2d44cebcef64ff53,1.0,1253334108,1795904393,4038371640,2018-07-16,delivered,127.0,33.03,160.03,credit_card,3.0,21.0,-16.0,0.0
2803374963,84e6078e0615be2c230b32c857152bfd,1.0,2282299539,631981802,4071751220,2018-07-24,delivered,49.9,7.61,57.51,credit_card,2.0,3.0,-5.0,0.0
1876671257,56400a721b65efb0da1a9f11ea5b2dc7,1.0,200730440,1507172851,1544198991,2018-07-15,delivered,35.0,37.16,0.0,unknown,0.0,12.0,-13.0,0.0
3551558944,7e68991a1a850b61d2a20fd75f462397,1.0,4053604869,4081015769,2304947736,2018-08-16,delivered,44.0,19.22,63.22,credit_card,2.0,12.0,-15.0,0.0
1690416807,bf48c37aab37d5df8bf6bd53727693d8,1.0,2346434066,3246396028,1011007161,2018-07-13,delivered,151.9,19.16,171.06,credit_card,10.0,11.0,-19.0,0.0
4088371101,a9a6fd3ca2e803548ec0685c9261a4e2,1.0,2334750115,3049395111,817416274,2018-08-11,delivered,109.0,14.34,123.34,boleto,1.0,9.0,-4.0,0.0
3132029962,49e9dc045f7315c4ad59cf9184f45914,1.0,352490157,634650338,3196336592,2018-07-27,delivered,104.9,19.92,124.82,credit_card,4.0,7.0,-13.0,0.0
4250326709,8572e18216437c86715d1e5a52321408,1.0,1559743252,592096461,2304947736,2018-08-24,delivered,77.0,15.64,92.64,credit_card,2.0,4.0,-7.0,0.0
3382793332,2f83083c33a1f0bd8f5c9a4ac807ff0a,1.0,1560561729,1821938937,531563843,2018-07-19,delivered,159.0,27.77,186.77,boleto,1.0,11.0,-15.0,0.0
1656112718,e03566eab6041e05274e23b5a2fe5d31,1.0,1811240155,4009505547,1572139895,2018-07-24,shipped,254.0,36.07,290.07,credit_card,8.0,,,
857827180,558b5f3eea27fa1b4cbc05013c45948e,1.0,3488774073,935013292,1076978718,2018-07-28,delivered,2399.0,39.51,2438.51,credit_card,8.0,18.0,-11.0,0.0
2092605089,c375be2afa9340cae31b6c25a09449be,1.0,1034398466,1570888716,53223181,2018-07-14,delivered,27.9,18.3,46.2,boleto,1.0,5.0,-12.0,0.0
2871611202,5ae5a2d65d23cd2e0d8a1ca9b0c5a3bf,1.0,2834483894,617252695,3988340529,2018-07-23,delivered,99.0,18.49,117.49,debit_card,1.0,8.0,-8.0,0.0
3309562536,cf5f5f819b2d893f6b4545d61025dcf4,1.0,1760814799,3026597973,1696683105,2018-08-15,delivered,47.55,15.43,62.98,credit_card,6.0,6.0,-36.0,0.0
232441217,77d6b708885d2096c60a2c70d6339b47,1.0,2988607131,216018721,2622583364,2018-07-20,delivered,299.9,20.2,320.1,credit_card,8.0,11.0,-16.0,0.0
479285764,9ebfcd2bc9b6535e4bd2f4a199ccb665,1.0,2151979220,1242902777,3422743060,2018-08-21,delivered,19.99,14.31,28.39298809825272,credit_card,5.0,1.0,-13.0,0.0
1370985792,9ebfcd2bc9b6535e4bd2f4a199ccb665,2.0,2151979220,2762390868,3422743060,2018-08-21,delivered,19.5,2.29,27.697011901747285,credit_card,5.0,1.0,-13.0,0.0
2319688624,4e88622fff810dd27f43c1663684bcf7,1.0,3880456393,3489777262,3485175421,2018-07-04,delivered,79.9,23.36,103.26,credit_card,10.0,9.0,-12.0,0.0
1790906822,9acd35e199ceebf9f6fcf287fcc96050,1.0,3991900403,2727140991,1379301944,2018-07-17,delivered,16.3,18.23,34.53,credit_card,1.0,9.0,-11.0,0.0
215689932,9a44abc905204e1ab8b71a8b7cb4b838,1.0,4131150177,4198849059,4194263931,2018-08-02,invoiced,61.4,8.17,69.57,credit_card,1.0,,,
927199255,b80f903f7c03f3e14f467161e1535627,1.0,820393577,729536071,1077946416,2018-08-03,delivered,65.0,23.18,88.18,credit_card,1.0,26.0,8.0,1.0
3935888675,d762d74c09a598d609ecbf46c3ab0603,1.0,3270421221,1711882095,2845521358,2018-07-19,delivered,59.5,13.08,72.58,boleto,1.0,6.0,-8.0,0.0
3534289602,c30a47a0dddaa5e8b49d103368bcca27,1.0,840912034,4105276896,1716536501,2018-08-05,delivered,48.9,19.53,0.0,unknown,0.0,5.0,-5.0,0.0
3911063287,4b1c5ec72d03e8244e7e2c08123df831,1.0,1402217543,1570888716,3523000694,2018-08-17,delivered,59.88,22.35,82.23,boleto,1.0,12.0,-20.0,0.0
3343727263,4599031af27f0cc484a02ada76c68ca2,1.0,2815687690,1095243380,1985086499,2018-08-23,delivered,285.0,35.76,320.76,credit_card,16.0,5.0,-14.0,0.0
1444442339,52064702688c67baa4242897e9136b5a,1.0,1239521623,3601016201,213195857,2018-08-03,delivered,144.9,21.65,166.55,credit_card,10.0,5.0,-11.0,0.0
2238493794,06f69fec6e098f6350cefea19ca51ff4,1.0,2472416307,3489777262,3485175421,2018-07-05,delivered,79.9,23.36,0.0,unknown,0.0,5.0,-16.0,0.0
4093523638,b7d794a0d512566c47d3ffb585bb3805,1.0,2639318630,4267371063,3958952303,2018-08-15,delivered,98.0,13.35,111.35,credit_card,3.0,2.0,-10.0,0.0
845779336,9ac5d8f3cc22c272de0146a5cc273fe3,1.0,775280097,92565497,1734769477,2018-07-17,delivered,79.9,23.71,103.61,credit_card,3.0,9.0,-14.0,0.0
1959076331,9ac5d8f3cc22c272de0146a5cc273fe3,2.0,775280097,92565497,1734769477,2018-07-17,delivered,79.9,23.71,103.61,credit_card,3.0,9.0,-14.0,0.0
3738331616,429df9136da976f430e08dfe6c04efaa,1.0,1666493991,2243532711,3051201525,2018-08-18,delivered,142.0,15.3,157.3,credit_card,3.0,6.0,-5.0,0.0
1530720624,ca6252bde978788e50661599ab1223bb,1.0,553585635,981113729,3051201525,2018-08-19,delivered,79.0,23.35,102.35,credit_card,3.0,7.0,-9.0,0.0
2501382630,4018616cbec654d2b729f55e01242301,1.0,510482405,1892634090,1227159798,2018-07-31,delivered,19.9,15.24,35.14,boleto,1.0,10.0,-20.0,0.0
3245706862,6012c4f6717daddf50ae413224098301,1.0,942166495,2268251012,2440337336,2018-07-09,delivered,75.0,16.72,91.72,boleto,1.0,10.0,-14.0,0.0
1474883176,a9c7a298f4d31996b9a505ec79fcbae9,1.0,259832310,669198414,2880307388,2018-07-10,delivered,119.85,15.15,135.0,credit_card,1.0,14.0,-8.0,0.0
530947258,a08337c882ce2f3733377bc48c5ca3ae,1.0,194585332,1236592996,1868809992,2018-08-01,delivered,320.0,44.09,362.0289361702128,credit_card,1.0,7.0,-5.0,0.0
1220512679,a08337c882ce2f3733377bc48c5ca3ae,2.0,194585332,457248455,1868809992,2018-08-01,delivered,150.0,17.64,169.70106382978724,credit_card,1.0,7.0,-5.0,0.0
1715824122,de8323147a3358b9c4720ae5e8ef668b,1.0,2596895473,2692890329,3169330328,2018-08-03,delivered,12.99,18.23,31.22,credit_card,1.0,3.0,-14.0,0.0
3270452828,de8323147a3358b9c4720ae5e8ef668b,2.0,2596895473,2692890329,3169330328,2018-08-03,delivered,12.99,18.23,31.22,credit_card,1.0,3.0,-14.0,0.0
2289563385,437421f669044dcf1e3e323bb715cab8,1.0,3752136094,222161334,3397218519,2018-08-09,delivered,89.9,19.82,109.72,boleto,1.0,12.0,-8.0,0.0
2190552051,d4cb2f7d8e7f756a94c511fd1280e026,1.0,2738425614,1289028787,4006802340,2018-08-22,delivered,24.97,21.24,38.25031850961538,credit_card,6.0,5.0,-22.0,0.0
4093277433,d4cb2f7d8e7f756a94c511fd1280e026,2.0,2738425614,1802206990,1925879045,2018-08-22,delivered,49.9,10.62,76.43936298076923,credit_card,6.0,5.0,-22.0,0.0
1469995438,d4cb2f7d8e7f756a94c511fd1280e026,3.0,2738425614,1289028787,4006802340,2018-08-22,delivered,24.97,21.24,38.25031850961538,credit_card,6.0,5.0,-22.0,0.0
3719799249,a37899c3ad27b6026ecbd566651bdb46,1.0,467082403,1123056367,883632138,2018-07-17,delivered,298.0,24.89,322.89,credit_card,6.0,7.0,-14.0,0.0
3390993829,b94117844529c52fab97f521c434520a,1.0,2409157322,4109917443,1755005248,2018-08-06,delivered,199.9,24.16,224.06,credit_card,8.0,4.0,-5.0,0.0
1890072544,d24b90d375b1415ca40e5b531d04a6bf,1.0,3246669430,3830904916,2131055484,2018-08-03,delivered,49.99,13.01,63.0,boleto,1.0,6.0,-5.0,0.0
3210642334,4587a031fbf9d49139d63f2bcc156693,1.0,547997913,1098334891,3326062316,2018-08-13,delivered,68.9,7.74,76.64,credit_card,1.0,6.0,-3.0,0.0
119617416,30f194c174d82e186f42f7607318a566,1.0,434496275,1720060514,9861004,2018-07-05,delivered,49.9,20.99,70.89,credit_card,7.0,9.0,-10.0,0.0
351028272,3789ddab12c667292dc0513fa0f0ff9d,1.0,3475929660,4207502851,1232319219,2018-08-23,delivered,228.0,8.86,236.86,credit_card,1.0,5.0,-5.0,0.0
43154008,720609547e1e3b8ac4b3dc47ba846525,1.0,877869138,775957169,1544198991,2018-07-31,delivered,51.0,15.46,66.46,credit_card,1.0,5.0,-11.0,0.0
878630714,bb724065b1587966bc6e4553aeb0b2c6,1.0,163298994,3371291377,1357344029,2018-07-05,delivered,119.9,13.94,133.84,credit_card,6.0,1.0,-11.0,0.0
415245935,c77b924863d95e0e69aaec7323c1ed90,1.0,343120012,1414012464,447945570,2018-07-04,delivered,39.9,23.08,62.98,credit_card,3.0,8.0,-14.0,0.0
1005024201,128e2bcc764e1cf5e4952af2267acef2,1.0,905130866,3373458811,604861625,2018-08-12,delivered,74.99,11.55,86.54,boleto,1.0,2.0,-1.0,0.0
1780547677,7a2a38e90310dcc099d87233c2dd2fbc,1.0,1726242699,3239363638,1868809992,2018-08-10,delivered,228.0,26.58,254.58,credit_card,4.0,4.0,-2.0,0.0
2742632575,51bd890febd880cb94d9051fd28f289e,1.0,3028136759,854615334,1235607158,2018-07-16,delivered,69.9,13.97,83.87,credit_card,1.0,7.0,-8.0,0.0
3077375114,7146211691a9d909e75c0b7458b1e125,1.0,3367069470,853499351,1873747380,2018-07-23,delivered,138.0,67.5,205.5,credit_card,10.0,8.0,-13.0,0.0
135783668,43ebc8e1bcfbbd54e735d48bef113b82,1.0,855435823,1641330879,2173695781,2018-07-17,delivered,99.99,50.99,150.98,credit_card,4.0,9.0,-10.0,0.0
1821464412,b898480abf81ccc16670a2642a0f3173,1.0,230486137,1495093629,3383264847,2018-07-16,delivered,62.0,16.7,78.7,credit_card,1.0,4.0,-10.0,0.0
2488917758,0f581e286111b6b5e757cecec3815151,1.0,3091380648,2631548421,1361108180,2018-07-02,delivered,149.99,22.98,172.97,credit_card,3.0,7.0,-24.0,0.0
3413348789,813806934fb64463e4a78ff2cfef2941,1.0,1215007005,2091940572,2636346249,2018-07-10,delivered,21.99,18.25,40.24,credit_card,1.0,8.0,-14.0,0.0
3970524939,b4c4b76c642808cbe472a32b86cddc95,1.0,3221136479,864654968,3973535942,2018-07-12,canceled,2299.95,104.77,2404.72,credit_card,5.0,,,
4282537745,b4c4b76c642808cbe472a32b86cddc95,2.0,3221136479,864654968,3973535942,2018-07-12,canceled,2299.95,104.77,2404.72,credit_card,5.0,,,
2844019311,819c0a8de9efdc8a6886525a06dc7967,1.0,3842288647,3381232156,3526770996,2018-07-04,delivered,27.9,19.39,47.29,credit_card,2.0,7.0,-14.0,0.0
2165787526,c69f4cc5c5972fa769d36bfdfc17894c,1.0,1887572742,592096461,2304947736,2018-07-26,delivered,78.0,7.81,85.81,boleto,1.0,2.0,-6.0,0.0
2120002638,c26f9883d70cd30a8ed31f950604f053,1.0,2635971800,1366005421,1803873909,2018-07-09,delivered,34.99,19.44,54.43,credit_card,1.0,4.0,-19.0,0.0
1487753201,3e2e0c0d125ba0b63ecec3768508fbfa,1.0,1538767425,3360511537,1547468088,2018-07-23,delivered,118.13,20.02,138.15,credit_card,5.0,3.0,-14.0,0.0
3515874598,c96bee3fe3caeb224420da7bc815b0fe,1.0,3499909634,2754993686,2082347993,2018-07-19,delivered,159.98,49.49,209.47,boleto,1.0,22.0,-24.0,0.0
1810756178,15b8b016ac9b68e6737f1b5eefaf6bc5,1.0,1951888886,1570888716,53223181,2018-07-09,delivered,27.9,7.94,35.84,boleto,1.0,3.0,-6.0,0.0
3326125002,8dfe2458a3fe7978343edf962990b9ba,1.0,3982431123,3338179408,2286617973,2018-07-12,delivered,34.84,19.8,54.64,credit_card,1.0,8.0,-6.0,0.0
4286862438,8aa3fb1aeacb5920cedf4f8adab84b9d,1.0,2609032961,2773148603,819761952,2018-08-24,delivered,79.49,8.3,87.79,boleto,1.0,5.0,-2.0,0.0
2380085354,703ef7c6795e0ee91cff038a9a81abb5,1.0,2024298874,1819289724,819761952,2018-08-01,delivered,34.0,13.82,47.82,credit_card,1.0,6.0,-5.0,0.0
3814084275,bbcd5aaa84b5c7ef86c0a723182d7a3a,1.0,1015653648,4025037111,3198648565,2018-07-10,delivered,129.0,57.87,186.87,debit_card,1.0,5.0,-10.0,0.0
111306857,cc9f8b649443008d4222c7255fbc7454,1.0,4151508254,1591234816,358900552,2018-08-11,delivered,178.0,14.83,192.83,boleto,1.0,5.0,-6.0,0.0
2433397158,4780bb3ca4c85d0e4dffd6cd2b6d6201,1.0,19108690,601628816,3381238893,2018-08-17,delivered,8.59,12.79,21.38,credit_card,2.0,6.0,-19.0,0.0
1828507360,53ec23d3e71b749fd840c22675065007,1.0,559928331,2236727976,603112042,2018-07-10,shipped,559.99,54.64,614.63,credit_card,6.0,,,
3550058845,b2947cf9a8d3084369dfcbe9663dd545,1.0,3616620943,2542587666,2526411072,2018-08-24,delivered,38.0,12.93,0.0,unknown,0.0,6.0,-7.0,0.0
60439402,d3eea305452cf0bcad06beb48735dbd9,1.0,680501380,1363426231,3632234477,2018-07-18,delivered,1389.9,36.68,1426.58,credit_card,4.0,7.0,-12.0,0.0
72787198,8c3337e8848790574f8d28f6591afbb3,1.0,2702445029,3503860589,819761952,2018-08-03,delivered,64.49,37.36,101.85,credit_card,2.0,10.0,-14.0,0.0
1247724252,41b03a6bad9f1feda28efccd5e428117,1.0,1351135132,1277571969,1763790356,2018-08-12,delivered,199.0,21.66,220.66,credit_card,1.0,11.0,-7.0,0.0
1156970821,e2befdaf3bbc55ccc94e3261522e80a2,1.0,4275987199,3848136234,3659481684,2018-07-20,delivered,27.89,17.13,45.02,credit_card,4.0,7.0,-9.0,0.0
2307079431,b89b697cf1384ba59f3ce56bc8d28cc6,1.0,2955302507,458673453,1734769477,2018-08-09,delivered,29.9,18.31,48.21,credit_card,2.0,5.0,-7.0,0.0
1355073488,49e86652f7ea8a48b2306abdd5aa5708,1.0,3921301682,3227363179,1622838244,2018-07-13,delivered,309.99,65.54,375.53,credit_card,4.0,10.0,-35.0,0.0
1530062984,9b1648c7cc0c6b1ff9b380903bb559be,1.0,2600219734,1304694945,4148784818,2018-08-01,delivered,39.9,13.62,53.52,credit_card,1.0,6.0,-6.0,0.0
1384120850,6f8607cd0ebba75f55b2ce01a1250963,1.0,427484084,2179762286,728604636,2018-08-07,delivered,36.9,14.56,51.46,credit_card,1.0,6.0,-8.0,0.0
3763445280,9f18c993eae62038ac5401de4f757054,1.0,2231085427,2314864234,1844578911,2018-07-16,delivered,48.0,19.53,67.53,credit_card,2.0,13.0,-8.0,0.0
894374827,9f18c993eae62038ac5401de4f757054,2.0,2231085427,2314864234,1844578911,2018-07-16,delivered,48.0,19.53,67.53,credit_card,2.0,13.0,-8.0,0.0
2287372726,4d8660f18113eab64ba09d4eb4aa9ddf,1.0,3961627540,819029387,1008270582,2018-08-02,delivered,258.0,40.89,298.89,boleto,1.0,7.0,-7.0,0.0
4041718792,39a19ca7924c05b31bae58f41df9ebb5,1.0,674519951,1909078281,2686156039,2018-07-18,delivered,31.9,12.88,44.78,credit_card,4.0,5.0,-11.0,0.0
1903719271,00b44ba3d7c4a5e9a9ebafef9150781d,1.0,2856868334,1532126036,1549914453,2018-08-28,delivered,59.9,7.68,67.58,credit_card,1.0,1.0,-27.0,0.0
138792281,de9387b71120d212286385df34759406,1.0,3045334508,2016755666,123833255,2018-08-06,delivered,89.9,17.76,107.66,credit_card,2.0,6.0,-2.0,0.0
2094657957,78ed8bc9a17147a0c51493edd0d1cf70,1.0,2817438410,84469553,3809290688,2018-07-18,delivered,390.0,23.17,413.17,boleto,1.0,5.0,-7.0,0.0
1618600143,24f6d178b92691453bffa42151277fbf,1.0,2584552412,3908157415,3690218113,2018-08-06,delivered,65.0,13.12,0.0,unknown,0.0,5.0,-10.0,0.0
3154695561,276971787e4550d908a7306c2fe79da3,1.0,3969626733,3601059045,3633342575,2018-08-07,delivered,13.99,37.04,51.03,boleto,1.0,14.0,-16.0,0.0
859891132,581ca172b817d8c5626a66b8cbfe11e7,1.0,3148831620,2689282769,2082347993,2018-07-24,delivered,119.98,58.92,178.9,boleto,1.0,21.0,-20.0,0.0
3700129374,2d7259ea0267605a75c5d2a55c1470bd,1.0,3330282819,3959743047,687121961,2018-07-25,delivered,79.99,9.31,89.3,credit_card,1.0,5.0,-8.0,0.0
1737865055,dd03726cc548f7332999c37c8e2fc3af,1.0,1942020737,2109764082,3381238893,2018-07-21,delivered,31.78,18.32,50.1,credit_card,1.0,5.0,-32.0,0.0
3696510313,19419b6180c4c7b9f57c1753cef7b41f,1.0,2216371144,4054979992,1147146951,2018-07-19,delivered,26.68,15.29,0.0,unknown,0.0,6.0,-22.0,0.0
2201384700,2e9d2850537d9e6975149a266b9ecf69,1.0,1567369229,3216599867,1919968767,2018-07-30,delivered,110.32,8.03,118.35,credit_card,1.0,9.0,3.0,1.0
983659223,2d6e19c8b83e0333696e259829801f17,1.0,1087694759,90732283,1059084950,2018-08-21,delivered,120.0,27.14,147.14,credit_card,4.0,7.0,-19.0,0.0
2238754951,b2234f06bf32380ac04b30c21561efba,1.0,728749733,3010266028,3342868299,2018-07-18,delivered,336.0,39.26,375.26,credit_card,3.0,13.0,-9.0,0.0
1600997023,c41d1d484d6eba6e4d8d981ed0768193,1.0,909892268,672062302,4220048581,2018-07-19,delivered,162.5,21.78,184.28,credit_card,5.0,5.0,-9.0,0.0
233373595,c39b6a1fcbbad48578181950509b1330,1.0,962424995,3290272131,596468350,2018-07-29,delivered,55.0,13.97,68.97,credit_card,5.0,5.0,-10.0,0.0
1971762575,b193fd0f267c2871f27f939621408e71,1.0,228050996,1126864598,3633342575,2018-07-21,delivered,22.59,7.42,30.01,credit_card,1.0,2.0,-7.0,0.0
615527778,18df153e64a40c0a549c0312234e1ee6,1.0,212323857,2584243880,4109304321,2018-07-26,delivered,369.0,64.83,433.83,credit_card,6.0,10.0,-11.0,0.0
1329963246,3a4e65de6ffd941f6a4ee824d472aabb,1.0,3201279469,2094664786,2857842454,2018-08-15,delivered,145.0,41.14,187.51074766355143,credit_card,1.0,2.0,-17.0,0.0
3664501163,3a4e65de6ffd941f6a4ee824d472aabb,2.0,3201279469,407269627,157428067,2018-08-15,delivered,69.0,21.6,89.2292523364486,credit_card,1.0,2.0,-17.0,0.0
1214613569,21fbb7ffe47d9cc3a504f6ac4ee24c9a,1.0,856763685,3898251050,96764808,2018-08-23,delivered,14.9,15.23,30.13,credit_card,1.0,5.0,-15.0,0.0
3430964728,21fbb7ffe47d9cc3a504f6ac4ee24c9a,2.0,856763685,3898251050,96764808,2018-08-23,delivered,14.9,15.23,30.13,credit_card,1.0,5.0,-15.0,0.0
718673844,cc0ab0fd1ed4c39ca56a885ae303aa87,1.0,1101383427,135726104,2031026716,2018-08-02,delivered,75.8,23.25,99.05,credit_card,2.0,12.0,-30.0,0.0
531527780,8e378f2d3b581a5c5ce099dd32dfb422,1.0,6840060,226581046,53223181,2018-08-12,delivered,32.99,7.49,40.48,boleto,1.0,3.0,-1.0,0.0
1729564117,c86b551898ce7979ac5f0ce6a4ed3bbb,1.0,3308517244,4031143900,1808571558,2018-07-24,delivered,119.9,20.99,138.012277797769,boleto,1.0,23.0,-4.0,0.0
1234387001,c86b551898ce7979ac5f0ce6a4ed3bbb,2.0,3308517244,3161171559,549759410,2018-07-24,delivered,158.0,20.99,181.86772220223105,boleto,1.0,23.0,-4.0,0.0
3062671935,3184e33bc8b2623e78f578e0f644ff69,1.0,1551419586,1279111887,2304947736,2018-07-16,delivered,49.0,18.44,67.44,credit_card,5.0,6.0,-10.0,0.0
3865003486,24314a5179e85ac61885767b0a94a0db,1.0,1700012618,12852246,604144110,2018-07-24,delivered,245.0,28.02,273.02,credit_card,4.0,4.0,-17.0,0.0
3746430470,6cb295459b579361f0b6186ce45a76e4,1.0,3070715667,1150114816,1716536501,2018-08-17,delivered,48.9,19.53,68.43,credit_card,2.0,5.0,-7.0,0.0
3571639797,167c7fa7ebae209de1dae58a0ff6569b,1.0,2537503776,3159428291,292598503,2018-07-07,delivered,79.97,18.71,98.68,credit_card,1.0,4.0,-15.0,0.0
61852907,a014ab9c0e9c112b791293dc9ec38320,1.0,2909004730,849155371,1066843052,2018-07-15,delivered,59.99,18.52,78.51,credit_card,3.0,7.0,-16.0,0.0
3073734560,90176c61fcf0cfd97a3e373c0375ec49,1.0,3272829837,1821938937,531563843,2018-07-23,delivered,159.0,18.24,177.24,credit_card,10.0,4.0,-10.0,0.0
1213127249,9ac6f439f70af60a204c7d47285fa099,1.0,3672759247,1623760922,3419447,2018-08-16,delivered,69.9,18.59,88.49,credit_card,4.0,5.0,-7.0,0.0
591662614,880ef31ce18ff13a46bdd8d07e2ed86a,1.0,134025042,2773594733,604144110,2018-08-13,delivered,179.9,22.56,202.46,credit_card,1.0,2.0,-13.0,0.0
3059684886,dac3a461489588cac0ab57343d625915,1.0,4232775694,1413324773,2354683314,2018-08-12,delivered,28.9,7.46,36.36,boleto,1.0,5.0,2.0,1.0
3888204092,b63c4c6a266d6aa9a9eff6e38d566e85,1.0,3817035809,2807203172,1527515903,2018-08-07,delivered,39.99,12.94,52.93,boleto,1.0,8.0,-1.0,0.0
2263778344,5c71702893e0335cb82b288f08cacfa0,1.0,3925195947,2702386596,2308685613,2018-08-14,delivered,112.49,18.89,131.38,credit_card,3.0,4.0,-10.0,0.0
1224501475,6d1d00752d412a243d22e2f6ebbbacd9,1.0,212059649,98272423,989903952,2018-07-13,delivered,73.9,23.32,97.22,credit_card,8.0,9.0,-15.0,0.0
4248197806,6d1d00752d412a243d22e2f6ebbbacd9,2.0,212059649,532127410,989903952,2018-07-13,delivered,73.9,23.32,97.22,credit_card,8.0,9.0,-15.0,0.0
3233821700,299e8d399d78b7abc915b3d059a6c712,1.0,558294097,2244896459,817387091,2018-08-18,delivered,66.9,23.27,90.17,credit_card,5.0,8.0,-8.0,0.0
639413561,299e8d399d78b7abc915b3d059a6c712,2.0,558294097,424950615,817387091,2018-08-18,delivered,66.9,23.27,90.17,credit_card,5.0,8.0,-8.0,0.0
1808439097,bf3aac7b998a34f5bc14f646652e7bed,1.0,1793413036,2430448744,819761952,2018-07-03,delivered,84.99,26.9,111.89,boleto,1.0,3.0,-32.0,0.0
2013098807,1d54af1bf3179b54f046212de28f8bc7,1.0,2922583948,4029669939,4156473050,2018-08-09,delivered,79.9,18.66,98.56,credit_card,3.0,8.0,-19.0,0.0
4144685953,9d3da528dc19e8ac4ad42ed097e8d065,1.0,4132899621,4102193398,2681412629,2018-07-05,delivered,79.99,18.66,98.65,credit_card,3.0,7.0,-18.0,0.0
579127356,d6facb241e387bcff2026c6cc25eaf68,1.0,3965204957,801013289,250985049,2018-08-06,delivered,124.9,8.61,133.51,credit_card,1.0,14.0,7.0,1.0
2417100217,1ad01a793bf3c9b8c126414f162a6a0d,1.0,526572839,252971238,723360938,2018-08-05,delivered,54.5,14.68,69.18,credit_card,1.0,2.0,-20.0,0.0
3693368041,1ad01a793bf3c9b8c126414f162a6a0d,2.0,526572839,252971238,723360938,2018-08-05,delivered,54.5,14.68,69.18,credit_card,1.0,2.0,-20.0,0.0
632051915,bea1ab5c0fe7913f170dd7e82e53dac4,1.0,599567177,2020098636,2339751197,2018-08-15,delivered,120.0,14.14,134.14,boleto,1.0,2.0,-10.0,0.0
2004388792,49df58eca26497b2af5a5685006f9615,1.0,647155344,3655495200,4156473050,2018-07-12,delivered,27.9,7.46,35.36,credit_card,1.0,1.0,-7.0,0.0
1054679982,ba1cb152ffbff7aeb5630aceb9b6d212,1.0,3363746748,592096461,2304947736,2018-08-06,delivered,78.0,37.46,115.46,boleto,1.0,11.0,-6.0,0.0
3350029531,d762e245b7d93fe1fc56d6ed89782027,1.0,1033422596,151692970,4151559108,2018-08-04,delivered,649.0,21.47,670.47,credit_card,5.0,10.0,-8.0,0.0
2813346697,0193a99edc8c599aaa16f9b9e991efb8,1.0,4027867833,671089952,655950489,2018-07-29,delivered,154.9,15.39,170.29,credit_card,10.0,3.0,-12.0,0.0
2985988618,67feea73c5369c0921af9d3c2d566edc,1.0,1295800828,602789848,3485175421,2018-07-21,delivered,99.9,20.56,124.21550621669628,credit_card,1.0,5.0,-19.0,0.0
170752814,67feea73c5369c0921af9d3c2d566edc,2.0,1295800828,2865397869,3147574442,2018-07-21,delivered,69.0,20.55,85.79449378330372,credit_card,1.0,5.0,-19.0,0.0
2954789581,656c5942e852b20473ae268796549007,1.0,1734552174,492106344,1778061601,2018-07-22,delivered,179.9,30.24,210.14,credit_card,3.0,3.0,-6.0,0.0
1998864456,cba0deb7b7e121a54760408a83ecc42c,1.0,2499088653,2760637082,1191111959,2018-08-06,invoiced,57.9,7.67,65.57,credit_card,4.0,,,
444474950,b904f1d4eae5c3b0b494496e96606528,1.0,337714417,1785441143,1361108180,2018-08-09,delivered,64.99,18.56,83.55,credit_card,8.0,5.0,-6.0,0.0
3049371763,52b5d339bbba7bd8f18ca836ab540227,1.0,839094438,1771044201,1484248905,2018-07-08,delivered,21.0,22.08,43.08,credit_card,1.0,5.0,-33.0,0.0
1639429743,b69bd58058e7fc58b745d22ad1c62eb6,1.0,2194203948,574854410,2545269587,2018-08-21,delivered,49.9,14.0,63.895,boleto,1.0,6.0,-39.0,0.0
2869330068,b69bd58058e7fc58b745d22ad1c62eb6,2.0,2194203948,574854410,2545269587,2018-08-21,delivered,49.9,14.0,63.895,boleto,1.0,6.0,-39.0,0.0
3099794948,925d3e6a309173b4f3fae2ce8c50118e,1.0,1424711289,2719904175,3147574442,2018-08-16,delivered,89.77,26.93,0.0,unknown,0.0,13.0,-2.0,0.0
1778113812,267968a4442f2e55c2904cac31c26660,1.0,102610162,433092044,1734769477,2018-08-22,delivered,29.9,7.47,37.37,credit_card,1.0,4.0,-2.0,0.0
2501942400,0870bb57b1b24052c8ac2cd8df433553,1.0,2429100329,1570888716,53223181,2018-08-07,delivered,28.99,7.46,36.45,credit_card,1.0,6.0,3.0,1.0
685632809,59e53c261681312bd398bcac254262e8,1.0,328298340,3286506355,737969628,2018-07-02,delivered,114.9,23.6,138.5,credit_card,5.0,9.0,-13.0,0.0
688649460,0487b772aa23074a39079a6967041b72,1.0,3734566285,2676574000,3723740414,2018-07-24,delivered,28.28,13.78,42.06,credit_card,2.0,6.0,-10.0,0.0
240712875,4e724a5cf81fb255b3e27cca2632e90f,1.0,2057215254,1109450755,1008270582,2018-08-03,delivered,69.0,14.79,0.0,unknown,0.0,6.0,-6.0,0.0
4283729961,857abe904c90d0275b09c225b87d7f8d,1.0,309957899,1378147945,4055463965,2018-08-02,delivered,24.9,16.36,41.26,debit_card,1.0,14.0,-5.0,0.0
1044283758,9dfcd9d486e9837944ca391b700d0af4,1.0,4256054958,1762644303,1259192806,2018-08-18,delivered,439.0,43.6,482.6,credit_card,8.0,9.0,-9.0,0.0
2313718318,aca28aa46a33eaae0b7377883b13189b,1.0,1120548010,3869375778,1868809992,2018-07-04,delivered,39.9,8.44,48.34,credit_card,1.0,8.0,-6.0,0.0
1393587580,aca28aa46a33eaae0b7377883b13189b,2.0,1120548010,3869375778,1868809992,2018-07-04,delivered,39.9,8.44,48.34,credit_card,1.0,8.0,-6.0,0.0
1199603138,69340678ddc4f528cc879efbebd9b4e2,1.0,1736472356,174750780,523493826,2018-08-19,delivered,122.99,19.99,142.98,credit_card,6.0,8.0,-24.0,0.0
317571854,bd6c3e07e22039cf9560d3369ea396ee,1.0,2319197317,4182838189,4185397625,2018-08-08,delivered,22.0,7.41,29.41,credit_card,1.0,2.0,-3.0,0.0
3032739515,bfcc7c29cd728eb97a04e55544a978bd,1.0,3736354596,2133789508,447945570,2018-08-16,delivered,32.9,46.89,79.79,credit_card,4.0,14.0,-3.0,0.0
1012178220,05be057d337a9ea02bb4111d054a670a,1.0,3302648777,2209229640,1716536501,2018-08-16,delivered,48.9,19.53,68.43,boleto,1.0,12.0,0.0,0.0
525948455,47746dec59be8d0a3591eb2e7ab72da5,1.0,76238263,4004016922,3877577216,2018-08-15,delivered,54.0,15.48,69.48,credit_card,5.0,6.0,-3.0,0.0
635074866,bda46920fb31dc59b147208200b18377,1.0,17159246,4029066397,3326062316,2018-08-14,delivered,59.9,30.69,75.91000712532657,boleto,1.0,7.0,-2.0,0.0
4284941230,bda46920fb31dc59b147208200b18377,2.0,17159246,1785441143,3374723997,2018-08-14,delivered,66.41,3.07,84.1599928746734,boleto,1.0,7.0,-2.0,0.0
3169385157,7a7d63579d59c48629269f0d2b7eb894,1.0,4266847495,3598529902,2304947736,2018-07-31,delivered,29.0,18.3,47.3,credit_card,1.0,6.0,-7.0,0.0
532266129,64d23ea3d34bfe1b619e41c2ffef4803,1.0,1346512969,2277630853,1579174796,2018-08-07,delivered,19.9,18.24,38.14,boleto,1.0,21.0,8.0,1.0
3078382506,d0917c0a88a601949cde7cec1331de4e,1.0,891061766,3107349866,123833255,2018-07-30,delivered,260.0,48.8,308.8,credit_card,2.0,7.0,-2.0,0.0
1909030731,8eca0ff73474c8c18f8daa7603c1cff7,1.0,2780089503,2627630006,825200024,2018-07-25,delivered,19.9,13.48,33.38,credit_card,1.0,6.0,-8.0,0.0
2915687417,4cc2340048994d76ad8665b2ed98e19e,1.0,593795381,1913017858,4120033478,2018-07-13,delivered,199.9,24.55,0.0,unknown,0.0,9.0,-15.0,0.0
3840403458,7a93502a455e1399090b442409cf516c,1.0,2979180510,2141840509,4242829885,2018-07-27,delivered,95.0,24.75,119.75,credit_card,3.0,10.0,-8.0,0.0
2627260390,7a93502a455e1399090b442409cf516c,2.0,2979180510,2141840509,4242829885,2018-07-27,delivered,95.0,24.75,119.75,credit_card,3.0,10.0,-8.0,0.0
3423021532,39ce2a3fc7950d2767dd4b01eb49ea6b,1.0,4168096183,271485642,739640535,2018-08-01,delivered,9.9,37.04,46.94,credit_card,1.0,14.0,-15.0,0.0
3867727067,96769985957712690cadddb661db2bd3,1.0,556503677,3120786522,2312430349,2018-08-09,delivered,99.9,15.0,114.9,boleto,1.0,12.0,-1.0,0.0
2480959432,ab2e481b1ef043b41c202628100f6b4b,1.0,2654232288,1993281594,2384848440,2018-08-01,delivered,129.9,27.89,157.79,boleto,1.0,6.0,-6.0,0.0
4086043447,06a1cb50e0911f3b04b4f43fc7beb5a7,1.0,1334536088,3352476104,1977502940,2018-08-20,delivered,39.9,19.19,59.09,boleto,1.0,8.0,0.0,0.0
4277399262,c1da21318eac811a08b2bf209335c28b,1.0,3685012064,1618205783,819761952,2018-07-26,delivered,75.0,9.84,84.84,credit_card,2.0,4.0,-6.0,0.0
742403140,d83e73ca49e7e9ec7ba0154139858fc8,1.0,97608368,4252382196,1919968767,2018-08-01,delivered,110.32,15.87,126.19,credit_card,4.0,23.0,2.0,1.0
3887010687,d83e73ca49e7e9ec7ba0154139858fc8,2.0,97608368,188895250,1919968767,2018-08-01,delivered,110.32,15.87,126.19,credit_card,4.0,23.0,2.0,1.0
3962887921,0e9a725e04f3fbc13f28d8f17c861013,1.0,361827745,810589203,819761952,2018-08-10,delivered,65.49,9.15,74.64,credit_card,1.0,3.0,-3.0,0.0
482442256,2dd47667ab3bec7cff8e8a49bad5224d,1.0,356956973,3025566640,2622583364,2018-07-17,delivered,179.9,13.92,193.82,credit_card,5.0,8.0,-6.0,0.0
91217353,3bc3db2c8da17bdf6b0344b1a2ed7cb8,1.0,3396762728,3537585960,1919968767,2018-08-01,delivered,110.32,8.03,118.35,credit_card,5.0,12.0,6.0,1.0
801048889,bbcf632e5c697b7e9666005c55d10a80,1.0,2127871867,947137430,3267771422,2018-08-14,delivered,26.9,7.45,34.35,credit_card,1.0,5.0,3.0,1.0
785820244,7de2a03405b2f8af2b71ed46371bc149,1.0,4244400358,516873642,2622583364,2018-08-05,delivered,153.9,37.99,191.89,credit_card,6.0,15.0,-32.0,0.0
545237741,8b2f2cd82e97ed3395472c59926813f5,1.0,2504686708,3747663003,2304947736,2018-07-25,delivered,59.0,13.07,72.07,credit_card,2.0,5.0,-9.0,0.0
4175093904,298f6fa064cd036a4788f7f177170261,1.0,856255188,421166888,603112042,2018-08-15,delivered,249.9,14.41,264.31,credit_card,8.0,7.0,-5.0,0.0
862346797,e1ddde6d32d1576c0f85464c2127c908,1.0,1283150040,226581046,53223181,2018-07-25,delivered,30.99,7.48,38.47,credit_card,3.0,2.0,-6.0,0.0
2581523053,b5c4db08aa2596516e8e23acee055374,1.0,2665480417,232593429,1925879045,2018-08-18,delivered,22.9,22.88,45.78,credit_card,4.0,11.0,-25.0,0.0
3756035459,17d0317e0d3f083fa6f59927059e98b3,1.0,2690208854,2174190460,1970316074,2018-07-20,delivered,74.5,7.78,82.28,credit_card,3.0,4.0,-12.0,0.0
3559287378,17d0317e0d3f083fa6f59927059e98b3,2.0,2690208854,2174190460,1970316074,2018-07-20,delivered,74.5,7.78,82.28,credit_card,3.0,4.0,-12.0,0.0
4062577961,b77b1acde92cb97127a051d14f608908,1.0,2551258753,1695865752,3474918787,2018-08-18,delivered,68.5,18.28,86.78,boleto,1.0,8.0,-3.0,0.0
4159572997,0191b6a5a70bcbc6cdd39427f216602e,1.0,290191699,362764146,2384848440,2018-08-22,delivered,139.9,27.96,167.86,credit_card,3.0,5.0,-17.0,0.0
1272466629,bfe8c448781919b17936bdd844baefc4,1.0,1390384783,1765557008,492848926,2018-07-31,delivered,29.99,17.34,47.33,boleto,1.0,14.0,-2.0,0.0
699340700,bb7ec3c89a7e6653763308a7c4fb5c78,1.0,3394917795,3587372544,2304947736,2018-07-31,delivered,45.0,7.58,52.58,credit_card,1.0,1.0,-1.0,0.0
3908053041,6cdb86865449a92089579ea715e1c1d1,1.0,2135836767,3656280045,3267334493,2018-08-12,delivered,44.99,7.58,52.57,credit_card,1.0,4.0,-5.0,0.0
264117276,083fa2fb9d3de18eabbb3427045a1a1f,1.0,1186510929,3038694483,581044507,2018-07-03,delivered,119.0,18.93,137.93,credit_card,5.0,9.0,-29.0,0.0
825156746,a2d2af47de3679f9a5a3d9e30c46935c,1.0,2575801390,4057921263,4086780073,2018-07-05,delivered,55.0,18.49,73.49,credit_card,4.0,17.0,-15.0,0.0
3777460422,6a6fa48abc0fcbac1c94531785b8024a,1.0,1790771840,2670103571,3267771422,2018-07-02,delivered,74.9,12.25,87.15,credit_card,1.0,3.0,-12.0,0.0
2758275516,b319c42146aa1548b1e415a91dd13789,1.0,2256345222,1559856243,2820708614,2018-08-04,delivered,199.0,24.61,223.61,boleto,1.0,10.0,-5.0,0.0
1316030683,92d1957925a4ee51cc53c8155c41ba02,1.0,4036696335,719799772,2788104624,2018-08-09,delivered,85.9,18.4,104.3,boleto,1.0,9.0,-6.0,0.0
485664565,b3e4accbc8524ec4b2f5a5ddab755b34,1.0,1087536512,1863486667,4270254564,2018-08-27,delivered,15.9,7.39,23.29,credit_card,1.0,2.0,-5.0,0.0
1189952754,a7dff9f82589bed9661867f1d3e5673e,1.0,1284630844,35301196,925912501,2018-07-04,delivered,15.9,12.79,28.69,credit_card,1.0,7.0,-12.0,0.0
4259744569,89a9dfc9222a6cab3be59fc550aee7c3,1.0,3871373234,1880950498,2023461531,2018-08-21,delivered,24.99,15.28,40.27,boleto,1.0,7.0,-8.0,0.0
1199648343,dad7ec529acfeae5322bdcb8f933e5c1,1.0,1211879955,764378714,84469676,2018-07-04,delivered,189.9,19.63,209.53,credit_card,4.0,8.0,-14.0,0.0
1729120585,44de6d7b8fcd0cd8db38002f58d6c20d,1.0,2056063011,4168589453,3168180425,2018-08-10,delivered,49.0,18.44,67.44,boleto,1.0,6.0,-20.0,0.0
3226199248,e227fbda6134e254af397d9f84473158,1.0,646897773,3190166184,1480205621,2018-08-05,delivered,199.9,16.5,216.4,credit_card,4.0,4.0,-6.0,0.0
4038820066,5ad738a3ebe737918e4983345e1e02d8,1.0,3744327121,1277571969,1763790356,2018-08-08,delivered,170.0,17.38,187.38,credit_card,3.0,22.0,-19.0,0.0
3628037276,6bbafe0017bf2f1c7dd4331a9a742023,1.0,4094975485,980505529,3288674863,2018-07-21,delivered,45.0,11.34,56.34,credit_card,1.0,5.0,-5.0,0.0
3021274246,d9770884f02a4e0d5e0f9d8fc5f5b9c4,1.0,619600339,1619330562,123833255,2018-07-16,delivered,50.0,23.15,73.15,credit_card,1.0,8.0,-9.0,0.0
3463033659,4d63886c6803f7b71171fe305b93e3f1,1.0,770319178,3903019736,853272068,2018-08-17,delivered,29.84,7.47,37.31,credit_card,1.0,5.0,-1.0,0.0
309778010,597ed802dbdf253e02ed5dc145617466,1.0,4277315234,1669146889,723360938,2018-08-20,delivered,98.6,14.99,113.59,credit_card,4.0,2.0,-9.0,0.0
3865056272,938cf33aaa64536379e72993eab4cef2,1.0,2564675675,174750780,523493826,2018-08-11,delivered,122.99,30.11,153.1,boleto,1.0,9.0,-24.0,0.0
850911515,9a58bb130c8dbe2b6ee84808bda0da8b,1.0,1049596517,356363991,2278069784,2018-07-13,delivered,198.67,19.19,217.86,credit_card,2.0,7.0,-11.0,0.0
1947724524,64d7f23b722e9e54a995c7500c4926df,1.0,3771677855,2354555397,2812297156,2018-07-24,delivered,16.0,12.79,28.79,boleto,1.0,8.0,-6.0,0.0
3202845038,64d7f23b722e9e54a995c7500c4926df,2.0,3771677855,2354555397,2812297156,2018-07-24,delivered,16.0,12.79,28.79,boleto,1.0,8.0,-6.0,0.0
2782701129,d14460d3fa8f54b8f0f7befd11820202,1.0,3069718824,211704435,1018330744,2018-07-07,delivered,28.99,12.86,41.85,credit_card,2.0,6.0,-14.0,0.0
356360454,804aa537b5a0d8fe2c9a61a1fe9087a7,1.0,3117368830,2898289956,1472339194,2018-08-07,delivered,19.9,7.4,27.3,credit_card,1.0,5.0,-2.0,0.0
1015089630,aff1be85595c5529e666a04a65b00c4b,1.0,3658690660,2469503104,3614407021,2018-07-15,delivered,550.0,267.08,0.0,unknown,0.0,30.0,-1.0,0.0
871232254,76600853a200fe87e141adae6b35674c,1.0,1754806644,153590348,1919968767,2018-07-24,delivered,95.0,13.33,108.33,credit_card,3.0,8.0,-8.0,0.0
545708271,4034b68eda61d53e7c3b417c10e8b252,1.0,513336643,310215674,2686156039,2018-08-13,delivered,155.9,19.19,175.09,credit_card,1.0,8.0,-3.0,0.0
3348323812,5e149681ce0a38cbd1ab43422be73a56,1.0,2477081628,3574529082,2023461531,2018-08-02,delivered,49.99,22.28,72.27,boleto,1.0,11.0,-15.0,0.0
3860306607,cb78dafa7c2ca5d9eafdc6f02cd4f3b7,1.0,991075726,3731153061,3712467349,2018-07-22,delivered,545.0,46.12,656.5556952662722,credit_card,10.0,5.0,-27.0,0.0
1300444657,cb78dafa7c2ca5d9eafdc6f02cd4f3b7,2.0,991075726,3784960986,3712467349,2018-07-22,delivered,68.0,46.13,81.91887573964497,credit_card,10.0,5.0,-27.0,0.0
3260054423,cb78dafa7c2ca5d9eafdc6f02cd4f3b7,3.0,991075726,2210520714,3958952303,2018-07-22,delivered,63.0,46.12,75.89542899408285,credit_card,10.0,5.0,-27.0,0.0
2833330449,8cd5aad1cedb4a08e019072b76d6ec9d,1.0,681289452,1918801617,1694950908,2018-08-05,delivered,18.0,7.39,25.39,debit_card,1.0,9.0,-3.0,0.0
3466790236,6ffc78c9003aa616f58b4de610bcce29,1.0,2440801879,2466355469,523493826,2018-07-16,delivered,66.99,27.75,94.74,credit_card,4.0,25.0,7.0,1.0
3264389995,c7dd323224f4c34e9014d0a89e987b47,1.0,1180635435,1187523799,1553669565,2018-08-17,delivered,102.9,36.02,138.92,credit_card,2.0,4.0,-5.0,0.0
2309589647,4e7d9b3083e78f30d7534bd2fc1c5f2d,1.0,2381925338,3340639343,3115096273,2018-07-17,delivered,48.99,28.49,58.17224064424443,credit_card,10.0,7.0,-10.0,0.0
409228763,4e7d9b3083e78f30d7534bd2fc1c5f2d,2.0,2381925338,3043877270,60670679,2018-07-17,delivered,141.0,7.12,167.42775935575557,credit_card,10.0,7.0,-10.0,0.0
1214585026,0528d983de4118f6b36d55e407d24f94,1.0,1867558783,2648057459,1615213775,2018-07-22,delivered,69.99,14.8,84.79,credit_card,4.0,4.0,-11.0,0.0
2246889312,c771daed5a327383979b39b00a919a1f,1.0,1503297259,2824813110,1450839146,2018-07-20,delivered,49.99,15.45,65.44,credit_card,1.0,5.0,-20.0,0.0
2289434944,5935d2e5e81201ca0c8233ea39b5b63b,1.0,453813911,3658875146,250985049,2018-08-06,delivered,77.9,22.48,100.38,credit_card,2.0,14.0,-14.0,0.0
1097407970,2b69497e8fa468b823a89798ed1a38f0,1.0,2155713247,2468477991,884199128,2018-08-10,delivered,24.99,7.44,32.43,boleto,1.0,9.0,0.0,0.0
614472478,5be6e25a039543ec0588ea864fec282f,1.0,2322508309,1816939174,1550185782,2018-07-16,delivered,89.99,11.65,101.64,voucher,1.0,9.0,0.0,0.0
2800688399,92feb19a2b63573984951463f3c2935d,1.0,1569143350,1744497863,181377286,2018-07-17,delivered,430.0,25.81,455.81,credit_card,5.0,8.0,-11.0,0.0
2621705128,35cab29a44850e454b675c0160b34a45,1.0,4072342880,3899967793,2235530015,2018-07-31,delivered,650.0,11.81,661.81,credit_card,10.0,2.0,-8.0,0.0
794758500,ceb13edd7ff6e50ff3a9295764a6b3b7,1.0,1245955924,2000031983,2953788429,2018-08-06,delivered,89.9,18.73,108.63,credit_card,3.0,7.0,-9.0,0.0
1130220718,9888a350c98263705a75ee0a82e90e7c,1.0,2056942637,1663460637,857846044,2018-07-01,delivered,34.5,18.39,52.89,credit_card,1.0,10.0,-14.0,0.0
3420628639,aaa7c75bbfad7c018b58b3e3ce3921ec,1.0,2318242644,772964443,3626123686,2018-08-09,delivered,189.0,33.46,222.46,credit_card,4.0,19.0,-16.0,0.0
3001091091,07758ed400d130462900b1f68d042ee7,1.0,4226937660,3680376743,3485175421,2018-07-15,delivered,230.0,42.59,272.59,credit_card,18.0,9.0,-8.0,0.0
3526676984,07d395244b58ce72bbecdafbb1b60ace,1.0,2673505755,4108567932,2023461531,2018-07-02,delivered,119.0,18.93,137.93,boleto,1.0,17.0,-5.0,0.0
2440616630,2464a4f54814d3de636541955feeb947,1.0,4105896448,3373643672,1480205621,2018-08-01,delivered,199.9,8.98,208.88,credit_card,10.0,7.0,2.0,1.0
2429283199,7448f861b4547fc4407e432c043ee4a0,1.0,2834107065,9534287,1379301944,2018-07-15,delivered,26.2,18.28,44.48,credit_card,1.0,8.0,-14.0,0.0
2648821859,20a1b5b821806e87157587550af9d52e,1.0,1433377847,1508096381,3485175421,2018-07-09,delivered,90.1,19.82,109.92,credit_card,8.0,28.0,3.0,1.0
2170589136,cc4262265ee51b6f5d446e6218149391,1.0,1066187644,235978297,3746284701,2018-07-22,delivered,169.99,10.12,180.11,credit_card,10.0,3.0,-19.0,0.0
3503518443,5e170986cfd279084c6f2789545aad28,1.0,4088503963,2401984513,1813866832,2018-07-09,delivered,225.99,12.6,238.59,credit_card,3.0,10.0,-14.0,0.0
4204040749,6f9163af10d76144f7f5c4e1e500f417,1.0,479536366,3487625985,819761952,2018-08-03,delivered,25.89,22.98,48.87,credit_card,1.0,6.0,-7.0,0.0
2206845773,3b3e0d7f5d77e227da21f19fd5e20c47,1.0,3657741384,592096461,2304947736,2018-08-20,delivered,77.0,7.8,84.8,credit_card,4.0,7.0,4.0,1.0
259093701,7d2a5a0dfec1d4e81cdce3b0ab48607c,1.0,3729010473,1277571969,1763790356,2018-08-11,delivered,199.0,15.84,214.84,credit_card,4.0,9.0,-8.0,0.0
2269425600,6dead076d81e3dea65be3ffa79dbdb79,1.0,3684184384,3491221817,1259057514,2018-08-21,delivered,69.0,17.61,86.61,credit_card,1.0,5.0,-4.0,0.0
3783960442,014ac3cfd0e55bdc2cdd12aa181b00cb,1.0,890946202,2447709469,309430281,2018-08-05,delivered,135.0,23.75,158.75,credit_card,3.0,8.0,-10.0,0.0
1218717788,c17fcfaca02575c7e0ea991578a5e1a8,1.0,1550299073,1194727413,4086780073,2018-08-19,delivered,79.0,14.86,93.86,credit_card,4.0,4.0,-6.0,0.0
1208442674,0d379ed81a9bf10489b4509f3559ca90,1.0,1708954713,1175674364,2304947736,2018-07-10,delivered,55.0,18.49,73.49,credit_card,3.0,6.0,-14.0,0.0
3595121447,1fc9d04a738b6f63d5803e444c2228c8,1.0,3167814808,3513669726,900310379,2018-08-12,delivered,98.9,14.99,113.89,credit_card,1.0,4.0,-6.0,0.0
4196751381,b39ecb6c0af8f006d1bf639d962fb92e,1.0,3510276885,3304200972,2250123381,2018-08-15,delivered,64.0,13.11,77.11,credit_card,4.0,5.0,-4.0,0.0
1241035157,7c1775b55c23f7d7c2f85ac8e2e3c549,1.0,2961986305,1835463448,2911192595,2018-08-21,delivered,289.99,17.13,307.12,credit_card,1.0,6.0,-3.0,0.0
3044374245,c996784e13c7d956e06ad7f8a992b564,1.0,4084164365,4212125419,2911192595,2018-08-07,delivered,126.12,19.99,146.11,credit_card,1.0,7.0,-29.0,0.0
2275277463,adf3d602a987dfaf1a76aed5aee37407,1.0,4143822531,15396172,2131055484,2018-07-29,delivered,39.99,7.54,0.0,unknown,0.0,1.0,-6.0,0.0
3035770964,7e7e972164339f32fadecfdb2c4e93c7,1.0,3896761464,3998209605,1266529499,2018-07-19,delivered,219.0,16.83,235.83,debit_card,1.0,5.0,-6.0,0.0
2983726753,1b79d2acd9204f5e12d9c6f8b8ac5bbc,1.0,2260222680,3245748662,1480205621,2018-08-01,delivered,168.9,23.11,192.01,credit_card,3.0,12.0,-15.0,0.0
3676378588,84b178ef93e0b367f901d4263bee2a3a,1.0,3520233172,3074567367,2554243760,2018-07-31,delivered,109.7,19.68,129.38,boleto,1.0,9.0,-13.0,0.0
2854310848,1824f26e1fdcf75b43c6849e90f2c3b8,1.0,4241036245,1641352817,1480205621,2018-07-26,delivered,148.9,8.3,157.2,boleto,1.0,8.0,-3.0,0.0
1562143920,892afc8152bfeddaa37facab6f4a9275,1.0,2795759894,1934518943,96764808,2018-08-23,delivered,14.9,7.39,22.29,boleto,1.0,4.0,-3.0,0.0
4268033553,5e8e2246d1b5e113efb8958d9b9fd9de,1.0,1037952913,191747048,2235530015,2018-08-06,delivered,640.0,40.75,680.75,voucher,3.0,2.0,-1.0,0.0
194221721,5d36971a31667ce7f86f81d277490e9a,1.0,388327001,2648057459,1615213775,2018-08-04,delivered,69.99,14.8,84.79,credit_card,2.0,5.0,-4.0,0.0
2980668780,a1506880c64d76bdd37f1fa714865b7d,1.0,515773272,336496699,3659481684,2018-08-14,delivered,11.89,17.06,28.95,boleto,1.0,8.0,-5.0,0.0
4253916285,59e2aa6cada46ead4c4520d965785640,1.0,164871216,1918639453,935749508,2018-07-05,delivered,237.99,14.33,252.32,credit_card,8.0,4.0,-15.0,0.0
4005656510,169ea2de3034acb7ff710f2ed686841c,1.0,2486699208,661127957,3861952746,2018-07-21,delivered,239.9,27.98,267.88,credit_card,8.0,9.0,-17.0,0.0
2457906670,47e7c69b3f435b43a16da911cf937369,1.0,888389742,353793294,1440644835,2018-07-16,delivered,31.99,15.32,47.31,boleto,1.0,7.0,-8.0,0.0
3702311503,c09ebf7e4d207da975475dcd0db417ba,1.0,2048571072,2875424544,3408560819,2018-07-31,delivered,101.9,15.81,0.0,unknown,0.0,5.0,-11.0,0.0
1992317880,73465e1b285d2f5f6067c118ff99d204,1.0,3340146818,2220993801,4109304321,2018-07-28,delivered,139.0,19.07,158.07,credit_card,6.0,5.0,-28.0,0.0
1909520181,108901afd62abfc81344668ddc554620,1.0,1482616037,710570299,873124783,2018-08-24,delivered,19.9,8.3,28.2,credit_card,1.0,6.0,0.0,0.0
3076044554,47241d51bf3749ec7ad04962507ac2df,1.0,2271769459,612726508,261066546,2018-08-03,delivered,118.4,14.17,132.57,credit_card,4.0,1.0,-6.0,0.0
2224158694,1bafdeda7fddba2882f1fd3279fab46e,1.0,3115216204,537217907,989903952,2018-07-27,delivered,64.99,14.91,79.9,credit_card,8.0,6.0,-14.0,0.0
4095075766,1bafdeda7fddba2882f1fd3279fab46e,2.0,3115216204,287540618,989903952,2018-07-27,delivered,64.99,14.91,79.9,credit_card,8.0,6.0,-14.0,0.0
2160114259,12e3ba822961de771f16352fe1c11ef7,1.0,3349720486,1850116777,1082701225,2018-07-11,delivered,14.8,7.39,0.0,unknown,0.0,4.0,-3.0,0.0
2153066410,da9783c64e76b5e0b7352ac97f31e423,1.0,1773729141,2400743742,2060950116,2018-08-08,delivered,49.0,13.68,0.0,unknown,0.0,7.0,-5.0,0.0
864608385,da9783c64e76b5e0b7352ac97f31e423,2.0,1773729141,2400743742,2060950116,2018-08-08,delivered,49.0,13.68,0.0,unknown,0.0,7.0,-5.0,0.0
3617049259,95f3615ae63fefb578bbcb55f66fba96,1.0,3570942154,3544252325,1734769477,2018-07-20,delivered,119.9,27.31,155.2382042979099,credit_card,8.0,7.0,-19.0,0.0
3006320244,95f3615ae63fefb578bbcb55f66fba96,2.0,3570942154,1100876085,3734320862,2018-07-20,delivered,49.95,22.75,64.67179570209008,credit_card,8.0,7.0,-19.0,0.0
1760470535,1db209fdc128d35605e562a70180dd32,1.0,697384468,3475391141,1242878050,2018-07-31,delivered,101.2,21.35,122.55,credit_card,6.0,8.0,-9.0,0.0
2096082972,6de62f929c2967a3932bbfe43a85b0fb,1.0,3963789694,511571128,819761952,2018-08-24,delivered,14.49,7.87,22.36,credit_card,1.0,4.0,-2.0,0.0
958320083,26468ef199f961b657bd9411810b80ea,1.0,540902746,942878841,2042342755,2018-07-25,delivered,47.9,14.64,62.54,credit_card,1.0,5.0,-18.0,0.0
3981684268,1a5d26539a8b09797d607fea0d449412,1.0,253586544,2992823587,1914769873,2018-07-02,delivered,129.49,13.21,142.7,credit_card,10.0,1.0,-12.0,0.0
4163910987,6c0447fe1bac68a50c405d809f5f625e,1.0,438707896,3594166535,1622838244,2018-08-14,delivered,259.9,52.47,312.37,credit_card,10.0,4.0,-9.0,0.0
1232164035,1cd147d1c0fe18f3b742a353396c44a7,1.0,208539106,3400215413,3626123686,2018-08-20,delivered,42.0,10.0,51.995,credit_card,6.0,8.0,-36.0,0.0
348543955,1cd147d1c0fe18f3b742a353396c44a7,2.0,208539106,3400215413,3626123686,2018-08-20,delivered,42.0,10.0,51.995,credit_card,6.0,8.0,-36.0,0.0
1176581091,05408ed33df5e0bbf70d578dbdca2f29,1.0,3993940839,4049536519,2890074202,2018-07-26,delivered,34.5,7.5,42.0,boleto,1.0,4.0,-2.0,0.0
1541660685,a522b7580df244e07961a4c4975f9824,1.0,1164113970,1699686414,1696683105,2018-08-12,delivered,23.73,22.1,45.83,credit_card,4.0,9.0,-19.0,0.0
1324692338,88a82da4cb2eb4723c9965285fe826c9,1.0,3164008140,978823232,1728046229,2018-08-10,delivered,25.0,15.28,40.28,voucher,1.0,10.0,-7.0,0.0
2315759630,96519c210f6dfe22f8e85cad134443ae,1.0,2099182879,3304200972,2250123381,2018-08-23,delivered,69.0,13.14,82.14,credit_card,4.0,4.0,-9.0,0.0
1521752969,96519c210f6dfe22f8e85cad134443ae,2.0,2099182879,3304200972,2250123381,2018-08-23,delivered,69.0,13.14,82.14,credit_card,4.0,4.0,-9.0,0.0
2458795709,8a5fc33c79bf3f4d9bbcc3dceb6b67c4,1.0,3675234665,3470607707,2792528778,2018-08-09,delivered,231.2,38.53,0.0,unknown,0.0,8.0,-5.0,0.0
4188105186,4669128c3280c4b2c99e4de410143681,1.0,4266335835,2788952506,1524586005,2018-07-04,delivered,35.9,15.35,51.25,credit_card,1.0,9.0,-17.0,0.0
678394555,32fdf0a2dd2215ae2db0580d82e792dd,1.0,2971258229,242957004,1966704427,2018-07-30,delivered,47.5,23.13,70.63,credit_card,3.0,3.0,-21.0,0.0
3473302722,2c12150c742ae2fa48bc703964c16c5f,1.0,98100468,3408686531,2465633921,2018-07-28,delivered,57.9,19.6,77.5,credit_card,7.0,5.0,-13.0,0.0
2218850944,be6343c24d4cd24d3a630c7a8aee1a6b,1.0,1989646893,728160491,604861625,2018-07-10,delivered,63.99,9.2,73.19,credit_card,1.0,1.0,-6.0,0.0
1676093757,7325155ebf88da418deb3ac20a5d7f85,1.0,1420701860,1205223205,3103215707,2018-08-16,delivered,259.99,18.01,278.0,boleto,1.0,12.0,-14.0,0.0
1030912800,07a26b88cc90e93f5c9401de11a60793,1.0,1253952442,4226710473,3909645171,2018-08-22,delivered,12.9,7.39,20.29,credit_card,1.0,3.0,-2.0,0.0
3317728923,bad242af8ec5c0d7d5dcdec41f207e9e,1.0,3995609230,2600331274,1432305819,2018-08-18,delivered,29.99,15.31,45.3,credit_card,1.0,6.0,-11.0,0.0
3985756350,76cc0d927131093087a3d392008d9796,1.0,357553039,945283945,2775148626,2018-08-22,delivered,19.49,18.24,37.73,credit_card,1.0,8.0,-19.0,0.0
1045017670,8b1956ed3dc60c9bfa629f6e215fd306,1.0,1776321598,3612268459,2681412629,2018-08-21,delivered,58.99,7.67,66.66,debit_card,1.0,2.0,-4.0,0.0
4284355074,de2acf01121628d8ca0b8c36ef103bd5,1.0,783281872,3453652382,3424220039,2018-08-14,delivered,99.0,40.01,139.01,voucher,3.0,14.0,-14.0,0.0
3242652880,db033c99784b0da2569c40df1e7001d7,1.0,4123563393,1489720126,3466443720,2018-08-20,delivered,72.12,18.61,90.73,boleto,1.0,7.0,-9.0,0.0
3100442047,852caeafa74327cfaf00268125425cef,1.0,2919792126,2073401436,3667124800,2018-07-24,delivered,49.9,22.28,72.18,credit_card,2.0,14.0,-8.0,0.0
982021636,c30b8d50e79a4d6ce964a2a0b1f3a6d5,1.0,1852236501,26367845,3746284701,2018-08-03,delivered,29.9,15.31,45.21,credit_card,1.0,10.0,-9.0,0.0
225237825,aa61e95f95f3ec74b8a3b7c5c174c0c5,1.0,800117888,2353053407,1026558515,2018-07-04,delivered,379.9,20.76,400.66,credit_card,4.0,6.0,-29.0,0.0
1142931150,dafd881e3f2e32e13a60a0bad4547004,1.0,3510315864,2495106546,2580370799,2018-07-13,delivered,139.9,34.36,174.26,credit_card,4.0,25.0,-35.0,0.0
3709856490,53e2d02e35bbcf2deb23911e2d791dbb,1.0,285076420,2207622087,2082347993,2018-08-07,delivered,69.99,74.44,144.43,boleto,1.0,23.0,-5.0,0.0
3627014892,53e2d02e35bbcf2deb23911e2d791dbb,2.0,285076420,2207622087,2082347993,2018-08-07,delivered,69.99,74.44,144.43,boleto,1.0,23.0,-5.0,0.0
3133470610,c094319b75c45fb8f3edc4fe857f65c7,1.0,3675474615,2846700128,2190763425,2018-08-11,delivered,129.89,11.93,141.82,credit_card,2.0,5.0,-20.0,0.0
2259769908,cbd0a0bae58672055c7961ffbf0ee529,1.0,551033270,1913017858,3280936577,2018-07-31,delivered,229.99,39.88,269.87,credit_card,8.0,14.0,-19.0,0.0
1229673248,64a22766d8a3975ba61edc4943501e24,1.0,735390751,2074398685,305748041,2018-07-03,delivered,17.9,12.79,30.69,boleto,1.0,7.0,-21.0,0.0
1764727847,9df9587a3db3e8ad4789a07841a0afe1,1.0,1277451252,2430646579,2775148626,2018-08-20,delivered,65.0,7.72,72.72,credit_card,1.0,3.0,-4.0,0.0
3276507063,b81af5e0dbc943da7544bf507acf9e23,1.0,3139115711,1855708445,2670535380,2018-07-26,delivered,94.0,14.96,108.96,boleto,1.0,6.0,-19.0,0.0
1930829708,ad9e5e00d6f4a3d4226893dde85d40f7,1.0,742382956,204992601,3129531441,2018-07-21,delivered,30.0,8.37,38.37,boleto,1.0,4.0,-6.0,0.0
3953240883,ad9e5e00d6f4a3d4226893dde85d40f7,2.0,742382956,204992601,3129531441,2018-07-21,delivered,30.0,8.37,38.37,boleto,1.0,4.0,-6.0,0.0
3643370150,5dd074a5f6674685cfe723e7854c0b73,1.0,1201054380,1857638905,2880307388,2018-07-25,delivered,119.85,23.64,143.49,credit_card,2.0,20.0,-7.0,0.0
4064149394,ac416b71ffbc5fbfe4b5cea8a05b0d4d,1.0,3876144405,2706913463,3804798124,2018-08-01,delivered,120.0,8.1,128.1,credit_card,2.0,2.0,-4.0,0.0
2257528697,d33eeaaa657fd3ae5e7f4e8f92892ea5,1.0,35619144,3503860589,819761952,2018-08-08,delivered,64.49,9.14,73.63,debit_card,1.0,5.0,-1.0,0.0
2383169899,d33eeaaa657fd3ae5e7f4e8f92892ea5,2.0,35619144,3503860589,819761952,2018-08-08,delivered,64.49,9.14,73.63,debit_card,1.0,5.0,-1.0,0.0
380614891,1c6380dc10ebea9bad618eb25fedcdfa,1.0,2722268818,3183400179,1207458958,2018-07-29,delivered,44.9,19.5,64.4,credit_card,4.0,5.0,-14.0,0.0
3181159173,4fcd41f1365d2b6852c34568499584b8,1.0,1969730589,3859647011,989880648,2018-08-02,delivered,145.9,9.72,155.62,boleto,1.0,4.0,-2.0,0.0
3153476517,ca1a95284ae96a8e085f7671c44f37a4,1.0,3895525382,887825307,2173695781,2018-07-31,delivered,139.0,67.5,206.5,credit_card,2.0,5.0,-9.0,0.0
3376954437,b9dd3c9858c240eba0ec042ec9f47c01,1.0,3261260700,3135228054,3026700899,2018-07-24,delivered,89.9,41.61,131.51,boleto,1.0,7.0,-17.0,0.0
878193768,afdb9767a3f9ec80e34ce37c5f47aa63,1.0,2604157829,2778550630,3643812432,2018-07-13,delivered,27.75,15.29,43.04,credit_card,1.0,12.0,-20.0,0.0
3768897958,d5a777d0e1c561e945c9eedce2cad80f,1.0,4280828571,1263580723,1615213775,2018-07-23,delivered,44.85,13.89,58.74,credit_card,5.0,4.0,-10.0,0.0
3870258593,cf8152b6a51ad306ad09a2d253c8133c,1.0,3753328426,3641769610,2526411072,2018-08-18,delivered,38.0,12.93,50.93,credit_card,2.0,5.0,-7.0,0.0
2470299661,905abf7e67aedee76e5974a22bcef8cd,1.0,1855054089,394339765,2304947736,2018-08-04,delivered,249.0,16.84,265.84,credit_card,5.0,5.0,-11.0,0.0
4245854770,bda35b10977d165ff7f6ae6ce187a4e3,1.0,2359731031,425601935,2166899228,2018-07-28,delivered,106.6,24.36,130.96,credit_card,3.0,4.0,-11.0,0.0
1912557477,bda35b10977d165ff7f6ae6ce187a4e3,2.0,2359731031,425601935,2166899228,2018-07-28,delivered,106.6,24.36,130.96,credit_card,3.0,4.0,-11.0,0.0
4084684874,bda35b10977d165ff7f6ae6ce187a4e3,3.0,2359731031,425601935,2166899228,2018-07-28,delivered,106.6,24.36,130.96,credit_card,3.0,4.0,-11.0,0.0
1519114364,011724d1afbd91844302627f79a66800,1.0,1539957320,3155743601,2154000458,2018-08-09,delivered,54.99,14.7,69.69,credit_card,2.0,5.0,-7.0,0.0
2605912704,4cf039bb3ac612eaf93de354f5da9cbe,1.0,3091705722,1277571969,1763790356,2018-07-30,delivered,170.0,25.54,195.54,credit_card,4.0,14.0,-2.0,0.0
2341730187,4cf039bb3ac612eaf93de354f5da9cbe,2.0,3091705722,1277571969,1763790356,2018-07-30,delivered,170.0,25.54,195.54,credit_card,4.0,14.0,-2.0,0.0
4251432385,2b9f8967c6489ea04357a9fc58740ae5,1.0,1532238908,337371387,2118540709,2018-08-10,delivered,196.0,16.47,212.47,credit_card,3.0,17.0,-21.0,0.0
2533610618,8654cd8e725e48af0d843f5c60598e72,1.0,2378978886,1779293247,581044507,2018-07-22,delivered,219.0,19.78,238.78,credit_card,8.0,8.0,-29.0,0.0
684338359,9fb578d8a9c6d5c73ea157e45b69d479,1.0,686370874,2091800923,1472339194,2018-08-02,delivered,54.9,17.31,72.21,credit_card,2.0,8.0,-17.0,0.0
3308974100,59b598f25ce5991f7526c8ff8fc76601,1.0,478155090,870882749,1675260091,2018-07-20,delivered,19.0,12.79,31.79,boleto,1.0,10.0,-4.0,0.0
457998057,cccc154ce300f1dd193065ddbf6383f9,1.0,3521251994,3386106382,581044507,2018-07-26,delivered,110.0,18.87,128.87,boleto,1.0,7.0,-18.0,0.0
51702750,777f09795a87e5598924d1f7090deeb1,1.0,3846933185,1344701328,2078480002,2018-08-10,delivered,99.9,14.04,113.94,credit_card,3.0,5.0,-12.0,0.0
2460480732,0039500db36d50d7d0bfaf23723550f3,1.0,4204467758,4142475363,604144110,2018-07-06,delivered,169.9,33.33,203.23,credit_card,2.0,14.0,-13.0,0.0
2971091547,d15b257b7d9942a18c578ac0b3483139,1.0,2892393162,1542620785,897947394,2018-08-21,delivered,364.0,20.7,384.7,credit_card,2.0,6.0,-23.0,0.0
1759439234,68f730bca7855a941b075dfde3e84ab9,1.0,1997271425,725759705,3649049630,2018-07-25,delivered,28.5,19.39,47.89,boleto,1.0,26.0,7.0,1.0
651799866,88d1d2267096b03d7478723323ea363c,1.0,2279603355,4294399807,2308685613,2018-08-14,delivered,82.0,8.73,90.73,credit_card,1.0,2.0,-1.0,0.0
372293623,53644a8a66249361bd171848c8df4f83,1.0,3745270562,1913017858,3280936577,2018-08-02,delivered,229.99,10.36,240.35,credit_card,8.0,7.0,0.0,0.0
962351520,a96dc2c8b069bb0b45b539cc316a9aa4,1.0,904010015,592096461,2304947736,2018-07-05,delivered,78.0,18.65,96.65,boleto,1.0,8.0,-12.0,0.0
858591332,087b9476284aab4d762f05d8c0181aab,1.0,661541343,3634943058,3826842713,2018-08-12,delivered,100.0,53.05,153.05,boleto,1.0,18.0,-7.0,0.0
2499568958,0a4c05d2e1ae812a342af2f5c9a34b36,1.0,3271835444,3046374291,2304947736,2018-07-31,delivered,58.0,2.17,69.44170748775367,boleto,1.0,2.0,-7.0,0.0
1972203982,0a4c05d2e1ae812a342af2f5c9a34b36,2.0,3271835444,1079848377,2304947736,2018-07-31,delivered,55.0,21.68,65.84989503149055,boleto,1.0,2.0,-7.0,0.0
3888554550,0a4c05d2e1ae812a342af2f5c9a34b36,3.0,3271835444,3463578150,4086780073,2018-07-31,delivered,29.9,4.34,35.79839748075577,boleto,1.0,2.0,-7.0,0.0
3359294373,a4e8c6ce4b3017aceed77c3e34035dca,1.0,2692287803,759126818,788869188,2018-08-07,delivered,215.0,60.72,275.72,credit_card,2.0,3.0,-18.0,0.0
2976174514,171b2216b2d1b1f42bc9481f06dfaa40,1.0,979069742,4162477491,935749508,2018-08-08,delivered,38.99,19.46,58.45,credit_card,3.0,9.0,-18.0,0.0
431675456,346c0a181df97b0776f3d7d4a2cec70f,1.0,2929662393,1264577251,853272068,2018-07-08,delivered,23.5,7.43,30.93,credit_card,1.0,3.0,-7.0,0.0
3871151981,94cf59885365bee1e40724968aa2f524,1.0,838614988,1721727393,3207856380,2018-08-09,delivered,159.99,13.78,173.77,credit_card,2.0,5.0,-5.0,0.0
3738592709,243f2d7445f9dd0abd4542bb61385f51,1.0,4069538802,870882749,1675260091,2018-08-23,delivered,20.9,12.81,33.71,credit_card,2.0,4.0,-7.0,0.0
2869161713,40d390835e3da901802d4c3b4b184863,1.0,1413278685,276199677,2870196462,2018-07-22,delivered,14.9,7.39,22.29,voucher,1.0,3.0,-7.0,0.0
4030413181,3676b8a38151270ac285f2fa3c564772,1.0,3791693629,1381614497,3106288757,2018-08-25,delivered,15.9,7.39,23.29,boleto,1.0,3.0,-1.0,0.0
3741831450,3676b8a38151270ac285f2fa3c564772,2.0,3791693629,1381614497,3106288757,2018-08-25,delivered,15.9,7.39,23.29,boleto,1.0,3.0,-1.0,0.0
527408795,47757e40bf5bef19314ecbdf38a45d41,1.0,3166939313,3176658341,2384848440,2018-08-06,delivered,129.9,27.89,157.79,credit_card,6.0,4.0,-7.0,0.0
4059340702,04ebe10a05b6cb445e27b34f29a01c1a,1.0,3897853520,174750780,523493826,2018-08-17,delivered,122.99,30.11,153.1,boleto,1.0,10.0,-14.0,0.0
1650349511,47501eba9eeaaa3c12fa168efce7aae3,1.0,248143225,596427865,1008270582,2018-08-24,delivered,115.99,27.11,143.1,credit_card,3.0,6.0,-18.0,0.0
4233505943,1b2a09e1fb4ede4fd59a806112766dc7,1.0,3203815506,3805915503,3640708388,2018-07-30,delivered,20.9,22.08,42.98,credit_card,2.0,7.0,-13.0,0.0
3871514941,40237e91fbaa88e62cdc9397b2e3343a,1.0,441654435,3749014143,1422228924,2018-07-18,delivered,25.9,12.84,38.74,credit_card,1.0,5.0,-9.0,0.0
1525373041,40237e91fbaa88e62cdc9397b2e3343a,2.0,441654435,3749014143,1422228924,2018-07-18,delivered,25.9,12.84,38.74,credit_card,1.0,5.0,-9.0,0.0
3206786366,5e981569f5835c96e4b288363b3b8f63,1.0,241493913,1139372368,1778061601,2018-07-30,delivered,169.89,12.92,182.81,credit_card,3.0,1.0,-1.0,0.0
1252925121,b32d933cbb60baceeffff29dad694641,1.0,2898024419,3339065287,3738536369,2018-08-16,delivered,179.9,8.52,188.42,boleto,1.0,5.0,0.0,0.0
1255153168,a9569e5470a944e2c8787ab08b6e26ed,1.0,1405267508,2289449263,2420294011,2018-07-20,canceled,36.9,9.01,0.0,unknown,0.0,,,
28171554,9b21580d9a140962daa66b493fa50248,1.0,2941826406,1776620515,2475905934,2018-08-04,delivered,69.99,23.29,93.28,boleto,1.0,16.0,0.0,0.0
3947419307,e17c1dcc7717b07a0613f26fd235b0a4,1.0,1958914092,2486826627,2558590040,2018-08-19,delivered,98.0,18.84,116.84,boleto,1.0,5.0,-30.0,0.0
76628928,bef91d8b2fdc7104c272e688abb17c4f,1.0,1558285495,2597884318,3361221497,2018-08-09,delivered,40.9,20.56,61.46,credit_card,6.0,16.0,-8.0,0.0
3264151765,bef91d8b2fdc7104c272e688abb17c4f,2.0,1558285495,2675881732,3361221497,2018-08-09,delivered,40.9,20.56,61.46,credit_card,6.0,16.0,-8.0,0.0
3462712139,5460a05579eef48f6c8d54ca6c3f2249,1.0,780528605,4289163850,584717230,2018-07-05,delivered,229.0,20.79,249.79,boleto,1.0,8.0,-24.0,0.0
3456803710,d16add0ce9751d6b9e83bcbea48aaefd,1.0,251522710,248116529,1302156851,2018-08-20,delivered,179.0,24.05,203.05,credit_card,8.0,8.0,-14.0,0.0
2817611969,1257e20a360aff14dfaa811bc8e50e09,1.0,1654992982,1696919580,2636346249,2018-07-04,delivered,29.99,18.31,48.3,credit_card,4.0,11.0,-14.0,0.0
198265515,c19e5e606043fc8b33023f0b377e2e55,1.0,738998293,402118999,3466443720,2018-08-13,delivered,62.7,19.63,82.33,credit_card,4.0,7.0,-15.0,0.0
3515695113,852f05d982b898131361f787c7d787fe,1.0,127995291,4239060011,392238237,2018-08-03,delivered,189.9,18.54,208.44,credit_card,4.0,4.0,0.0,0.0
3534144860,43f0d057f0850582f4045651805ef133,1.0,3166788214,1947234880,876033421,2018-07-04,delivered,210.0,60.07,270.07,credit_card,5.0,2.0,-17.0,0.0
774792518,e299b9edcedc7009ca224fb5a856afdf,1.0,3421449974,1172509474,1960302066,2018-07-25,delivered,114.99,65.58,0.0,unknown,0.0,11.0,-9.0,0.0
1285543674,9932048143843906af1f72ddcdb746f9,1.0,162315493,1913017858,4120033478,2018-07-27,delivered,199.9,24.55,224.45,credit_card,8.0,13.0,-7.0,0.0
3760182218,05ebeda0c1aefd787e0ddc914af75039,1.0,3194295128,3138985478,3554345266,2018-08-14,delivered,179.9,19.39,198.8116888045541,credit_card,5.0,8.0,-9.0,0.0
2597257308,05ebeda0c1aefd787e0ddc914af75039,2.0,3194295128,1964155017,3554345266,2018-08-14,delivered,189.0,19.39,208.86831119544595,credit_card,5.0,8.0,-9.0,0.0
2174608372,8707490ec96f386b36d2582753d9fcdb,1.0,3156713080,2466355469,523493826,2018-08-16,delivered,66.99,27.75,94.74,credit_card,1.0,11.0,-14.0,0.0
3433662577,5abf18d13baf7acb60e616f758d61928,1.0,1196069885,82913695,3873129795,2018-08-27,delivered,36.9,8.42,45.32,credit_card,2.0,1.0,-1.0,0.0
3907349310,48c923725afb1e9fc4d686c4ffb3cf03,1.0,391934481,2747032375,4053461970,2018-08-21,delivered,74.99,18.33,93.32,credit_card,3.0,5.0,-14.0,0.0
2630231670,7c6146547d5509c612ec26867d1cd47b,1.0,3119929724,1542620785,897947394,2018-07-03,delivered,364.0,69.69,433.69,credit_card,8.0,9.0,-19.0,0.0
718237916,cb59ee47ea87ca723d612fc989466be9,1.0,2401336458,998988418,1342390521,2018-08-16,delivered,144.99,31.89,176.88,boleto,1.0,11.0,-16.0,0.0
937144502,6cfe2a252e18997b4a5b5a0a612e7a0d,1.0,3262817980,4153223941,1379301944,2018-08-10,delivered,25.2,7.92,33.12,credit_card,1.0,16.0,7.0,1.0
460343381,2408c82f4d0bc3152844a50802d332e3,1.0,3779402921,2288578693,395408344,2018-07-02,delivered,76.0,23.47,99.47,credit_card,2.0,2.0,-15.0,0.0
2835704544,921708bd83981df87fcf8cca7936ece1,1.0,2310346956,3294740493,4166213049,2018-07-27,delivered,199.0,52.26,251.26,boleto,1.0,10.0,-17.0,0.0
3955009322,9b790ca446b8e28ce5e4382959f6b7df,1.0,2769032267,1402689173,1450839146,2018-07-15,delivered,219.9,37.31,257.21,credit_card,2.0,32.0,-17.0,0.0
3408378693,36377e52aa9971718dd22913580b7799,1.0,2172086428,2324370903,1839514776,2018-08-14,delivered,180.0,19.36,199.36,credit_card,10.0,7.0,-16.0,0.0
71825182,03aba68b07658f28f29612641f08d4ba,1.0,1887521428,1277571969,1763790356,2018-08-08,delivered,170.0,30.44,200.44,credit_card,6.0,13.0,-6.0,0.0
2648082156,03aba68b07658f28f29612641f08d4ba,2.0,1887521428,1277571969,1763790356,2018-08-08,delivered,170.0,30.44,200.44,credit_card,6.0,13.0,-6.0,0.0
2325943391,03aba68b07658f28f29612641f08d4ba,3.0,1887521428,1277571969,1763790356,2018-08-08,delivered,170.0,30.44,200.44,credit_card,6.0,13.0,-6.0,0.0
1354822269,03aba68b07658f28f29612641f08d4ba,4.0,1887521428,1277571969,1763790356,2018-08-08,delivered,170.0,30.44,200.44,credit_card,6.0,13.0,-6.0,0.0
2170061879,03aba68b07658f28f29612641f08d4ba,5.0,1887521428,1277571969,1763790356,2018-08-08,delivered,170.0,30.44,200.44,credit_card,6.0,13.0,-6.0,0.0
3536930397,03aba68b07658f28f29612641f08d4ba,6.0,1887521428,1277571969,1763790356,2018-08-08,delivered,170.0,30.44,200.44,credit_card,6.0,13.0,-6.0,0.0
4000368046,4f43220e9c5dadd3274d4458b281231e,1.0,314738569,3561404005,2304947736,2018-07-09,delivered,55.0,7.65,62.65,credit_card,6.0,1.0,-7.0,0.0
1978337380,34fd3e758f03c7fe6169308d0fa11582,1.0,955457507,1183336336,2622583364,2018-07-28,delivered,129.0,51.62,180.62,credit_card,6.0,16.0,-11.0,0.0
3158265887,a650c714762d0184be820c5e311c8d96,1.0,2335208503,1620519941,2144379026,2018-08-05,delivered,80.0,9.31,89.31,credit_card,1.0,5.0,-13.0,0.0
2814392633,df2a380947167bc1d9d863cf7247713d,1.0,3003202175,2707439138,3488828128,2018-07-14,delivered,35.9,50.97,86.87,credit_card,1.0,15.0,-16.0,0.0
4214528675,c9e21564afa689e7e67a79fdebfcd286,1.0,1728773810,2088504860,1020025585,2018-08-14,delivered,177.5,16.5,193.995,credit_card,1.0,14.0,-28.0,0.0
4032659427,c9e21564afa689e7e67a79fdebfcd286,2.0,1728773810,2088504860,1020025585,2018-08-14,delivered,177.5,16.5,193.995,credit_card,1.0,14.0,-28.0,0.0
1031982017,8895673f81ae9b1b7ecd868bd707b243,1.0,2783687304,1159501270,1868809992,2018-07-22,delivered,150.0,28.03,178.03,boleto,1.0,9.0,-16.0,0.0
122298710,1b68cfcb862b5d454c4812021edbe3b4,1.0,1122778401,1535475267,3145789189,2018-07-17,delivered,249.0,19.84,268.84,credit_card,10.0,7.0,-9.0,0.0
1057479472,da2dfdd5a61a829e74408cc8de93aea2,1.0,2284425459,452907350,424733526,2018-07-19,delivered,69.9,23.64,93.54,credit_card,1.0,4.0,-14.0,0.0
611504984,0e7be6aaa59ac324e8b9b4e71a84f3be,1.0,1973885987,4051322312,1867257412,2018-08-14,delivered,68.99,11.5,80.49,credit_card,1.0,2.0,-1.0,0.0
801206885,5610645066118adab4ba8c6304296f84,1.0,2227514143,3341796654,1568244061,2018-07-30,delivered,44.05,18.11,62.16,credit_card,6.0,3.0,-11.0,0.0
1170000237,69f1e4d5709c13914c309652f82319f8,1.0,2214331310,983209337,1694950908,2018-08-25,delivered,98.0,8.46,111.0179104477612,debit_card,1.0,3.0,-9.0,0.0
3357232840,69f1e4d5709c13914c309652f82319f8,2.0,2214331310,391182466,1694950908,2018-08-25,delivered,29.3,8.45,33.19208955223881,debit_card,1.0,3.0,-9.0,0.0
1445683585,9d6a38b49a05b68e74e4d8899ebfe249,1.0,3050188166,904930257,2622583364,2018-08-06,delivered,212.0,19.58,231.58,boleto,1.0,7.0,-7.0,0.0
956319210,48c37ee80e51a60b382e320467cc9d37,1.0,2223767448,3371733180,3734640654,2018-07-23,delivered,37.6,18.36,55.96,credit_card,2.0,9.0,-21.0,0.0
2281496432,48c37ee80e51a60b382e320467cc9d37,2.0,2223767448,3371733180,3734640654,2018-07-23,delivered,37.6,18.36,55.96,credit_card,2.0,9.0,-21.0,0.0
1442388323,afb92fee56931a44318f90b0cb3330f5,1.0,2950696770,2651439809,2622583364,2018-07-05,delivered,84.9,13.25,98.15,boleto,1.0,7.0,-12.0,0.0
1820569504,2bb4f4b23284b2f435007ab797c29edc,1.0,1988418122,1149082688,2580370799,2018-08-13,delivered,43.75,15.41,59.16,credit_card,1.0,7.0,-4.0,0.0
1222281296,83f897bfa5b1f95356e8c9a33679cb49,1.0,392646399,745170926,130112362,2018-08-14,delivered,179.9,26.24,206.14,boleto,1.0,3.0,-5.0,0.0
3777688187,16693a75a341d20873b58f312464e250,1.0,97691235,1510551132,819761952,2018-08-04,delivered,36.49,8.0,44.49,credit_card,1.0,4.0,-1.0,0.0
3652504382,ddc6156f6a074fb9937e7f079dd758d3,1.0,542297947,3482177145,4100464209,2018-07-25,delivered,29.9,18.31,48.21,boleto,1.0,7.0,-21.0,0.0
1459374374,ddc6156f6a074fb9937e7f079dd758d3,2.0,542297947,3482177145,4100464209,2018-07-25,delivered,29.9,18.31,48.21,boleto,1.0,7.0,-21.0,0.0
1388635349,480455ea6aea5bb17a513ac896132d14,1.0,2613534824,1840587330,1054122065,2018-08-20,delivered,59.9,20.99,80.89,boleto,1.0,9.0,-27.0,0.0
4034589248,789bf50b7eafcaff398ea0b735b4787e,1.0,2479708144,174750780,523493826,2018-08-07,delivered,122.99,30.11,153.1,credit_card,1.0,6.0,-21.0,0.0
4129092353,d98b754dc197354be163fe4f75ef28fc,1.0,3298932458,1920796201,2173695781,2018-07-22,delivered,99.99,23.69,123.68,credit_card,8.0,8.0,-8.0,0.0
3011899875,a37ddd895baf6a663cd42465aa1a1d10,1.0,334154056,858813434,803817406,2018-07-03,canceled,84.89,8.33,93.22,boleto,1.0,,,
3917023798,77e9d2f71c740441b1fce48743b8e358,1.0,3817780640,2434305896,1494035739,2018-07-11,delivered,49.0,18.49,67.49,credit_card,3.0,19.0,-2.0,0.0
1057383492,90b1834032530ed03e7bbb0f6f2d7125,1.0,3675052462,1992616608,3819213127,2018-08-17,delivered,127.9,18.03,40.21,credit_card,1.0,9.0,-3.0,0.0
628963055,a2b4be96b53022618030c17ed437604d,1.0,2898047581,2235810262,196831707,2018-07-22,delivered,209.99,55.95,265.94,credit_card,7.0,66.0,41.0,1.0
1414698779,a49146f414b54879adb68c422428a68e,1.0,1337912451,45336417,492848926,2018-07-26,delivered,55.99,27.37,83.36,voucher,1.0,12.0,-9.0,0.0
1264321123,72fab83427516c548cff90e1975ce053,1.0,3359060868,1508381484,2949449251,2018-08-03,delivered,19.9,12.8,32.7,credit_card,3.0,5.0,-5.0,0.0
872686938,c5f8296baf77d395952fac57effcbf47,1.0,4020626345,2296664944,4272234702,2018-07-19,delivered,139.0,20.16,159.16,credit_card,3.0,7.0,-22.0,0.0
3453260621,2ebdfc4f15f23b91474edf87475f108e,1.0,623627257,3686510176,4109304321,2018-07-01,delivered,139.0,19.07,158.07,credit_card,3.0,,,
1712794032,ca00c2ba5781124bd9493423de6d8862,1.0,1906475722,2777135247,227675137,2018-08-10,delivered,179.9,31.34,211.24,debit_card,1.0,7.0,-10.0,0.0
2664501043,ca00c2ba5781124bd9493423de6d8862,2.0,1906475722,2777135247,227675137,2018-08-10,delivered,179.9,31.34,211.24,debit_card,1.0,7.0,-10.0,0.0
4155509622,ad752dccdfda84b21aeceed3c6477654,1.0,1589041663,3300087472,1350631362,2018-08-16,delivered,84.9,23.31,108.21,credit_card,1.0,7.0,-11.0,0.0
808467027,cf994e7b2290fe771d8ac15f128eabc4,1.0,2241461374,1854885462,3865820653,2018-08-02,delivered,69.0,19.67,88.67,credit_card,2.0,5.0,-5.0,0.0
3844075917,33ebbe6b176d53190194b5b05cf69330,1.0,808015606,380344801,4060597575,2018-07-30,delivered,47.64,22.26,69.9,boleto,1.0,11.0,-13.0,0.0
331386743,03b9f7dff4b5e742b0593472f28ee9b0,1.0,226728719,2426918128,3463368793,2018-07-25,delivered,44.5,19.5,64.0,credit_card,3.0,9.0,-10.0,0.0
3386644077,04c16a4e370df99cc2e5e4228ee63820,1.0,324153323,164174645,2283216182,2018-08-06,delivered,299.0,15.43,314.43,credit_card,2.0,3.0,-26.0,0.0
3700001732,32c784f647ed538e14eb734293ace28c,1.0,2193500896,3489777262,3485175421,2018-08-13,delivered,74.0,14.83,88.83,credit_card,2.0,4.0,-6.0,0.0
3490864788,232f30270c13607c2184ab9980245bfc,1.0,2984164666,3747368477,740847726,2018-08-01,delivered,75.0,19.72,94.72,boleto,1.0,7.0,-7.0,0.0
3448582284,6440501490dabcc13bc292e417ca410c,1.0,312373252,1326345122,3743845763,2018-07-13,delivered,509.0,41.83,550.83,boleto,1.0,17.0,-11.0,0.0
60736803,3ff4d494b9a42e38f1d11a11cac925c6,1.0,2052478368,716549920,1716536501,2018-07-01,delivered,48.9,19.53,68.43,debit_card,1.0,3.0,-20.0,0.0
416159606,4c792ea6a2a9a0d044176c1c42d49b22,1.0,989333805,2659353721,2118540709,2018-08-02,delivered,105.0,9.49,114.49,credit_card,1.0,1.0,-3.0,0.0
1182846718,807af8ed74954311649aa47a52ff3061,1.0,857053754,3607217548,519564207,2018-07-18,delivered,134.99,43.23,178.22,credit_card,2.0,27.0,5.0,1.0
3502343946,94a053909aea9a581821afd1e55e2776,1.0,4194250004,1858427800,2953788429,2018-08-19,delivered,69.9,18.59,88.49,credit_card,4.0,11.0,-12.0,0.0
3822334549,047ac23902ffcc68f3106db4f2e4338f,1.0,1170208459,3686510176,4109304321,2018-07-14,delivered,139.0,14.31,153.31,credit_card,4.0,8.0,-16.0,0.0
530931168,143a94013dbe03feb57f03420bd2bd15,1.0,1677360856,1957200690,3267771422,2018-07-20,delivered,26.9,7.45,34.35,credit_card,1.0,4.0,-5.0,0.0
1375275704,7fe8e22ba2618c5ddc0ddd48c6d4760c,1.0,416055098,1835254072,2890074202,2018-08-11,delivered,20.0,15.24,35.24,credit_card,1.0,6.0,-12.0,0.0
715964816,55ef1695189508c09b58080d53d2b32e,1.0,3134390774,334557607,2358549127,2018-07-02,delivered,599.0,22.29,621.29,credit_card,7.0,7.0,-22.0,0.0
1251822071,5db21a1fb73cfdfd6a1c65c7158f4d82,1.0,898687779,2439439610,2060950116,2018-08-08,delivered,148.0,43.32,0.0,unknown,0.0,7.0,-13.0,0.0
3845937728,69b8589a4cda405da61a760fcfae1be0,1.0,504696003,4001993098,3402013889,2018-08-17,delivered,29.15,7.46,36.61,credit_card,1.0,1.0,-6.0,0.0
1764463760,08cd76ff1d27c6e6c522bbaead822fd7,1.0,1096311796,457248455,1868809992,2018-07-25,delivered,150.0,16.35,166.35,credit_card,10.0,3.0,-10.0,0.0
3233305505,5b01111319bb33fcc77bb2aef3e938ff,1.0,493473678,2663324603,1867257412,2018-08-04,delivered,193.99,14.66,208.65,credit_card,2.0,4.0,0.0,0.0
931218730,3c32b5ee0d19331febeea91a6fbf37c8,1.0,2600665320,1635192279,2304947736,2018-08-03,delivered,29.0,22.92,51.92,credit_card,1.0,11.0,-8.0,0.0
1024315986,bd2ab3fcfddf81da1f31148c3aa7bd4c,1.0,2115732312,2809574497,519564207,2018-07-24,delivered,134.99,27.9,162.89,credit_card,2.0,6.0,-15.0,0.0
4133906589,dae948ffccda4df99a5e1561db5f5029,1.0,1452321708,258434650,2131055484,2018-08-25,delivered,18.99,7.39,26.38,debit_card,1.0,3.0,-6.0,0.0
2263384280,dae948ffccda4df99a5e1561db5f5029,2.0,1452321708,3192200266,2131055484,2018-08-25,delivered,18.99,7.39,26.38,debit_card,1.0,3.0,-6.0,0.0
1225622213,95781e5f0d6c976b1d32e609be9c4acb,1.0,3279740948,3784802194,1573069542,2018-07-16,delivered,59.9,18.52,78.42,boleto,1.0,7.0,-15.0,0.0
2508360250,95781e5f0d6c976b1d32e609be9c4acb,2.0,3279740948,3784802194,1573069542,2018-07-16,delivered,59.9,18.52,78.42,boleto,1.0,7.0,-15.0,0.0
2255987353,95781e5f0d6c976b1d32e609be9c4acb,3.0,3279740948,3784802194,1573069542,2018-07-16,delivered,59.9,18.52,78.42,boleto,1.0,7.0,-15.0,0.0
3036517418,a936e40021223b8e7b47aa43a74bf5d2,1.0,3569571166,3786976350,2060950116,2018-08-10,delivered,59.9,16.61,76.51,credit_card,7.0,8.0,-13.0,0.0
3657503636,9e9cfa056dcd246d1bfd47f58a771abf,1.0,3210471431,3136512756,2765189476,2018-08-25,delivered,399.0,90.9,489.9,credit_card,5.0,3.0,-6.0,0.0
492771791,bc6a0c20c290fc74ba2c366c50477690,1.0,3200845086,1701418477,2306088839,2018-08-27,delivered,192.9,16.42,209.32,credit_card,2.0,3.0,-6.0,0.0
1569845323,4a0746838da42155bfc10fe57284b734,1.0,1966725754,4256177069,1868809992,2018-07-31,delivered,230.0,26.59,256.59,credit_card,1.0,6.0,-8.0,0.0
744436944,b4767da9668302c3be3309b51f5600db,1.0,2977571986,357873663,1343178736,2018-07-02,delivered,300.0,54.45,354.45,credit_card,5.0,9.0,-23.0,0.0
1133618129,bdefd25a848afe646dfd9751002facdf,1.0,1927606121,1129793381,581044507,2018-08-24,delivered,220.0,19.64,239.64,credit_card,7.0,5.0,-12.0,0.0
3733754913,91811480f57d846cb6b5b418b549f158,1.0,3109759724,1205223205,3103215707,2018-08-17,delivered,259.99,18.01,278.0,credit_card,3.0,10.0,-17.0,0.0
2324318088,1c709af6dc28e45be0dda17b368271df,1.0,196398347,2763796595,3761277192,2018-08-21,delivered,73.9,9.27,83.17,credit_card,1.0,10.0,7.0,1.0
3505254298,9e7076697b77903d67c852e3d2dbcdae,1.0,2329671992,3216694513,3774023096,2018-07-29,delivered,128.0,19.07,147.07,credit_card,4.0,3.0,-2.0,0.0
741468043,032d1a95f9e146c92cf349805c5e1293,1.0,2141141745,2368046688,1868809992,2018-07-26,delivered,196.8,13.68,210.48,credit_card,7.0,4.0,-9.0,0.0
33195378,b6c1b51d37cc489d4332feb65ddf0915,1.0,156784534,190431719,1018258220,2018-07-31,delivered,149.65,19.15,168.8,credit_card,8.0,7.0,-3.0,0.0
208289269,d3b0d8353eadc4ba7ff0b60f87949a02,1.0,1783271671,3614495565,2304947736,2018-08-08,delivered,29.0,7.46,36.46,credit_card,2.0,2.0,-3.0,0.0
1929933807,2fd573eea535b447eea60a9b4aa2603d,1.0,2554973412,1754365022,3873129795,2018-08-23,delivered,217.9,25.61,243.51,credit_card,3.0,5.0,-6.0,0.0
289993496,bec3652605143e5f7e0265d993793eba,1.0,1301958151,1297010197,2665511671,2018-08-23,delivered,59.9,17.35,77.25,credit_card,3.0,5.0,-7.0,0.0
2160231915,571178bf1877d0e28f7ec1e2f73c063f,1.0,2682231173,2640494156,1112503012,2018-08-05,delivered,84.2,44.58,128.78,boleto,1.0,12.0,0.0,0.0
2611589680,8ee9f2a817f600c3135bf6fc6123a16f,1.0,3747958331,3969958778,1503930686,2018-08-16,delivered,166.9,22.47,189.37,credit_card,3.0,5.0,-15.0,0.0
3695604793,a9b311c40f94f95a3986f19da32f2fea,1.0,3011612204,1150114816,1716536501,2018-08-19,delivered,48.9,9.09,57.99,credit_card,1.0,4.0,-4.0,0.0
2894441518,dc9f4cd231c11babfef316d35486eff4,1.0,1821502108,3876067857,2911192595,2018-08-15,delivered,396.18,84.15,480.33,boleto,1.0,12.0,-8.0,0.0
2040516434,808a117545d27f5c0ea7cad158f70600,1.0,3883786090,1287159823,3723740414,2018-07-29,delivered,48.32,18.14,66.46000000000001,voucher,1.0,8.0,-10.0,0.0
597341620,87419a86fe457c6ff665b6d0b41f7c7a,1.0,753039199,4001174010,879502040,2018-07-12,delivered,34.9,19.43,54.33,boleto,1.0,10.0,-16.0,0.0
803143464,8efd19a2f9ba6e65f7061e74df5d337e,1.0,141510736,2235810262,196831707,2018-07-30,delivered,209.99,39.98,249.97,credit_card,3.0,14.0,-31.0,0.0
4112642131,bcaa2ea71bcbe06f4cab5fe30f997f93,1.0,1947707838,130694328,3659481684,2018-07-27,delivered,13.69,7.71,21.4,boleto,1.0,5.0,-4.0,0.0
926090586,40ec3ad4f08944421d76ad879ca56b64,1.0,852710420,3098491276,2636346249,2018-07-02,delivered,24.99,19.09,44.08,boleto,1.0,9.0,-16.0,0.0
2670463837,2b73cfa36a63e2ba82be54965d188a7e,1.0,1353912192,2322541690,4074359584,2018-08-19,delivered,24.62,7.43,32.05,credit_card,1.0,8.0,-1.0,0.0
1522592126,2b73cfa36a63e2ba82be54965d188a7e,2.0,1353912192,2322541690,4074359584,2018-08-19,delivered,24.62,7.43,32.05,credit_card,1.0,8.0,-1.0,0.0
3605542159,59690ecbdac87cae29f8959cc4233c47,1.0,1880159149,2140218122,2979217487,2018-07-16,delivered,40.8,22.22,63.02,credit_card,3.0,8.0,-14.0,0.0
2102723532,6753ca1ed484341d2218aaa7ddc18e20,1.0,2174602822,3688370780,3473894114,2018-08-06,delivered,32.9,13.81,46.71,credit_card,1.0,2.0,-4.0,0.0
3041753688,b095ce1bfaa02fb7b9e58c39b30c4ae3,1.0,2270037638,2990522386,3267334493,2018-08-24,delivered,44.99,12.98,57.97,credit_card,1.0,6.0,-14.0,0.0
2589903965,bafb684404bd59635ed1f02e09058779,1.0,2860067238,3393768191,819761952,2018-07-04,delivered,19.49,7.88,27.37,credit_card,1.0,2.0,-13.0,0.0
2612920576,6f11c30244bc873b633797dd9ea4fced,1.0,207268114,1418618258,3016182256,2018-07-18,delivered,189.9,14.91,204.81,credit_card,4.0,5.0,-11.0,0.0
4114013186,4569b648054760495d7fd67996def81c,1.0,625463924,1082017523,697185715,2018-08-01,delivered,37.8,18.37,56.17,credit_card,1.0,6.0,-16.0,0.0
1657948312,95dda89c1cb224cddb6c5e1d81d4666c,1.0,2046753241,1381322623,1350631362,2018-08-05,delivered,17.9,19.04,36.94,credit_card,1.0,10.0,-13.0,0.0
3429448961,a275bfdfd07b6503afeea57892d3976f,1.0,718388846,2002622701,1806500110,2018-08-11,delivered,26.5,22.99,49.49,voucher,1.0,8.0,-4.0,0.0
482609749,bd841dd9066badb2ee3dcf7dd6516523,1.0,1004629723,1433185033,2612393066,2018-07-27,delivered,189.0,27.62,216.62,credit_card,3.0,6.0,-18.0,0.0
3290382715,475884ab4a0fd44c36d533ce24ba64c7,1.0,1941702681,2677142505,2629314654,2018-07-30,delivered,19.99,7.4,27.39,credit_card,2.0,3.0,-1.0,0.0
1023521491,bd80c61aa79867f184f4b01d69b6c03c,1.0,3148612622,1891594298,2433711167,2018-08-03,delivered,79.9,13.22,93.12,voucher,1.0,4.0,-6.0,0.0
3997984970,cb6d51404fcdab7e80ad648d73edf4c9,1.0,149880240,458673453,1734769477,2018-07-08,delivered,29.9,7.79,37.69,boleto,1.0,4.0,-7.0,0.0
3308300425,70ad6ae02662d3ca73fa87d6985a4f65,1.0,723528328,615929951,3147574442,2018-08-09,delivered,79.0,26.85,105.85,credit_card,2.0,6.0,0.0,0.0
2370543168,79a29a6cac0403ad0d0b5390f5bbf1fa,1.0,3421840532,1372834044,2622583364,2018-08-01,delivered,294.9,14.72,309.62,credit_card,5.0,8.0,1.0,1.0
597556536,26e0070f204a2cc8cae3504b038a0dfe,1.0,707902411,2116048782,4055463965,2018-07-07,delivered,22.32,17.09,39.41,credit_card,1.0,13.0,-17.0,0.0
2224956789,9e76ee631c399b238d8407c2f437613d,1.0,580675897,3975056712,2304947736,2018-07-25,delivered,49.0,15.44,0.0,unknown,0.0,5.0,-9.0,0.0
3065813921,9321040d6f0176fc3327a596dd023d6e,1.0,2952495486,3046374291,2304947736,2018-08-04,delivered,58.0,13.07,71.07,credit_card,2.0,5.0,-8.0,0.0
1879731954,caf26e032103cc33e3dfe2465af487cd,1.0,3809051040,3513669726,900310379,2018-07-20,delivered,98.9,19.88,118.78,credit_card,5.0,5.0,-20.0,0.0
192533055,62516b70ac5eb69d6be50d3dc3fde262,1.0,2803298813,886369359,1107359178,2018-07-30,delivered,189.9,22.63,212.53,debit_card,1.0,7.0,-9.0,0.0
8453840,62516b70ac5eb69d6be50d3dc3fde262,2.0,2803298813,886369359,1107359178,2018-07-30,delivered,189.9,22.63,212.53,debit_card,1.0,7.0,-9.0,0.0
3814990177,d482acd4158f2e1d5934bfb325a03c11,1.0,262913170,712839156,375847922,2018-07-29,delivered,180.0,24.06,204.06,credit_card,5.0,8.0,-14.0,0.0
1995307261,ccbf44556216d2ad81b039514a0d8877,1.0,4025172328,3890221391,3065096262,2018-08-07,delivered,25.45,22.11,47.56000000000001,credit_card,4.0,7.0,-16.0,0.0
2693975274,ccbf44556216d2ad81b039514a0d8877,2.0,4025172328,3514252466,3065096262,2018-08-07,delivered,25.45,22.11,47.56000000000001,credit_card,4.0,7.0,-16.0,0.0
340873999,ccbf44556216d2ad81b039514a0d8877,3.0,4025172328,818808291,3065096262,2018-08-07,delivered,25.45,22.11,47.56000000000001,credit_card,4.0,7.0,-16.0,0.0
3214432693,291581a794f0e6ee707314d0a2cbc1c7,1.0,2797090972,2660433302,2886549658,2018-08-10,delivered,17.49,15.23,32.72,boleto,1.0,12.0,0.0,0.0
350607070,ba4ca9935a3de9d4a25569f1ff9368e9,1.0,3881296964,1624895481,3783637211,2018-08-14,delivered,89.99,18.73,108.72,boleto,1.0,6.0,-3.0,0.0
1899862183,982c69cfc82e759e726e6e7a9901929a,1.0,570122547,406753541,2121836412,2018-08-21,delivered,16.9,18.23,35.13,boleto,1.0,6.0,-14.0,0.0
1514067939,85d142633f7411ccb6c6af60c196b8c5,1.0,2367633706,3826040381,926823165,2018-07-03,delivered,18.9,15.23,34.13,boleto,1.0,7.0,-15.0,0.0
638799241,50d4c71673a49f44db481398f72cb705,1.0,3800589835,164174645,2283216182,2018-07-06,delivered,299.0,15.43,314.43,credit_card,5.0,5.0,-14.0,0.0
1508634830,50d4c71673a49f44db481398f72cb705,2.0,3800589835,164174645,2283216182,2018-07-06,delivered,299.0,15.43,314.43,credit_card,5.0,5.0,-14.0,0.0
1467002405,326f84ca831c054450d6e1999b80daaf,1.0,2255169206,1669291427,2667521113,2018-08-24,delivered,38.25,7.53,45.78,credit_card,1.0,4.0,-8.0,0.0
3224113146,66d560d1c77317086f3332a6715ac1c1,1.0,2585516842,3987684668,123833255,2018-07-26,delivered,180.0,28.03,208.03,credit_card,5.0,8.0,-10.0,0.0
2996655432,107dc783817b4509bdbe7e66998f5a24,1.0,1861523835,1826538291,3844276870,2018-07-16,delivered,24.0,18.27,42.27,credit_card,4.0,4.0,-17.0,0.0
1253971748,52760c1d47cac70d898facb7ac9aa803,1.0,3938006516,1702529237,111151761,2018-08-22,delivered,56.9,18.5,75.4,boleto,1.0,6.0,-13.0,0.0
2521836112,15f8e1e2abf48b0c5161b2f0110ba6eb,1.0,1991109002,2254554039,4194263931,2018-07-11,delivered,133.9,19.04,152.94,boleto,1.0,12.0,-21.0,0.0
2995104864,3c4ef06a14ef470e73ea05eb315ff841,1.0,2422938250,1277571969,1763790356,2018-08-07,delivered,170.0,21.46,191.46,boleto,1.0,15.0,-2.0,0.0
898201837,3f70b0d81238eb5206e9f84ecd006bbb,1.0,3784598165,347528919,1379301944,2018-08-19,delivered,38.5,8.96,47.46,credit_card,1.0,3.0,-6.0,0.0
987555249,723fdebe8280ea74fca298382c4d7ac7,1.0,3108455848,1518086893,2047495738,2018-08-12,shipped,18.9,7.55,26.45,credit_card,1.0,,,
3400927279,db3e8c24c5652c8944bc5a05d9bd3933,1.0,322045084,211256673,3942029387,2018-08-02,delivered,169.0,17.45,186.45,credit_card,3.0,4.0,-2.0,0.0
1568613368,a2f4de10fceff6c008efd19d2b99725f,1.0,478825829,127907519,945263063,2018-08-11,delivered,79.9,8.72,88.62,credit_card,1.0,4.0,-5.0,0.0
3697320151,ae213a9f84c777fb7a31e8c0f09fd30c,1.0,2292538760,1542620785,897947394,2018-07-03,delivered,364.0,34.69,398.69,credit_card,8.0,77.0,50.0,1.0
2809959540,736a0ae761142f7a26c946edd552125d,1.0,2178673266,458771704,2996038514,2018-08-17,delivered,54.9,18.48,73.38,credit_card,1.0,7.0,-17.0,0.0
414864983,0f93f7603185d299224f49c8aa5025da,1.0,4195724659,1339989781,1343522669,2018-07-13,delivered,24.9,27.12,52.02,credit_card,1.0,10.0,-15.0,0.0
3980340174,ac1b68b95d77ee9e9c3829ed43f2ccbb,1.0,3981397207,2067738168,1755005248,2018-07-06,delivered,99.9,18.75,118.65,debit_card,1.0,6.0,-12.0,0.0
1034898793,3668477773eb5474d397777749d44f08,1.0,2731171349,2469339918,274025264,2018-07-10,delivered,24.9,15.27,40.17,credit_card,1.0,3.0,-13.0,0.0
773422269,cf597c14464cc1f0e5657952d0ce4818,1.0,3538300014,1551261746,2997337676,2018-08-11,delivered,554.9,21.98,576.88,credit_card,5.0,11.0,-14.0,0.0
3836020815,7ac8109e735f29d8982f4503586fe59f,1.0,2920515310,1014210353,3659481684,2018-07-03,delivered,50.89,22.29,73.18,credit_card,1.0,45.0,25.0,1.0
1495108145,b2d895292b5119d7d9306512de5bfe79,1.0,1598195486,1606021006,596468350,2018-08-07,delivered,69.0,14.79,83.79,credit_card,1.0,3.0,-6.0,0.0
3196554478,0e3f0e36f889146f31ef72cfeb1a1d30,1.0,1957219615,3203899544,1565580883,2018-08-17,delivered,95.28,18.91,114.19,credit_card,2.0,5.0,-12.0,0.0
347689428,a398fa8a473ac89d43aacae1d3e1666e,1.0,3024873011,3324120971,1018258220,2018-07-15,delivered,149.65,19.15,168.8,credit_card,2.0,4.0,-14.0,0.0
711581367,17cc50afa3f8797f14bf500a65230845,1.0,2569506403,475084416,3485175421,2018-07-24,delivered,84.0,14.9,98.9,credit_card,9.0,3.0,-11.0,0.0
649116644,a3a0cfe6661449e2d725b5b1ff658d84,1.0,450107183,3177789222,3922805067,2018-07-10,delivered,64.9,27.22,92.12,credit_card,2.0,10.0,-12.0,0.0
2095502171,b293643d38b49d3f824bc6be2fece99e,1.0,3013514344,2004049748,91315182,2018-07-26,delivered,135.0,8.21,143.21,boleto,1.0,5.0,-3.0,0.0
2683364168,b293643d38b49d3f824bc6be2fece99e,2.0,3013514344,2004049748,91315182,2018-07-26,delivered,135.0,8.21,143.21,boleto,1.0,5.0,-3.0,0.0
2238022861,40bf12930df251761b91291590dbe45b,1.0,2515188285,1127059809,2580370799,2018-07-11,delivered,84.9,15.69,100.59,credit_card,1.0,12.0,-17.0,0.0
1640852528,2eaa9442b80b5a4698a0635ebbb65dbc,1.0,309478620,2493191062,3106288757,2018-08-14,delivered,109.9,13.43,123.33,credit_card,2.0,4.0,-10.0,0.0
97362628,a5bf7b210e4e59a0a786e88355cc8657,1.0,515822262,3124936374,212815993,2018-08-15,delivered,107.99,8.18,116.17,credit_card,7.0,2.0,-7.0,0.0
1033248681,1bf96d65e405802ae7b8a8e176b0b3e6,1.0,3882967841,1251332329,2304947736,2018-07-22,delivered,35.0,15.35,50.35,boleto,1.0,8.0,-21.0,0.0
661285661,d7f7e1d5e79250921c5be8d5ad0d4824,1.0,252564509,2534132261,2880307388,2018-08-11,delivered,119.85,27.79,147.64,credit_card,1.0,18.0,-26.0,0.0
4290901472,40d9b709b3b6a77fcd309165705f58d7,1.0,1654609115,949013637,250985049,2018-07-29,delivered,119.5,22.77,142.27,credit_card,1.0,22.0,-21.0,0.0
1147190865,826eeb58a3803a831408e5f3e5cb3849,1.0,1544890542,1999193492,3734640654,2018-07-16,delivered,49.9,18.45,68.35,credit_card,3.0,8.0,-7.0,0.0
2140186349,1566e171c4b2ce6aae4f8d222097ef6e,1.0,3031379431,2897201015,274024788,2018-08-21,delivered,45.5,19.51,65.01,credit_card,1.0,5.0,-8.0,0.0
3939318394,354170da2755821e9c7cdccbe277b0b2,1.0,3361729141,651224941,935749508,2018-08-20,delivered,27.99,18.3,46.29,credit_card,1.0,7.0,-3.0,0.0
3755420014,92d3d3bc9e818292cc5885e18c2d3437,1.0,666469355,174750780,523493826,2018-07-02,delivered,122.99,30.11,153.1,credit_card,3.0,10.0,-21.0,0.0
1422460827,514a25ad1f240dd40ca9f02d1cb60a91,1.0,3018006661,2768804023,523493826,2018-08-06,delivered,64.99,27.74,92.73,credit_card,2.0,10.0,-19.0,0.0
2706348787,514a25ad1f240dd40ca9f02d1cb60a91,2.0,3018006661,2768804023,523493826,2018-08-06,delivered,64.99,27.74,92.73,credit_card,2.0,10.0,-19.0,0.0
4268238221,7b351cbc1f8721faaab3f7d117f3ef7b,1.0,423570468,2609951366,4109428959,2018-08-02,delivered,11.87,18.23,30.1,credit_card,3.0,21.0,-13.0,0.0
479684429,5fec03fce725fff481779aff4be805d8,1.0,1955263896,1909262535,3583083943,2018-08-04,delivered,48.6,12.12,64.02762836185819,credit_card,1.0,6.0,-10.0,0.0
1159418538,5fec03fce725fff481779aff4be805d8,2.0,1955263896,1382202032,3583083943,2018-08-04,delivered,48.28,12.12,63.60604726976366,credit_card,1.0,6.0,-10.0,0.0
2696397720,5fec03fce725fff481779aff4be805d8,3.0,1955263896,3420133874,1276368770,2018-08-04,delivered,74.9,30.29,98.67632436837816,credit_card,1.0,6.0,-10.0,0.0
3518638566,b161cb44963e4283789c12f8ef88d24f,1.0,3496457863,1454424718,261066546,2018-08-17,delivered,135.0,16.05,151.05,credit_card,1.0,5.0,-12.0,0.0
4009093432,1a7705c11f9e0ac39a2e86ce7c49d089,1.0,3652400188,3548064169,1868809992,2018-07-20,delivered,35.0,16.44,51.44,credit_card,1.0,6.0,-27.0,0.0
59789574,730c83933acab283b21bae7b3fcc91d1,1.0,292534963,2396963935,2670535380,2018-07-05,delivered,179.99,26.26,0.0,unknown,0.0,6.0,-23.0,0.0
525757112,730c83933acab283b21bae7b3fcc91d1,2.0,292534963,3930202493,3957555298,2018-07-05,delivered,165.0,13.13,0.0,unknown,0.0,6.0,-23.0,0.0
242479553,730c83933acab283b21bae7b3fcc91d1,3.0,292534963,2396963935,2670535380,2018-07-05,delivered,179.99,26.26,0.0,unknown,0.0,6.0,-23.0,0.0
2799518867,b8f1d12f21b83fdb91d157f357617d90,1.0,1444743588,764197036,3485175421,2018-07-03,delivered,93.0,14.23,107.23,voucher,3.0,6.0,-10.0,0.0
1952032528,31938103922393f681c7f0c0fc14cd20,1.0,1329852510,1491328836,1914769873,2018-07-20,delivered,129.49,22.21,151.7,boleto,1.0,21.0,4.0,1.0
1681345987,0e9a5de04c76a97588efe7f216942de2,1.0,953868206,3498001648,839133664,2018-07-19,delivered,189.9,14.91,204.81,boleto,1.0,7.0,-11.0,0.0
3406153750,9b430d2eff640e354b1e8eacb8a30a2c,1.0,2948792538,3247905604,988567476,2018-08-03,delivered,200.0,76.2,0.0,unknown,0.0,16.0,-17.0,0.0
1464676073,38fc895ea0a2aa253a46a6fdbb65aaf5,1.0,1548852469,2919741735,2082347993,2018-07-22,delivered,169.99,34.27,204.26,credit_card,10.0,18.0,-12.0,0.0
474712203,439463f7eec083713e8a0d347a8f4e0f,1.0,2964747605,267913507,730094745,2018-07-27,shipped,144.99,23.82,168.81,credit_card,8.0,,,
1854462963,252ef1beb7783414b687c8191cb6bc02,1.0,2823638219,3686510176,4109304321,2018-07-12,delivered,139.0,22.9,161.9,credit_card,4.0,13.0,-11.0,0.0
454836461,01f66e58769f84129811d43eefd187fb,1.0,1021297311,627494725,3962302186,2018-07-09,delivered,79.8,7.82,87.62,credit_card,1.0,2.0,-7.0,0.0
2898000515,b875d3bd65d958d749d6932f6361ab40,1.0,3334903669,39186483,3472463603,2018-07-20,delivered,90.0,27.58,0.0,unknown,0.0,11.0,-9.0,0.0
1252829346,a5d865e12e7e0f8952334691874959df,1.0,15453279,2485676977,229483877,2018-07-31,delivered,218.9,11.35,230.76492359121295,credit_card,7.0,2.0,0.0,0.0
382103723,a5d865e12e7e0f8952334691874959df,2.0,15453279,263123849,229483877,2018-07-31,delivered,199.9,11.35,210.73507640878705,credit_card,7.0,2.0,0.0,0.0
1772923940,3decc053f76f6898aefed9c29e26e2b7,1.0,3476277863,382228588,2997337676,2018-08-05,delivered,527.9,21.8,549.7,credit_card,8.0,29.0,6.0,1.0
2064466030,623a385bdb7d45cd3a9411fcee8e2c53,1.0,769823960,226356485,3485175421,2018-07-11,delivered,216.0,18.64,234.64,credit_card,8.0,13.0,-1.0,0.0
1940802400,54c1bfb14817ae525a9e49f44e83544d,1.0,4144640903,49306087,1672091742,2018-08-14,delivered,29.99,12.87,42.86,credit_card,4.0,5.0,-9.0,0.0
1803845350,73eca783c104f3d48b1e5c8d5b63be6b,1.0,179680389,3168265937,520545560,2018-07-30,delivered,69.9,13.15,83.05,boleto,1.0,4.0,-5.0,0.0
1914152293,33bc941e33954324394693138a3b95a6,1.0,3327194333,3170423707,4071751220,2018-08-06,delivered,39.9,7.54,47.44,boleto,1.0,7.0,-1.0,0.0
1489885974,6f9548bf66cabc7bc85e7b9fbcb9a9c6,1.0,3391068977,1851471480,2490225171,2018-08-08,delivered,20.0,7.4,27.4,credit_card,1.0,2.0,-7.0,0.0
793183987,97f6b2b72a0896062a87402113126baf,1.0,520909144,216018721,2622583364,2018-08-02,delivered,299.9,20.2,320.1,credit_card,8.0,9.0,-8.0,0.0
3145718533,a39b459bad02888e07ddf9d3321673c7,1.0,3480335145,3658875146,250985049,2018-07-09,delivered,77.9,15.32,91.70141581632652,credit_card,8.0,4.0,-26.0,0.0
3219400939,a39b459bad02888e07ddf9d3321673c7,2.0,3480335145,2038821109,250985049,2018-07-09,delivered,78.9,12.46,92.87858418367348,credit_card,8.0,4.0,-26.0,0.0
2812458913,1bc159c29e3f54a9f2d4d2bdaa45b5df,1.0,2565016650,3694391709,392238237,2018-07-04,delivered,74.8,23.32,98.12,credit_card,3.0,7.0,-15.0,0.0
507417801,b5d77498cbd81c314b36f2086c5bdd2f,1.0,380085044,2036129729,261066546,2018-07-27,delivered,118.8,9.34,128.14,credit_card,5.0,3.0,-6.0,0.0
2803532692,8d5adba2d82f7af4d944f45a95d5d1c1,1.0,3591073395,3005604844,3658160762,2018-07-30,delivered,97.5,22.61,120.11,credit_card,4.0,15.0,-16.0,0.0
1947822209,aff6ce4c3564b24d8ecfa5f9d9c62fb1,1.0,1120941233,64767883,2055133150,2018-07-18,delivered,28.99,14.51,0.0,unknown,0.0,7.0,-8.0,0.0
1726908571,aff6ce4c3564b24d8ecfa5f9d9c62fb1,2.0,1120941233,64767883,2055133150,2018-07-18,delivered,28.99,14.51,0.0,unknown,0.0,7.0,-8.0,0.0
3437244285,d115642fba3060e4082472bb2801b111,1.0,3940871976,2878671463,3051201525,2018-08-02,delivered,299.0,45.89,344.89,credit_card,10.0,15.0,8.0,1.0
2647061057,cf5dc40ae925414c07d1a74645ced6c2,1.0,2864217473,2451637167,2823580135,2018-07-06,delivered,219.9,30.41,273.4208211613109,credit_card,8.0,7.0,-24.0,0.0
1799429055,cf5dc40ae925414c07d1a74645ced6c2,2.0,2864217473,995145126,975197454,2018-07-06,delivered,29.99,30.41,37.28917883868902,credit_card,8.0,7.0,-24.0,0.0
1910553005,b67c374fb9fdcc4009a0ab62b4525632,1.0,2217587329,2422012691,196831707,2018-08-05,delivered,209.99,36.82,246.81,credit_card,5.0,4.0,-7.0,0.0
1516375927,8b01dbab48de4c2a6edcca84a1798df0,1.0,2358662780,3726061563,3546486894,2018-08-02,delivered,14.0,8.29,22.29,credit_card,2.0,6.0,1.0,1.0
3031841577,7a6cee8d80a2a71e4c1dd74b0dfadb3c,1.0,4152704876,1385450712,2304947736,2018-07-23,delivered,69.0,7.74,76.74,credit_card,1.0,2.0,-6.0,0.0
4050747613,0777f4238fa29d5c69367c8847a2f6ec,1.0,4045135801,3569719807,3147574442,2018-07-22,delivered,149.0,44.84,193.84,credit_card,5.0,5.0,-17.0,0.0
2163570752,d6cd9d63e25452e0278cb6eeed08de6b,1.0,2417819623,3059741971,740847726,2018-08-04,delivered,129.99,23.45,164.8492315169535,credit_card,4.0,16.0,-23.0,0.0
3196222519,d6cd9d63e25452e0278cb6eeed08de6b,2.0,2417819623,1386068457,3747506126,2018-08-04,delivered,44.9,23.45,56.94076848304648,credit_card,4.0,16.0,-23.0,0.0
1714389850,ddd1cd1f0c2ecee8f709cd6c8d22daab,1.0,2407835758,2290389772,2271746174,2018-07-24,delivered,80.0,19.75,99.75,credit_card,4.0,7.0,-14.0,0.0
2605652299,a1da6725143e50ad30af2c7856a4122b,1.0,603249968,430706586,2501049529,2018-07-31,delivered,147.99,12.06,160.05,boleto,1.0,2.0,-1.0,0.0
1453757014,b56da4f6ba2b34016327152e136fe19f,1.0,2987116011,719864865,3267771422,2018-08-09,delivered,129.9,9.66,139.56,credit_card,1.0,4.0,-1.0,0.0
1330410343,3bc06a67986e230a7bf2f3f8cf2aaa2b,1.0,2492868681,3392349647,3734640654,2018-07-16,delivered,37.6,14.56,52.16,boleto,1.0,9.0,-6.0,0.0
2806797818,465a9ee52befcd11131e1f522fce467f,1.0,1778976672,2416921463,60670679,2018-08-17,delivered,168.0,12.91,180.91,credit_card,1.0,5.0,0.0,0.0
3974883892,6f2d988a27fa7727f74225e3ad4b0f15,1.0,3550606042,2632052676,4160630161,2018-07-25,delivered,23.99,18.27,42.26,credit_card,1.0,8.0,-12.0,0.0
2853476133,2878b4e373a9556df9aa1708a4e5c3c8,1.0,2437780296,2810379678,2023461531,2018-08-07,delivered,34.99,7.51,42.5,debit_card,1.0,2.0,-1.0,0.0
3018131747,cf8f3b9530a4074e4282a4dbe3037c0e,1.0,1399687927,685406600,2722740119,2018-08-08,delivered,209.0,20.65,229.65,boleto,1.0,19.0,-1.0,0.0
3580963336,23467753c6b8adc01bb4e44445ff272e,1.0,1187845869,516953253,2982880934,2018-07-20,delivered,12.9,12.79,25.69,credit_card,2.0,5.0,-9.0,0.0
3607987792,5c66f20dd109b39605119d5627d6ccff,1.0,2301830319,615929951,3147574442,2018-08-07,delivered,79.0,18.78,97.78,credit_card,5.0,2.0,-8.0,0.0
2728220398,6f56545c88b148da4e1bef1bab6c7007,1.0,674552769,1936034203,1919968767,2018-07-03,delivered,91.55,7.9,99.45,credit_card,4.0,3.0,-10.0,0.0
1585232556,bde94455174baa3590e64c3d37e79e19,1.0,3426068575,1628149386,3774348967,2018-08-13,delivered,199.0,16.49,215.49,debit_card,1.0,6.0,-7.0,0.0
911186865,84630355d3f0a8006b528d597b29e854,1.0,3181990937,4179786021,2566875709,2018-07-17,delivered,289.0,21.21,310.21,credit_card,2.0,9.0,-7.0,0.0
3796756139,87e7ff710ee02d1ee56ad8d47834fb89,1.0,4288512980,2413767872,2870196462,2018-07-21,delivered,21.9,18.25,40.15,boleto,1.0,9.0,-13.0,0.0
2117487690,7d6fc7e3467ea55ab94ed77b704554fb,1.0,3257027145,1545174242,3251562665,2018-08-08,delivered,94.9,9.41,104.31,credit_card,8.0,2.0,-4.0,0.0
2910671895,7d6fc7e3467ea55ab94ed77b704554fb,2.0,3257027145,1545174242,3251562665,2018-08-08,delivered,94.9,9.41,104.31,credit_card,8.0,2.0,-4.0,0.0
4139232055,7d6fc7e3467ea55ab94ed77b704554fb,3.0,3257027145,1545174242,3251562665,2018-08-08,delivered,94.9,9.41,104.31,credit_card,8.0,2.0,-4.0,0.0
682852669,ccd47c1bcae014534a615ca8dd261e26,1.0,1810807602,2355327506,682173841,2018-07-25,delivered,44.99,23.93,68.92,credit_card,6.0,5.0,-10.0,0.0
1206289391,960fbbe89375098d7a51e5f0c31c4f8c,1.0,1806168033,4062786358,1734769477,2018-07-31,delivered,79.9,19.75,99.65,credit_card,9.0,14.0,0.0,0.0
2090407535,986983dd21e5167fac109fadaf7aac16,1.0,3443219795,3678790918,3804798124,2018-08-28,delivered,250.0,10.5,260.5,credit_card,4.0,2.0,-1.0,0.0
3074945141,2d609a52d61c0a90d5e88a143630bc7f,1.0,1877512312,3606274378,2622583364,2018-07-22,delivered,144.9,19.11,164.01,boleto,1.0,16.0,-6.0,0.0
611261899,3d85885db63d8328e4dbaa59804ad1ee,1.0,391494432,2021299274,66329149,2018-07-22,delivered,159.9,48.17,208.07,boleto,1.0,12.0,-12.0,0.0
3265397567,22d03f81f36cfd05e90af56d5dc63e74,1.0,288122817,3238456667,2304947736,2018-07-31,delivered,45.0,18.42,63.42,credit_card,1.0,16.0,-11.0,0.0
3547917302,254496381e0184650717e8cf8e456d50,1.0,3302504090,894871593,1579174796,2018-08-04,delivered,39.99,19.47,59.46,credit_card,5.0,9.0,-2.0,0.0
2426033201,b81a6b90b7a473ecb855ee9f4a881032,1.0,600240175,507239906,3740247356,2018-08-09,delivered,44.99,8.48,53.47,debit_card,1.0,11.0,5.0,1.0
2735248617,e2384e27d52c798743c71c9f2c57763a,1.0,1201003736,48631358,2878548716,2018-08-16,delivered,29.9,6.66,36.56333333333334,credit_card,3.0,5.0,-42.0,0.0
3826080372,e2384e27d52c798743c71c9f2c57763a,2.0,1201003736,48631358,2878548716,2018-08-16,delivered,29.9,6.66,36.56333333333334,credit_card,3.0,5.0,-42.0,0.0
9342440,e2384e27d52c798743c71c9f2c57763a,3.0,1201003736,48631358,2878548716,2018-08-16,delivered,29.9,6.66,36.56333333333334,credit_card,3.0,5.0,-42.0,0.0
1036214151,3990f96693d321ac142fff312bf3706a,1.0,3336669344,2743746943,487369962,2018-07-08,delivered,7.0,3.33,8.7273064097814,credit_card,1.0,2.0,-35.0,0.0
2983708456,3990f96693d321ac142fff312bf3706a,2.0,3336669344,4269734937,487369962,2018-07-08,delivered,19.99,3.33,24.9226935902186,credit_card,1.0,2.0,-35.0,0.0
910976987,3990f96693d321ac142fff312bf3706a,3.0,3336669344,3320066733,487369962,2018-07-08,delivered,7.0,3.33,8.7273064097814,credit_card,1.0,2.0,-35.0,0.0
2572617405,3990f96693d321ac142fff312bf3706a,4.0,3336669344,258272806,487369962,2018-07-08,delivered,19.99,3.33,24.9226935902186,credit_card,1.0,2.0,-35.0,0.0
743611451,3990f96693d321ac142fff312bf3706a,5.0,3336669344,576355251,487369962,2018-07-08,delivered,7.0,3.33,8.7273064097814,credit_card,1.0,2.0,-35.0,0.0
2735581291,3990f96693d321ac142fff312bf3706a,6.0,3336669344,2826658981,487369962,2018-07-08,delivered,19.99,3.33,24.9226935902186,credit_card,1.0,2.0,-35.0,0.0
1664098704,49f0e82d2c3c46134f551799b3990bf9,1.0,1379003973,302400981,2304947736,2018-08-02,delivered,49.0,18.44,67.44,credit_card,6.0,7.0,-7.0,0.0
2166699829,b4e819d2c22097406ce41f19df19d9a1,1.0,674043990,379134449,2982880934,2018-08-08,delivered,71.4,22.43,93.83,debit_card,1.0,8.0,-19.0,0.0
1840342759,cb80c358a1e10aa7f1d55a1739720ea7,1.0,1930059020,2958843076,1856359935,2018-07-21,delivered,25.99,18.28,44.27,debit_card,1.0,17.0,-10.0,0.0
3235457761,5fc033e4385d689a01dab767e50c6939,1.0,3381413570,2128215339,1628249471,2018-08-16,delivered,50.75,7.62,58.37,credit_card,1.0,4.0,-7.0,0.0
63248248,4f5db1138694f3bc0bfdbb113f4f83ec,1.0,2501318687,2153591309,2626732951,2018-08-04,delivered,71.1,41.48,112.58,boleto,1.0,5.0,-13.0,0.0
397572338,6f6c5cbdcafc5ad54df95e75d0ce07fc,1.0,237774767,3911641092,2173695781,2018-08-13,delivered,119.99,44.64,164.63,credit_card,3.0,8.0,-20.0,0.0
2944898427,ad289a7aeb017887d348b0e026d8d521,1.0,282580512,1223959616,3819213127,2018-07-04,delivered,107.9,57.53,165.43,credit_card,3.0,7.0,-22.0,0.0
1070980327,82f4c933483d577ca9f00f49b1203155,1.0,865356299,2774209321,305748041,2018-07-16,shipped,14.9,8.88,23.78,boleto,1.0,,,
1633861543,b706ae4c6c85939c824f9ce25ae11884,1.0,3934842263,3621970897,918571473,2018-07-05,delivered,128.9,16.0,144.9,credit_card,4.0,22.0,-12.0,0.0
563674606,d00d6712bb15e2f5c4c1766b9f60f43a,1.0,1109071400,2600403560,3243706070,2018-08-15,delivered,29.99,18.31,48.3,credit_card,3.0,10.0,-31.0,0.0
2852367339,dd7ac010ac0daaa2d26a974ceaf897a0,1.0,2348809615,3876067857,2911192595,2018-08-07,delivered,396.18,25.49,421.67,credit_card,10.0,7.0,-6.0,0.0
3896015635,5155cd41b25ed06d61986aeec0677c59,1.0,331117388,178455243,604144110,2018-07-16,delivered,169.9,18.99,188.89,credit_card,1.0,7.0,-10.0,0.0
2777312282,d6758be9876c16ad5edf45b268d91626,1.0,3446427593,2213559770,3064931309,2018-07-18,delivered,16.99,7.39,24.38,credit_card,1.0,1.0,-7.0,0.0
1376024416,5f4a120717a4d152577d7d2ec66c45be,1.0,68974552,3456015557,170136604,2018-07-22,delivered,161.0,40.34,201.34,credit_card,3.0,13.0,-24.0,0.0
1502691202,82e321af7534ba70a73929d2e4c2cf36,1.0,2765009393,1287916480,1379301944,2018-08-07,delivered,36.29,8.94,45.23,boleto,1.0,3.0,-3.0,0.0
572994930,1124e4ebba42a10ac32ef40dd8dd6475,1.0,2505038515,610301699,2892609914,2018-08-08,delivered,39.0,13.85,52.85,credit_card,5.0,6.0,-2.0,0.0
676838439,d66c390445566a6735c7a703c75e4e68,1.0,489960909,1392061939,123833255,2018-07-29,delivered,99.0,11.71,110.71,boleto,1.0,3.0,-5.0,0.0
2929088871,1b4f6e77a7bfc8aaecb66219bac6b9eb,1.0,3189363342,1776620515,2475905934,2018-07-16,delivered,99.99,42.98,142.97,credit_card,2.0,21.0,-15.0,0.0
661505303,300542e713279c59c9741f77d049f567,1.0,195145059,3490772157,4028933957,2018-08-04,delivered,97.1,8.84,105.94,credit_card,2.0,9.0,3.0,1.0
4085743574,6f7e43972ed0a7fdbf29edf7cde6d2ad,1.0,534679529,2997597515,1029239364,2018-08-09,delivered,192.9,19.15,212.05,boleto,1.0,6.0,-8.0,0.0
1412853095,638913622370c1dfea90659077bd5375,1.0,1440158002,3574529082,2023461531,2018-07-31,delivered,49.99,7.61,57.6,credit_card,1.0,1.0,-2.0,0.0
3514707208,827ae2d7b97c04f655e43e23aee5211e,1.0,2894922498,3080593450,2304947736,2018-07-28,delivered,149.0,8.3,0.0,unknown,0.0,2.0,-8.0,0.0
178162619,d9952ada4955694cae66806b7d5ac6ca,1.0,1579814231,3690800968,1021285084,2018-07-20,delivered,59.9,7.68,67.58,credit_card,6.0,12.0,-4.0,0.0
858260403,30c3c6388d83af1e5d2919082f177a66,1.0,370148902,3932449219,3034887517,2018-08-06,delivered,239.5,15.99,255.49,credit_card,4.0,7.0,-3.0,0.0
119391506,adcd620aef763e5d4a548a49f6ec5b8d,1.0,3749135154,2717960243,3424220039,2018-08-03,delivered,247.0,67.3,314.3,credit_card,8.0,6.0,-7.0,0.0
3801502959,31030688bc36fe767e310ec81b02c80d,1.0,1214252071,2665841440,1912895863,2018-08-12,delivered,414.62,20.11,434.73,credit_card,1.0,3.0,-8.0,0.0
2534507720,0474da9403011efc4abd2bf594e9b68b,1.0,877785073,1882728759,242663277,2018-08-08,delivered,149.0,26.41,175.41,credit_card,7.0,5.0,-16.0,0.0
3253493310,66fa22325222866162cfcbdc2841bab9,1.0,764107094,215579846,213195857,2018-08-05,delivered,63.9,11.47,75.37,debit_card,1.0,2.0,-2.0,0.0
3980884968,2e262f84377397dbc00ac6781ccc1c8b,1.0,1507920456,3105608775,1480205621,2018-07-25,delivered,348.9,10.6,359.5,boleto,1.0,6.0,-2.0,0.0
4029540970,4c64f4f7a59f7092060cce91b033d7a9,1.0,302945674,1542620785,897947394,2018-07-24,delivered,364.0,18.74,382.74,boleto,1.0,5.0,-14.0,0.0
3152574619,1cb3c680ddf904752646028ee22073a4,1.0,1507293866,123709832,3773013363,2018-07-27,delivered,189.0,14.9,203.9,credit_card,8.0,6.0,-5.0,0.0
2002097363,bbc45552d5a935c8786792578b3828b2,1.0,4221500183,3456030651,3552034146,2018-08-09,delivered,1319.9,71.49,1391.39,boleto,1.0,13.0,-6.0,0.0
1324060496,88d707d3bef4ca2fc83d34f2d899dea4,1.0,3180141506,921790451,442065298,2018-08-04,delivered,789.0,13.68,802.68,credit_card,18.0,6.0,-3.0,0.0
1575233941,5f07fda0de6271f38a81a1dd718c7a82,1.0,4174897462,3478202829,918571473,2018-07-15,delivered,155.97,51.81,207.78,credit_card,2.0,15.0,-17.0,0.0
182264656,c268faae84283868985823042e4ffb40,1.0,2051952497,2243615648,2845521358,2018-08-08,delivered,49.0,37.25,86.25,boleto,1.0,15.0,-14.0,0.0
969578338,99db47a6842959e2064fb56a7b4c91e0,1.0,2132742337,3548064169,1868809992,2018-08-10,delivered,35.0,19.44,54.44,credit_card,4.0,14.0,-6.0,0.0
1848536439,99db47a6842959e2064fb56a7b4c91e0,2.0,2132742337,3548064169,1868809992,2018-08-10,delivered,35.0,19.44,54.44,credit_card,4.0,14.0,-6.0,0.0
3004139647,99db47a6842959e2064fb56a7b4c91e0,3.0,2132742337,3548064169,1868809992,2018-08-10,delivered,35.0,19.44,54.44,credit_card,4.0,14.0,-6.0,0.0
1485026847,6df963d6ce20c72cb119e8090f27c011,1.0,2364817058,247057238,3759727812,2018-07-27,delivered,39.8,23.0,62.8,boleto,1.0,11.0,-15.0,0.0
3884669547,9ae90d0ae423d9ac6caad40cd7a6af6b,1.0,3403595341,2661257267,1728046229,2018-07-21,delivered,49.5,19.54,69.04,boleto,1.0,10.0,-10.0,0.0
4197107768,034c16aeedd39a916ea470f22a048b22,1.0,231160656,2928164159,9861004,2018-08-14,delivered,49.91,20.99,70.9,credit_card,1.0,9.0,-8.0,0.0
3144320265,13e75c454430b7d67b590a2b5f6308ef,1.0,3437087024,1177862612,1868809992,2018-08-17,delivered,38.4,16.46,54.86,credit_card,5.0,13.0,-32.0,0.0
3322113001,1c3b99f2a6624348fb0b733c18c15440,1.0,1996715617,1268053098,3073163807,2018-07-26,delivered,249.9,16.85,266.75,credit_card,3.0,4.0,-10.0,0.0
1139379821,d30d0c9c3a766ca0d558a205d4579320,1.0,910611984,774870517,4109304321,2018-07-09,delivered,149.0,14.38,163.38,credit_card,1.0,4.0,-17.0,0.0
51182227,7b88e96eabae61915bbbd53786f34275,1.0,2367725273,2119798575,2558590040,2018-08-06,delivered,114.99,25.16,140.15,credit_card,3.0,7.0,-9.0,0.0
2786382479,26d9a2f9a41aeeb0b0dd16ac2ca59225,1.0,2810759766,1277571969,1763790356,2018-08-01,delivered,170.0,39.46,209.46,boleto,1.0,9.0,-7.0,0.0
3738027143,bd5a4522a820fc4932b422d462bd8195,1.0,836792787,2173153547,3783637211,2018-08-22,delivered,49.99,18.45,0.0,unknown,0.0,6.0,-7.0,0.0
1077490438,d64ce66e16fb6779823181c074822d99,1.0,293391582,1748482691,20530047,2018-08-10,delivered,270.0,36.99,306.99,credit_card,5.0,11.0,-22.0,0.0
484356605,25be8e0ff01817a8a96f61605da2e447,1.0,2724330165,1111097416,4055463965,2018-08-17,delivered,34.9,15.34,50.24,credit_card,1.0,13.0,-27.0,0.0
1692038111,a2bb1bcee7e5d4f4cd507e33d3e2cef9,1.0,2856514213,750030509,1734769477,2018-08-04,delivered,29.9,7.47,37.37,credit_card,1.0,3.0,-7.0,0.0
2366434246,59566b390f9e3f2182830b3a0b1022d0,1.0,3601850259,2879211634,2636346249,2018-08-15,delivered,94.99,15.77,110.76,credit_card,10.0,8.0,-18.0,0.0
3690419437,c52af89e91822e0fe67fab5eca3f2c5f,1.0,1506901482,3304200972,2250123381,2018-08-15,delivered,64.0,13.11,77.11,credit_card,3.0,5.0,-8.0,0.0
1331818632,a41466cb3e72f333ad56e60b2d2c1ec8,1.0,4013069051,98675454,1562587860,2018-08-12,delivered,118.0,15.93,133.93,credit_card,3.0,5.0,-5.0,0.0
3149477768,8d99d2f6f573a9d674fd19d2c0f9a70c,1.0,934855016,1080501658,935749508,2018-07-16,delivered,80.0,14.14,94.14,credit_card,1.0,7.0,-6.0,0.0
1067591961,92b7ad3b562646f9112aa21df37f790b,1.0,3487363917,1230608722,2911192595,2018-08-20,delivered,379.94,20.76,400.7,credit_card,2.0,7.0,-7.0,0.0
377161805,110217d362db03668a0c1388db3fa1bd,1.0,3758207847,659223735,4220048581,2018-08-18,delivered,139.99,41.96,181.95,credit_card,4.0,9.0,-8.0,0.0
4027292466,6cff9244ac14a30d55f39722cf7febe9,1.0,2082919076,1342499841,1480205621,2018-08-18,delivered,198.9,8.65,207.55,credit_card,8.0,3.0,-2.0,0.0
1377495965,3dafc0bec8f7cc53ecc6671ca9c646d7,1.0,542099169,3037318661,1696683105,2018-07-06,delivered,22.49,7.42,29.91,credit_card,1.0,5.0,-7.0,0.0
3416823589,d8be7210368c4e44be491b1e395b293e,1.0,2506047133,2198273383,1813314038,2018-08-19,delivered,29.9,12.87,0.0,unknown,0.0,5.0,-10.0,0.0
3679729185,ab6d00347b9055691972ac20f00df77b,1.0,2735796525,2585022194,2023461531,2018-07-04,delivered,129.0,13.56,142.56,credit_card,2.0,2.0,-17.0,0.0
1121851931,064330ca980cc4023706283a3c4b89a4,1.0,820665584,1997121583,2304947736,2018-07-29,delivered,58.0,7.67,65.67,boleto,1.0,2.0,-5.0,0.0
1001986442,15c083daa3863e259ff8a340f1422546,1.0,12179171,1594387560,2636346249,2018-08-18,delivered,27.99,22.13,50.12,credit_card,1.0,9.0,-10.0,0.0
1776791290,3683d42ef26919be1aea9cbbed4dc1fa,1.0,3649294361,1567030015,2812297156,2018-08-16,delivered,330.0,24.24,354.24,credit_card,8.0,12.0,-8.0,0.0
2063573135,77e3266e92eda8a0570ce5b1045fa3b5,1.0,188721804,3983692150,4106597905,2018-08-04,delivered,68.9,18.28,87.18,boleto,1.0,6.0,-10.0,0.0
4164533201,bd4408025e544757842c962993ff7104,1.0,2595679252,3979934068,3016182256,2018-08-08,delivered,179.9,16.36,196.26,credit_card,8.0,7.0,-8.0,0.0
1089063261,98b4d7416936a07ca82851907fb3c63b,1.0,1202824317,3144561522,358900552,2018-07-04,delivered,45.0,8.06,53.06,credit_card,2.0,1.0,-11.0,0.0
3975196256,0c1eabff9739bc1f4ac404d1a8a13db5,1.0,2692583786,3456254014,3942029387,2018-08-07,delivered,169.99,23.99,193.98,credit_card,3.0,7.0,-5.0,0.0
97137744,959e7a4f6f98f189da64a254d9937313,1.0,524533772,1744834494,261066546,2018-08-07,delivered,109.9,14.11,124.01,credit_card,4.0,3.0,-9.0,0.0
2748208808,249ce1b12f07122e85a8a56336368477,1.0,3432860536,3647000432,357383673,2018-08-04,delivered,199.9,19.5,219.4,credit_card,3.0,12.0,-19.0,0.0
2351354910,5d6e04a5abfffe286806a9e6b296eb1b,1.0,3997334535,3616676583,3267771422,2018-07-23,delivered,24.9,7.43,32.33,credit_card,3.0,3.0,-5.0,0.0
796956437,033e7f3c73132dd6a6792359b94155a2,1.0,3793190313,1277571969,1763790356,2018-08-01,delivered,170.0,25.54,195.54,credit_card,7.0,15.0,0.0,0.0
2784260598,033e7f3c73132dd6a6792359b94155a2,2.0,3793190313,1277571969,1763790356,2018-08-01,delivered,170.0,25.54,195.54,credit_card,7.0,15.0,0.0,0.0
4225685995,d9df7ac84c310a46b85f5c2f50216bc1,1.0,2500113798,3155743601,2154000458,2018-08-06,delivered,54.99,14.7,69.69,credit_card,6.0,10.0,-1.0,0.0
747984364,c79c512fd61a1008f15dbf7ca2a8c7cd,1.0,3801266648,3095167753,1333059511,2018-08-19,delivered,35.0,15.35,50.35,boleto,1.0,5.0,-16.0,0.0
1060905708,83630f2412ec5ad7dc40991d1225e93c,1.0,892260580,3570665274,3755699389,2018-08-14,canceled,42.0,8.45,50.45,credit_card,2.0,,,
2583926463,b2e76fc95ba46f2ef1720e13cd28b072,1.0,1811657582,91017410,3575236,2018-07-26,delivered,36.0,22.18,58.18,credit_card,1.0,7.0,-33.0,0.0
39894644,8dc23e32f69367ed60a8fb3979e3cc48,1.0,4193151242,1593304758,2304947736,2018-07-30,delivered,95.0,19.58,114.58,credit_card,10.0,17.0,-13.0,0.0
3775189820,d3fa993cd95accac6c3d0b7e51dffcda,1.0,924117113,3293417937,2073919491,2018-07-03,delivered,39.9,15.38,55.28,credit_card,4.0,7.0,-36.0,0.0
223237978,db039e7843c76cf2857fb12ee96e2e9f,1.0,4125434880,1570037966,3404539086,2018-08-12,delivered,111.27,8.94,120.21,credit_card,1.0,2.0,-2.0,0.0
396505050,6a78b3062a561085f98b76a5a0eea516,1.0,3030590112,368494950,395408344,2018-07-25,delivered,69.2,23.42,92.62,credit_card,4.0,8.0,-6.0,0.0
2218931593,d67009600392acea26eda59caab5425e,1.0,2031625997,2853840504,1659506471,2018-08-06,delivered,24.99,8.93,33.92,voucher,1.0,3.0,-8.0,0.0
3694246325,8d8f38e4ae1cf25848c0570ff236958b,1.0,4181011325,592096461,2304947736,2018-07-20,delivered,78.0,18.65,96.65,credit_card,2.0,11.0,-13.0,0.0
665408003,8d8f38e4ae1cf25848c0570ff236958b,2.0,4181011325,592096461,2304947736,2018-07-20,delivered,78.0,18.65,96.65,credit_card,2.0,11.0,-13.0,0.0
271453843,384f8660f6bc7396d5a875b60285c2dd,1.0,1629846113,2659353721,2118540709,2018-08-17,delivered,105.0,9.49,114.49,debit_card,1.0,6.0,0.0,0.0
1472043968,40a24d4585c66a3d7ba902a7dcd233a9,1.0,3286420481,2594868280,1921184264,2018-08-02,delivered,119.9,57.61,177.51,credit_card,2.0,14.0,-13.0,0.0
2418851574,1be0198364927817972a58d394308a40,1.0,1197654395,522224404,1241765477,2018-07-30,delivered,729.08,55.82,784.9,credit_card,5.0,8.0,-13.0,0.0
1128669111,35b19a06842a6d82121828643e1bd16e,1.0,1245376558,2629975288,2352062866,2018-07-11,delivered,215.15,71.72,286.87,credit_card,10.0,12.0,-10.0,0.0
3736494516,35b19a06842a6d82121828643e1bd16e,2.0,1245376558,2629975288,2352062866,2018-07-11,delivered,215.15,71.72,286.87,credit_card,10.0,12.0,-10.0,0.0
1894965855,2778e8d98880c4672be9caaeeb12d0ab,1.0,3317532994,3338265074,1361108180,2018-07-11,delivered,59.99,51.14,111.13,credit_card,2.0,20.0,-8.0,0.0
604051682,5bf19c7e8991698d4f0f3430da7e57a6,1.0,437624911,2372933516,4086780073,2018-07-17,delivered,109.0,24.84,133.84,credit_card,2.0,7.0,-9.0,0.0
784008327,7da29e735c26d64e18e421e8eadf2f1b,1.0,3864132910,4133488717,3051201525,2018-07-05,delivered,89.0,8.36,97.36,credit_card,4.0,6.0,-7.0,0.0
3855935413,60fc0b846c9484e0eb377f55ae0b3d7d,1.0,2339422029,3704740045,1884653127,2018-07-21,delivered,31.9,19.41,51.31,credit_card,2.0,18.0,-1.0,0.0
1822493312,62eb11cfc9c20c567f4581e0e66725c1,1.0,3063635193,3293014863,3451456201,2018-08-17,delivered,29.9,27.49,57.39,boleto,1.0,12.0,-21.0,0.0
4004874066,87f532dad65980681431fe6307b47fb3,1.0,768212395,244234332,1555790669,2018-08-13,delivered,107.0,14.33,121.33,credit_card,1.0,4.0,-10.0,0.0
2759575435,38900cae2f3cfbbe4ceec4840cc1ab89,1.0,841711519,893840574,1423184178,2018-08-17,delivered,119.0,18.93,137.93,credit_card,1.0,8.0,-16.0,0.0
2133470065,6a8074244958b34abe3e949b948bb9f9,1.0,4067015402,121826492,4162716033,2018-07-22,delivered,69.0,50.77,119.77,credit_card,1.0,36.0,6.0,1.0
4294768965,b9a332beea1ccdc10289232c319ec338,1.0,3129195135,1879620740,2598814270,2018-08-17,delivered,158.9,38.02,196.92,credit_card,10.0,7.0,-17.0,0.0
3018312810,aa5fb4d316102d9a70eaf75e6f19d181,1.0,3009369210,2277630853,1579174796,2018-07-19,delivered,19.9,18.24,38.14,boleto,1.0,7.0,-22.0,0.0
852953483,b989c3785c2432d0617d9e494703c478,1.0,3001374661,752195593,2711414084,2018-07-28,delivered,49.9,23.15,0.0,unknown,0.0,12.0,-8.0,0.0
3046912509,4d0bd88af1748e0658ddfad3100b2958,1.0,1439077889,3999220641,2356191125,2018-07-07,delivered,219.0,20.72,239.72,credit_card,2.0,6.0,-18.0,0.0
3492177348,4d0bd88af1748e0658ddfad3100b2958,2.0,1439077889,3999220641,2356191125,2018-07-07,delivered,219.0,20.72,239.72,credit_card,2.0,6.0,-18.0,0.0
3045926857,0009792311464db532ff765bf7b182ae,1.0,1740256787,4278160324,519564207,2018-08-14,delivered,99.9,27.65,127.55,boleto,1.0,7.0,-6.0,0.0
3138109119,d6c8d8e00d2e01bca21b1638924f910a,1.0,913547459,2135301086,229483877,2018-08-03,delivered,309.9,17.27,327.17,credit_card,5.0,6.0,-6.0,0.0
808338253,bd538b23115ef07a07199e3e2bdc2d4d,1.0,2680172207,649719203,3831928823,2018-07-15,delivered,49.99,15.45,65.44,boleto,1.0,9.0,-14.0,0.0
79095651,803aa4666b8c108ee27e65f64ad038fc,1.0,1325384267,3899395150,1696683105,2018-08-21,delivered,78.93,19.74,98.67,credit_card,4.0,6.0,-14.0,0.0
2901016650,89a05ddfc0652c91d7fb671794757d3d,1.0,2996563863,4201160879,4259124155,2018-07-20,delivered,79.0,17.48,96.48,credit_card,1.0,4.0,-29.0,0.0
2603669438,bac1a29d140daf4cf00aceeedf2dddc7,1.0,2656917681,2829272417,890939886,2018-08-04,delivered,25.0,23.33,48.33,credit_card,1.0,11.0,-27.0,0.0
394279502,5b113b47da093bc2cbbc7797aeee7994,1.0,1679722223,1378147945,4055463965,2018-07-20,delivered,28.9,14.5,43.4,credit_card,1.0,7.0,-16.0,0.0
155411609,e1f58cebd92cdac4b6f7f9a3814a0fb0,1.0,1022972334,1206930280,2127548445,2018-08-23,delivered,55.0,13.05,68.05,credit_card,2.0,6.0,-5.0,0.0
2018744627,aef73437a579952b833ab7d9cbf58bb0,1.0,632888484,2397286120,753329531,2018-08-05,delivered,149.9,37.96,0.0,unknown,0.0,5.0,-13.0,0.0
1652456567,bd02833fc86efad05af6d9d8cc4a8b3e,1.0,4283409905,4102193398,2681412629,2018-07-20,delivered,79.99,18.66,98.65,credit_card,4.0,6.0,-12.0,0.0
2454259474,c623390ada8c2e0bc96506ee6d9d0667,1.0,1101046142,3062725670,2712979794,2018-07-10,delivered,28.99,8.95,37.94,credit_card,1.0,2.0,-6.0,0.0
1693540623,92de9d50e681619c103a7634c2f8bdaf,1.0,2492124326,774870517,3179495650,2018-08-13,delivered,125.0,8.14,133.14,credit_card,6.0,18.0,10.0,1.0
511618061,9c957591bcb898e6250cde437b938d95,1.0,2825989895,3403869440,2303787513,2018-07-24,delivered,134.99,13.61,148.6,credit_card,1.0,3.0,-11.0,0.0
1340609590,2f0b8584b80af898d09aed535fdd2307,1.0,1806438801,4114166042,3207856380,2018-08-14,delivered,99.99,57.47,157.46,boleto,1.0,9.0,-12.0,0.0
593760804,9e85367165bb242141b1f2638d6fc239,1.0,3392475988,1882882881,3873129795,2018-07-05,delivered,204.9,19.53,224.43,credit_card,3.0,7.0,-22.0,0.0
1319985463,2e1b96bb2d8b0ca7e4a6c3d0c15d68a3,1.0,2449335567,1537939971,1571264779,2018-07-01,delivered,99.0,47.35,146.35,credit_card,2.0,11.0,-24.0,0.0
526267855,b33c9bb2caa1d2b9f219b70f6dba7dce,1.0,2499513679,1676106037,2681412629,2018-08-26,delivered,96.99,13.34,110.33,boleto,1.0,3.0,-18.0,0.0
3692450955,df7beb79297f04677c62ceae377ba8b2,1.0,2926739127,382228588,2997337676,2018-07-18,delivered,499.9,21.6,521.5,credit_card,8.0,12.0,-15.0,0.0
2720655462,46c123d65d1a90feca91b6c4cf104633,1.0,445431645,4070335493,442956100,2018-08-27,delivered,79.8,7.82,87.62,credit_card,1.0,3.0,-3.0,0.0
607802833,d139bb03af910e29eab280ed63bec613,1.0,4023831606,3584871098,819761952,2018-08-23,delivered,18.49,18.23,36.72,boleto,1.0,7.0,-14.0,0.0
1027284462,d139bb03af910e29eab280ed63bec613,2.0,4023831606,3584871098,819761952,2018-08-23,delivered,18.49,18.23,36.72,boleto,1.0,7.0,-14.0,0.0
1123897060,8ad90551f6c31bd81ee660c78c7250ca,1.0,1938081600,2036129729,261066546,2018-08-13,delivered,116.9,14.16,131.06,credit_card,1.0,4.0,-4.0,0.0
141744824,7046baacfed62d117699e43e9cc8ee7c,1.0,1178481326,2718103869,3539512176,2018-07-02,delivered,184.0,19.39,203.39,credit_card,3.0,7.0,-17.0,0.0
456607587,c4fe6f6fb6b226089906913cd4ab8a20,1.0,1449913265,3867481047,1856359935,2018-07-04,delivered,52.0,44.16,96.16,boleto,1.0,8.0,-22.0,0.0
1269847423,8d3e2758268f6374b2402769a37c6905,1.0,2013845503,1505147094,3734320862,2018-08-09,delivered,59.55,14.0,73.55,credit_card,1.0,4.0,-9.0,0.0
1658362500,7173f9c626f3e26e9c4c0033ebffe7d4,1.0,2874559517,719010948,3532239120,2018-07-14,delivered,119.99,18.94,138.93,credit_card,5.0,8.0,-17.0,0.0
689091419,6e529c2d797e42723921291678213b8e,1.0,1731502501,1776620515,2475905934,2018-08-09,delivered,99.99,11.72,111.71,credit_card,1.0,8.0,-25.0,0.0
2453944914,080c5db822472f28f4193dc902b9be32,1.0,218668460,3843881965,1659506471,2018-07-30,delivered,49.99,9.1,59.09,boleto,1.0,6.0,-1.0,0.0
2918760272,77f786b616f184da30df78a7eb228d92,1.0,2605884092,3435060717,102965918,2018-08-18,delivered,19.9,7.4,27.3,credit_card,1.0,4.0,-5.0,0.0
853650971,cacb12ecbd3fcaf21b5556085730369a,1.0,2398964528,389735927,1868809992,2018-08-05,delivered,150.0,28.03,178.03,credit_card,3.0,17.0,1.0,1.0
1855170995,db8a99e0ff1f9fc4a61e0e5567b5467c,1.0,2230241098,211704435,1018330744,2018-07-26,delivered,28.99,12.86,41.85,credit_card,2.0,6.0,-8.0,0.0
4059637752,66565684fb831da6924e8cb4b0e1c2ae,1.0,3633768578,236608855,192493466,2018-07-18,delivered,317.0,20.52,87.52,credit_card,1.0,5.0,-11.0,0.0
1000032100,08bf457a7ecf8ba28efb48f0add11cca,1.0,2185078493,3489777262,3485175421,2018-08-06,delivered,74.0,23.32,0.0,unknown,0.0,3.0,-6.0,0.0
3549458192,bd80a1b56163c6fcce585462d490ab36,1.0,3718547860,444361721,1782108900,2018-07-20,delivered,17.9,15.23,33.129999999999995,voucher,1.0,14.0,-11.0,0.0
1266820890,bd80a1b56163c6fcce585462d490ab36,2.0,3718547860,444361721,1782108900,2018-07-20,delivered,17.9,15.23,33.129999999999995,voucher,1.0,14.0,-11.0,0.0
3992030333,5890259dc546292bd43919d8a284222b,1.0,181316012,1254469685,4260964609,2018-08-20,delivered,110.0,13.07,123.07,credit_card,2.0,2.0,-5.0,0.0
621889631,32f0e397d36f01e44c8c257ceaecf508,1.0,1503533960,1232118476,2356191125,2018-08-02,delivered,31.2,7.48,38.68,credit_card,1.0,8.0,2.0,1.0
3545610183,11a651b87a97dc13026b8c8e7ea5c47a,1.0,2911318084,365228677,1553669565,2018-08-08,delivered,29.9,8.96,38.86,credit_card,1.0,7.0,-2.0,0.0
2037402321,58fda12832cc512415ef25b96f1638b4,1.0,1248245557,3808683519,3134988207,2018-07-23,delivered,110.9,14.36,125.26,credit_card,1.0,2.0,-12.0,0.0
3846468264,587cc93c9570b0620ed4d9b9d8d13c23,1.0,3440603902,3656619605,2622226838,2018-08-18,delivered,229.9,16.71,246.61,credit_card,2.0,9.0,-2.0,0.0
3589586686,331179a115e1b772b2f4ff3f99f0c713,1.0,1102517080,2635348104,3670166590,2018-07-29,delivered,59.99,15.52,75.51,credit_card,1.0,9.0,-17.0,0.0
3151704946,d520b96e396bd11c8861b4310c25388b,1.0,2423206052,1672925611,854629258,2018-08-02,delivered,74.99,17.16,92.15,credit_card,5.0,4.0,-13.0,0.0
2222148151,b8b12c952ae497fb7389315cd2a101e1,1.0,953762648,3510777320,357383673,2018-07-08,delivered,79.0,47.21,126.21,credit_card,1.0,17.0,-15.0,0.0
2301016816,999ecbda5d7b314b856c71e7bb73d8ee,1.0,2756331713,1542620785,897947394,2018-08-13,delivered,364.0,20.7,384.7,credit_card,4.0,3.0,-26.0,0.0
3784860430,6540b761399c20157fb3fdbf2bb13380,1.0,3258422819,2661257267,1728046229,2018-08-16,delivered,49.5,19.54,69.04,credit_card,4.0,10.0,-3.0,0.0
1275189371,9f16c9e6abad918e90460e42f7b9d645,1.0,2382369110,1129313620,3851041961,2018-07-23,delivered,13.9,18.23,32.13,voucher,1.0,4.0,-13.0,0.0
2966765048,3409538db935345d2d9bf4e77cd2a5d3,1.0,3718053115,3580220802,538530758,2018-07-27,delivered,72.9,51.23,124.13,credit_card,1.0,30.0,4.0,1.0
3418356554,23cb58815b6e6ba073afff7d37258dfb,1.0,2780899994,1780123938,1846154139,2018-08-02,delivered,35.0,13.59,48.59,boleto,1.0,6.0,-7.0,0.0
1730412434,5a39ba43f671c9ad40782147ec3a1997,1.0,2868711267,2956390354,3393462886,2018-07-17,delivered,129.9,63.16,193.06,credit_card,7.0,10.0,-10.0,0.0
1839699426,7b78cc6982a3e84c736e54249ed7612c,1.0,3687156762,2381852328,726665638,2018-07-27,delivered,219.98,104.93,324.91,credit_card,10.0,7.0,-25.0,0.0
1530736311,7b78cc6982a3e84c736e54249ed7612c,2.0,3687156762,2381852328,726665638,2018-07-27,delivered,219.98,104.93,324.91,credit_card,10.0,7.0,-25.0,0.0
959888974,1f3c5d4d3ca0267099a4c67b2cb29bd1,1.0,343873990,2468151923,1266529499,2018-08-10,delivered,129.0,20.09,149.09,credit_card,5.0,14.0,-5.0,0.0
2130676984,96b8b6e55e0d6d20bc63d7a6b6633510,1.0,3858668827,1551783957,123833255,2018-07-01,delivered,55.0,22.32,77.32,credit_card,1.0,11.0,-13.0,0.0
3485419796,18ddc3c409bd61beb6c3c455954278c0,1.0,2689759798,174750780,523493826,2018-08-15,delivered,122.99,30.11,153.1,credit_card,1.0,5.0,-24.0,0.0
2574083620,a5375fe8e7f2960019edf0fff68c58fb,1.0,2433204680,251790685,980641658,2018-07-05,delivered,116.25,18.91,135.16,boleto,1.0,5.0,-21.0,0.0
1776893549,66f2c4c74ef2402a34e32b0156a627bf,1.0,4170141164,2921478364,1839874894,2018-07-23,delivered,57.99,18.51,76.5,credit_card,1.0,6.0,-15.0,0.0
3524982688,b7ae858ca9cd4860f4e6516a5e9c4550,1.0,3046420757,1856328208,3485175421,2018-08-18,delivered,51.9,19.55,71.45,credit_card,2.0,9.0,-15.0,0.0
3196691157,70a1ce56d693a1a8142d48883989f08f,1.0,468691240,2091940572,2636346249,2018-07-18,delivered,21.99,22.87,44.86,credit_card,4.0,10.0,-18.0,0.0
167861598,a531f18d52ebc430be165b4ea5a7bf5b,1.0,2799033613,1616971293,2544243389,2018-08-21,delivered,149.0,27.99,176.99,credit_card,8.0,6.0,-34.0,0.0
1980026623,8d7ec00a7df1f84149ee7f5ea8a73c41,1.0,343958767,2142274624,1141793129,2018-08-11,delivered,99.9,19.89,119.79,credit_card,1.0,9.0,-15.0,0.0
57988532,abcb42831f6165cda2570c76e90cda5d,1.0,2412421128,4085932319,2845521358,2018-08-01,delivered,59.49,13.08,72.57,boleto,1.0,8.0,0.0,0.0
2431446009,7999895f514b30a8de833a4b7c3dd042,1.0,2485258314,1170363301,3418625173,2018-08-01,delivered,219.99,28.49,248.48,credit_card,2.0,4.0,-28.0,0.0
3277996846,2acb8c7bef9b70c1fdcf3925c04bedd1,1.0,2988537199,2942794295,2200182065,2018-07-26,delivered,119.0,13.13,132.13,credit_card,10.0,1.0,-6.0,0.0
1523138378,450c895cd5341a52818d10c9593085bd,1.0,2793938124,165456530,3521477845,2018-08-14,delivered,119.9,23.99,143.89,credit_card,2.0,7.0,-7.0,0.0
3358031925,93cc657ef01997bdee3bc4d3e574a470,1.0,2708825836,725581363,2687180010,2018-07-10,delivered,69.0,13.82,82.82,credit_card,1.0,2.0,-11.0,0.0
47295878,626a8ff56da018438dd2249de58f0014,1.0,1030909335,794152909,4288352225,2018-08-06,delivered,174.99,21.18,0.0,unknown,0.0,16.0,-5.0,0.0
2026714148,2a77dac3cf72264c6013ed1ee5fa8cad,1.0,400970153,2881677740,1480205621,2018-08-03,delivered,119.0,19.74,0.0,unknown,0.0,11.0,-2.0,0.0
1187642824,d30daca327cb882c3ccccced457f69f8,1.0,509700904,4198849059,4194263931,2018-08-05,delivered,61.4,13.77,75.17,credit_card,1.0,12.0,0.0,0.0
2362879772,c3aa0764f72af0672f23966336a8fd0c,1.0,571054637,2254554039,4194263931,2018-08-05,delivered,125.0,14.22,139.22,credit_card,4.0,15.0,0.0,0.0
2434192029,c3aa0764f72af0672f23966336a8fd0c,2.0,571054637,2254554039,4194263931,2018-08-05,delivered,125.0,14.22,139.22,credit_card,4.0,15.0,0.0,0.0
476167609,8a268898598fdef7f8a38b795bc111d9,1.0,840118481,1776620515,2475905934,2018-08-03,delivered,69.99,23.29,93.28,boleto,1.0,17.0,-3.0,0.0
1156272597,7aa5f2151edb70ee275202acec271ea3,1.0,228808967,1595236483,1241765477,2018-08-05,delivered,199.08,19.49,218.57,credit_card,4.0,4.0,-11.0,0.0
2881700182,1edc3863beec62b1bd5e3fca2eb64c53,1.0,2112344937,1899795568,1846154139,2018-08-20,delivered,15.0,13.48,28.48,credit_card,1.0,4.0,-10.0,0.0
3368308234,6df06dce06727e9d068f266a9b2cdaa7,1.0,3919393704,2814342022,3557978736,2018-08-07,delivered,649.0,211.66,860.66,credit_card,8.0,5.0,-10.0,0.0
293121049,e03725cff8fd740ded5d95a3193c3696,1.0,4103911390,1880102823,2060950116,2018-08-08,delivered,119.0,32.32,151.32,credit_card,3.0,1.0,-4.0,0.0
963768558,8c9e191de5ee58e2cbd018c2943ff9b2,1.0,760787689,2799868517,1659506471,2018-07-31,delivered,44.99,9.07,54.06000000000001,credit_card,3.0,5.0,-4.0,0.0
1327775861,8c9e191de5ee58e2cbd018c2943ff9b2,2.0,760787689,2799868517,1659506471,2018-07-31,delivered,44.99,9.07,54.06000000000001,credit_card,3.0,5.0,-4.0,0.0
1157726324,8c9e191de5ee58e2cbd018c2943ff9b2,3.0,760787689,2799868517,1659506471,2018-07-31,delivered,44.99,9.07,54.06000000000001,credit_card,3.0,5.0,-4.0,0.0
2755177867,941638a41a3674d12166261747988666,1.0,3565455702,1692160155,422090325,2018-07-05,delivered,335.0,23.65,358.65,credit_card,2.0,5.0,-14.0,0.0
433939318,d90f70746b61ed0bb476ddaae181afd8,1.0,3126055713,517498823,4117658320,2018-08-25,delivered,97.5,9.43,106.93,boleto,1.0,4.0,-2.0,0.0
4245341095,7a40bb8803549af172ca4403ff436229,1.0,2120256271,1658560371,1480205621,2018-07-16,delivered,259.0,14.47,273.47,credit_card,8.0,7.0,-7.0,0.0
3005893579,08c7d364923b6238c246df0fab24d907,1.0,1831427,3154324039,791135922,2018-07-26,delivered,139.9,23.78,163.68,credit_card,2.0,7.0,-8.0,0.0
3125315105,b07244447d6e71d93891e79c556a7fc0,1.0,2298710303,1996242207,1208900297,2018-08-16,delivered,39.0,8.43,47.43,credit_card,3.0,3.0,-7.0,0.0
1195013534,871a8acf3aa24b340ca528120ddea498,1.0,2676836089,576600093,2710840637,2018-07-09,delivered,89.99,15.73,105.72,credit_card,1.0,23.0,-5.0,0.0
2359568882,6ce285ecc898105204fa22cd55838f01,1.0,3754024634,701073578,2892609914,2018-07-23,delivered,39.0,13.85,52.85,credit_card,2.0,7.0,-7.0,0.0
2991415055,58ee901dc817aa7f36518d079340b80f,1.0,92940748,77157731,3371283952,2018-07-28,delivered,64.86,42.73,107.59,credit_card,5.0,12.0,-18.0,0.0
817540292,9c27c0e9a3ff1c62ceecc6b160ae7c63,1.0,1308527618,2179070695,2131055484,2018-08-15,delivered,39.9,18.38,58.28,boleto,1.0,7.0,-12.0,0.0
4043851630,9a0b40ce54455397568178b50178b29e,1.0,4261423289,3769499782,1634107465,2018-07-20,delivered,99.9,19.89,0.0,unknown,0.0,6.0,-15.0,0.0
1226958822,5bf626cfef41ba2207e9c4ac9b380a64,1.0,917686662,4182838189,4185397625,2018-08-08,delivered,22.0,12.81,34.81,boleto,1.0,6.0,-1.0,0.0
1863150651,4f164373da991b6595b609372262a23f,1.0,3074360000,870882749,1675260091,2018-08-25,delivered,20.9,12.81,33.71,credit_card,1.0,5.0,-15.0,0.0
2883067997,725bc6e0462790b11f170e3729723857,1.0,4133153567,3536717336,1527515903,2018-08-22,delivered,29.99,12.87,42.86,credit_card,1.0,2.0,-5.0,0.0
2226013070,b36d2e6b1781d380e140608a4e831277,1.0,169436347,810718702,2622583364,2018-08-09,delivered,119.0,37.74,156.74,credit_card,10.0,12.0,-43.0,0.0
3166140306,b36d2e6b1781d380e140608a4e831277,2.0,169436347,810718702,2622583364,2018-08-09,delivered,119.0,37.74,156.74,credit_card,10.0,12.0,-43.0,0.0
568088500,49e46b4388f4b9ea96901467bd26eb6d,1.0,4070790363,3049528056,2060950116,2018-08-03,delivered,49.0,13.68,62.68,credit_card,1.0,9.0,-1.0,0.0
3767621511,1e7d79d08a87fbdc49009885f8990ccc,1.0,2370851652,2413621728,2250123381,2018-08-21,delivered,79.0,18.65,97.65,credit_card,3.0,8.0,-7.0,0.0
4071630933,d7f0f03f8aff02c307964f1ecb044a5f,1.0,1625608503,1083074000,2364738006,2018-08-05,delivered,119.9,9.97,129.87,boleto,1.0,8.0,4.0,1.0
3181071026,734fd23f82c457088580cf5a8c9da909,1.0,3634199815,2674588205,2122712096,2018-08-27,delivered,39.9,7.54,0.0,unknown,0.0,2.0,0.0,0.0
3077929872,d73c0976dbad3c54466df6b139b1ef3d,1.0,2972191327,718071674,1734769477,2018-07-24,delivered,29.9,7.47,37.37,credit_card,3.0,6.0,-3.0,0.0
664099892,1ed30df5fa6886743c4509f8bd1a3241,1.0,247665126,2034455957,3633342575,2018-08-25,delivered,23.8,18.27,42.07,credit_card,4.0,5.0,-27.0,0.0
962171330,0667371275636232a05d55f2a8eada60,1.0,418963609,1570888716,53223181,2018-07-08,delivered,27.9,18.3,46.2,credit_card,2.0,15.0,-7.0,0.0
2833934641,0785459f4688c430590e9ef6eff2fecb,1.0,3019712344,2673733492,1073829281,2018-08-27,delivered,29.99,7.47,37.46,credit_card,1.0,2.0,-1.0,0.0
1612680505,920a1599f73c0a2ddadfb7caedcbda60,1.0,1962671230,2466355469,523493826,2018-08-22,delivered,66.99,27.75,94.74,boleto,1.0,8.0,-11.0,0.0
464399566,5f584984f781a737f7a40522e1e8db52,1.0,2202541915,1026543335,837329241,2018-08-07,delivered,39.9,24.74,51.6943110706565,boleto,1.0,5.0,-9.0,0.0
4015187279,5f584984f781a737f7a40522e1e8db52,2.0,2202541915,1242812356,1350631362,2018-08-07,delivered,47.99,1.24,62.1756889293435,boleto,1.0,5.0,-9.0,0.0
2430607350,6898d4e2dad0e7d07e74cbbff0a796e3,1.0,4198263787,4093561838,123833255,2018-07-03,delivered,70.0,18.59,88.59,credit_card,1.0,7.0,-19.0,0.0
34206185,797c6ff206949b463f4b498b5888e2ef,1.0,696946857,2255195421,3922805067,2018-08-15,delivered,64.9,20.72,85.62,credit_card,1.0,8.0,-11.0,0.0
3841385032,6f9f510503836c2006694d0d0f8b142a,1.0,2809988331,2319529729,1066843052,2018-08-14,delivered,72.99,14.82,87.81,credit_card,8.0,6.0,-7.0,0.0
1467921894,3d81523ba23d554cebc2ce14e9db898f,1.0,3656355456,1414790156,1803873909,2018-07-08,delivered,109.9,19.96,129.86,credit_card,5.0,4.0,-17.0,0.0
4043632597,aa416218af39ef77e7ed168633b9ef53,1.0,3629636066,4110524290,2261194409,2018-07-27,delivered,159.9,27.42,187.32,credit_card,8.0,7.0,-18.0,0.0
291711326,6e6ba99ba306b937fc7730f3e06cc1a6,1.0,3009955941,352077181,4106597905,2018-07-30,delivered,21.1,7.41,28.51,credit_card,1.0,2.0,-5.0,0.0
2711663746,d7e6b2a827de13f3b539c79bb5b89577,1.0,3124882487,928853441,168549743,2018-08-14,delivered,219.9,22.84,242.74,credit_card,1.0,15.0,-7.0,0.0
4090054949,ca5194dbc94536f842d03241b5a223bb,1.0,3157366075,1301095001,2235530015,2018-07-14,delivered,55.0,38.66,93.66,credit_card,1.0,12.0,-18.0,0.0
639682938,3c1c45c6ad5ec5fdfbb0aa0e29a4ea23,1.0,4234972789,279603121,3208753650,2018-07-14,delivered,49.0,18.44,67.44,credit_card,6.0,9.0,-28.0,0.0
2898549035,bfdd803339c3236164d4fda73c95f5c2,1.0,703134172,1425614791,3485175421,2018-07-30,delivered,77.9,23.35,101.25,credit_card,1.0,10.0,-6.0,0.0
395680363,3d61e9970cfb1669c490645d74bf7405,1.0,2347863375,1505846598,2622583364,2018-07-23,delivered,154.9,19.18,174.08,credit_card,5.0,3.0,-17.0,0.0
2273411032,88543da9ad238e70098166896bf9ea06,1.0,2331806776,353244613,2851853482,2018-08-14,delivered,74.99,8.69,83.68,credit_card,1.0,2.0,-1.0,0.0
2601367925,ab344aaf7040ad7bcee8c7ae7db9e87e,1.0,174201268,3720726719,3051201525,2018-07-01,delivered,50.0,13.93,63.93,credit_card,1.0,9.0,-15.0,0.0
2808462231,8e029d51bb988ddd1e92385dce8de59a,1.0,818029412,3545542421,2812297156,2018-07-24,delivered,411.0,21.18,432.18,voucher,1.0,7.0,-6.0,0.0
1475656393,7485a2fd25ea2d65d745b44dce5872c7,1.0,1968387777,2138402210,2629314654,2018-08-15,delivered,15.99,18.23,34.22,credit_card,3.0,14.0,-7.0,0.0
1852998565,8528dca53d56bc80b2762f5506b12296,1.0,1266887251,1597415275,1503930686,2018-08-13,delivered,95.9,11.69,107.59,credit_card,1.0,2.0,-1.0,0.0
3246741905,6852a9d0c08f5a070ce88d62b4a59321,1.0,3732523257,4162005756,30982368,2018-07-06,delivered,1260.0,21.12,1281.12,credit_card,8.0,5.0,-7.0,0.0
3595288090,b0fac27c81315d7201a0ca455f58304d,1.0,536621323,3407384685,3768979254,2018-08-02,delivered,76.0,16.72,92.72,credit_card,9.0,11.0,-7.0,0.0
1385248327,ce9e623dd0def1f905a5c5ba0c99f65a,1.0,2470409211,2387487465,2622979024,2018-07-12,delivered,22.9,7.42,30.32,credit_card,1.0,1.0,-7.0,0.0
3103398835,0c505e1ce394e4cd4ccaedf5fcdbc9b0,1.0,944925536,4044359317,372596841,2018-07-29,delivered,19.99,18.24,38.23,credit_card,1.0,2.0,-15.0,0.0
1305418948,bafef85881303806cc2d726bda04dfd7,1.0,2625425312,3964299682,212815993,2018-08-22,delivered,59.99,7.84,67.83,boleto,1.0,4.0,-4.0,0.0
2584607640,2d5c2551306ebb8492eb8c36d062f314,1.0,3967668304,1169576412,229483877,2018-08-11,delivered,144.9,16.11,161.01,credit_card,10.0,4.0,-12.0,0.0
90075447,494dfa139a38449b378d01cca4c0a6a0,1.0,4036457900,2987254463,3557398281,2018-08-06,delivered,91.6,59.87,151.47,boleto,1.0,7.0,-9.0,0.0
2265370081,43ba017334e710b763eefbbd09f9ebe8,1.0,3556686855,156267473,1868809992,2018-07-05,delivered,35.0,9.0,44.0,credit_card,3.0,6.0,-9.0,0.0
697570966,43ba017334e710b763eefbbd09f9ebe8,2.0,3556686855,156267473,1868809992,2018-07-05,delivered,35.0,9.0,44.0,credit_card,3.0,6.0,-9.0,0.0
544556867,43ba017334e710b763eefbbd09f9ebe8,3.0,3556686855,156267473,1868809992,2018-07-05,delivered,35.0,9.0,44.0,credit_card,3.0,6.0,-9.0,0.0
2783830284,ca4ced509eae117b7d3823b4ce2467dd,1.0,2724447666,683408766,35460556,2018-08-04,delivered,12.99,18.23,31.22,boleto,1.0,11.0,-8.0,0.0
423915715,036e37b0e268e6087e88d3d7a676c13d,1.0,285527819,529495488,3485175421,2018-07-01,delivered,79.9,26.86,106.76,credit_card,4.0,9.0,-13.0,0.0
2651751210,a7a9b0f583c7121452bf658dafcbbc8f,1.0,1472932394,1416890172,1480205621,2018-07-10,delivered,594.9,26.88,621.78,credit_card,8.0,29.0,8.0,1.0
2437886888,47b37d2ccfa8fdc0395971036941bac9,1.0,3796977308,1089307128,2373578609,2018-07-06,delivered,295.9,16.38,312.28,credit_card,3.0,7.0,-12.0,0.0
2995597766,b016e83fc2a89900d779cb964fe867fd,1.0,323980063,3199411278,2082347993,2018-07-16,delivered,149.94,58.85,208.79,debit_card,1.0,22.0,-20.0,0.0
3799066340,7f6a7361266d9b404f05250ef42cdc6d,1.0,2475507273,1491328836,1914769873,2018-08-17,delivered,126.49,14.19,140.68,debit_card,1.0,3.0,-2.0,0.0
2886607081,3114c613f929e41052d2b64661080c44,1.0,1328319570,897577795,737969628,2018-07-24,delivered,114.9,15.11,130.01,credit_card,6.0,6.0,-8.0,0.0
1128973963,89f2413853ec50a94699c477188e2901,1.0,1148068686,2413621728,2250123381,2018-08-14,delivered,75.0,13.19,88.19,boleto,1.0,9.0,-6.0,0.0
425387123,3430c87a970630a0cfdae2dfe4936d82,1.0,3553390454,174750780,523493826,2018-07-08,delivered,122.99,36.63,159.62,credit_card,6.0,18.0,-12.0,0.0
9208212,df832acdcfc236969ab361d4597e6e0a,1.0,154454159,2951779541,1851611249,2018-07-19,delivered,30.0,17.14,47.14,boleto,1.0,12.0,-10.0,0.0
2817038667,8137dd2eb10f8393185e4fb57b038373,1.0,4280342230,476758799,112649996,2018-08-03,delivered,29.99,15.31,45.3,credit_card,3.0,9.0,-2.0,0.0
2653613233,55c424970c57390065af9e2bf5461f11,1.0,994397336,2163436565,523493826,2018-07-09,delivered,59.99,19.33,79.32,credit_card,7.0,21.0,-2.0,0.0
640903112,00a57dfbb049fbaae10763e2cf15f797,1.0,3504405609,228069001,1011007161,2018-07-20,delivered,89.9,22.56,112.46,boleto,1.0,10.0,-14.0,0.0
512362713,00a57dfbb049fbaae10763e2cf15f797,2.0,3504405609,228069001,1011007161,2018-07-20,delivered,89.9,22.56,112.46,boleto,1.0,10.0,-14.0,0.0
966959785,00a57dfbb049fbaae10763e2cf15f797,3.0,3504405609,228069001,1011007161,2018-07-20,delivered,89.9,22.56,112.46,boleto,1.0,10.0,-14.0,0.0
2756260997,000576fe39319847cbb9d288c5617fa6,1.0,3338442656,1765380824,1881728127,2018-07-04,delivered,810.0,70.75,880.75,credit_card,10.0,5.0,-16.0,0.0
1391480805,a31e3f43f9ed2f1d94b0748bc723b899,1.0,1807065828,2184882008,2304947736,2018-07-03,delivered,45.0,7.58,52.58,credit_card,4.0,2.0,-10.0,0.0
1561569267,7b407def87721a29fc233b7ae9ad6013,1.0,3907849254,681983977,4120033478,2018-08-02,delivered,269.9,19.99,289.89,credit_card,4.0,6.0,-9.0,0.0
2470746314,7b407def87721a29fc233b7ae9ad6013,2.0,3907849254,681983977,4120033478,2018-08-02,delivered,269.9,19.99,289.89,credit_card,4.0,6.0,-9.0,0.0
844343510,9c77804d4075e1f321c74f7a62d1d016,1.0,404146989,2036129729,261066546,2018-07-30,delivered,118.8,15.93,134.73,credit_card,3.0,8.0,-6.0,0.0
1350360145,084644a489ac88b4ca68d2aa3dc91292,1.0,946794404,3706866367,655950489,2018-08-20,delivered,87.9,18.72,106.62,boleto,1.0,9.0,-27.0,0.0
3639887885,79c886043a847d8d2e58c43a1ec1ebd2,1.0,3629207795,2524978887,2102163508,2018-07-01,delivered,112.0,14.36,126.36,voucher,1.0,5.0,-17.0,0.0
2652621951,5d7c9ec4aa4d83e0b66b73e3ad2d7c06,1.0,2761999766,1742204285,935749508,2018-08-23,delivered,29.99,4.74,35.26241756206002,credit_card,5.0,5.0,-28.0,0.0
3552781289,5d7c9ec4aa4d83e0b66b73e3ad2d7c06,2.0,2761999766,4123853007,935749508,2018-08-23,delivered,23.99,4.74,28.207582437939976,credit_card,5.0,5.0,-28.0,0.0
3121806608,5d7c9ec4aa4d83e0b66b73e3ad2d7c06,3.0,2761999766,416134407,935749508,2018-08-23,delivered,29.99,4.74,35.26241756206002,credit_card,5.0,5.0,-28.0,0.0
4127467009,5d7c9ec4aa4d83e0b66b73e3ad2d7c06,4.0,2761999766,2036848369,935749508,2018-08-23,delivered,23.99,4.76,28.207582437939976,credit_card,5.0,5.0,-28.0,0.0
1089857981,ae35264f1f3d48dcabac5f8a4044c8fd,1.0,4246141415,1642272787,1639782334,2018-07-09,delivered,69.0,19.67,88.67,credit_card,4.0,4.0,-17.0,0.0
2224859687,d33001bff4242b0f9abf0eae4692fe54,1.0,1523478208,3304200972,2250123381,2018-08-13,delivered,64.0,13.11,77.11,credit_card,3.0,7.0,-8.0,0.0
4210750486,d33001bff4242b0f9abf0eae4692fe54,2.0,1523478208,3304200972,2250123381,2018-08-13,delivered,64.0,13.11,77.11,credit_card,3.0,7.0,-8.0,0.0
2407748937,862fc92ae542a7129c9943703ddac0af,1.0,3303862600,1492929906,3131976384,2018-07-19,delivered,89.9,27.58,117.48,boleto,1.0,8.0,-25.0,0.0
1629299745,610d01be21a4553d8ae1b2c4000c2703,1.0,233318639,477980543,1550185782,2018-08-04,shipped,249.99,14.05,264.04,credit_card,4.0,,,
492529156,7bf2864048f28a9341940c5f3b04c857,1.0,2499321713,1646107025,1700921277,2018-08-10,delivered,229.0,82.91,311.91,credit_card,3.0,10.0,-2.0,0.0
1355689207,a6ecc5068e6e585b2dca3e496ba4b277,1.0,2680733810,2955141554,261066546,2018-07-13,delivered,132.2,19.03,151.23,credit_card,3.0,11.0,-6.0,0.0
2064963913,0f2eddab2cf0edb934c4086172712081,1.0,448677903,2747000129,2358549127,2018-08-04,delivered,79.0,13.89,92.89,credit_card,1.0,8.0,-2.0,0.0
4141395557,b576609c7e4498a76216cb240c177328,1.0,1510016116,956967133,3809290688,2018-08-26,delivered,15.0,7.39,22.39,credit_card,1.0,4.0,0.0,0.0
3990678512,9fe26c640da2c51c4f699a364a195ccd,1.0,4212705712,393999877,2580370799,2018-07-28,delivered,598.9,23.38,622.28,credit_card,10.0,6.0,-24.0,0.0
857923382,4d6d5d4ddbda3bae532db626873c671b,1.0,3207349882,2817707932,47085388,2018-08-07,delivered,45.0,15.42,60.42,credit_card,1.0,6.0,-2.0,0.0
269715730,6ac314f1970b39cf3b7760803caf3c23,1.0,2390326676,2196291104,2402947140,2018-07-16,delivered,112.99,18.89,131.88,boleto,1.0,7.0,-9.0,0.0
3550287169,ab6d84885a2b1513ec4035973c08460f,1.0,757411088,600884913,360002828,2018-08-04,canceled,23.0,8.91,31.91,credit_card,3.0,,,
1627814433,d5c93f9528b5b9869e4c761fcde5a834,1.0,2834921409,3363469831,740847726,2018-07-19,delivered,19.9,7.4,27.3,boleto,1.0,4.0,-7.0,0.0
3630040382,0359f367ef22ad541b0bdc484158be09,1.0,3553487911,3425289061,584548037,2018-08-03,delivered,159.0,64.48,223.48,credit_card,10.0,14.0,-5.0,0.0
1901933870,632b475328739ec1fe116b5043c908f3,1.0,1614205587,700071323,1477869461,2018-07-18,delivered,103.9,18.53,122.43,credit_card,1.0,7.0,-9.0,0.0
714384207,421cb85104521fab3df800fa355c6402,1.0,824774724,3908969022,766667350,2018-08-13,delivered,89.0,23.42,112.42,boleto,1.0,8.0,-9.0,0.0
3976620288,2fbafc474dc8983392c734514f793616,1.0,2767470252,2198273383,1813314038,2018-07-14,delivered,29.9,12.87,42.77,credit_card,1.0,8.0,-11.0,0.0
3018671796,58b2ca9b8b218fc08e5f37b778393005,1.0,2184114703,3806407811,358900552,2018-07-22,delivered,32.5,18.33,50.83,credit_card,1.0,4.0,-12.0,0.0
679589946,53065082f5bfbc7a503dfb55ed57310a,1.0,4049650270,1292242790,1585314166,2018-08-19,delivered,59.9,15.52,75.42,credit_card,1.0,10.0,-12.0,0.0
3430669353,c524e7bd2510f74fed9e94b894472306,1.0,877407130,2864144619,2368201577,2018-08-13,delivered,229.0,15.08,244.08,credit_card,8.0,3.0,-7.0,0.0
1085829176,dc4cfa94b80bd43118f48eea2ddc0151,1.0,2264999476,4120704036,682173841,2018-07-17,delivered,84.99,23.54,108.53,debit_card,1.0,3.0,-13.0,0.0
3708729777,5f894487d02d8bb83733db91af8ce4f0,1.0,3719763652,3561404005,2304947736,2018-07-16,delivered,55.0,37.3,92.3,credit_card,5.0,9.0,-15.0,0.0
997463387,cf5c8d9f52807cb2d2f0a0ff54c478da,1.0,1153232718,1829020527,4176492415,2018-08-24,delivered,17.99,9.0,23.9418358968074,credit_card,2.0,6.0,-36.0,0.0
141553341,cf5c8d9f52807cb2d2f0a0ff54c478da,2.0,1153232718,1682336599,1503930686,2018-08-24,delivered,88.9,9.0,118.3117960659354,credit_card,2.0,6.0,-36.0,0.0
2650467652,cf5c8d9f52807cb2d2f0a0ff54c478da,3.0,1153232718,3020280021,4176492415,2018-08-24,delivered,18.6,9.0,24.753649120656902,credit_card,2.0,6.0,-36.0,0.0
408179483,cf5c8d9f52807cb2d2f0a0ff54c478da,4.0,1153232718,1640092372,925912501,2018-08-24,delivered,13.9,9.0,18.49869477296403,credit_card,2.0,6.0,-36.0,0.0
3291294055,cf5c8d9f52807cb2d2f0a0ff54c478da,5.0,1153232718,4061733015,2319785492,2018-08-24,delivered,6.9,9.0,9.182805318953369,credit_card,2.0,6.0,-36.0,0.0
3638196617,cf5c8d9f52807cb2d2f0a0ff54c478da,6.0,1153232718,2035165269,4124878543,2018-08-24,delivered,16.9,8.99,22.491218824682885,credit_card,2.0,6.0,-36.0,0.0
452433199,076dc4ca874b482e0fed6263b1ff1b5f,1.0,4110568236,3937564795,1073829281,2018-08-05,delivered,16.99,22.06,39.05,credit_card,3.0,8.0,-3.0,0.0
572058737,13ea512ec6905271a81b450e551b62a8,1.0,3161499389,3775222938,789128652,2018-07-30,delivered,174.0,21.86,195.86,credit_card,2.0,13.0,3.0,1.0
187570557,05e6d57ea1f64b4e9a0b37c669515cfc,1.0,1623854599,1292525242,635419832,2018-07-03,delivered,42.2,44.1,86.3,voucher,1.0,3.0,-17.0,0.0
3808075388,4fe8bf212087b2b27d2d5ca8bc866a74,1.0,4281220664,69730975,1140572287,2018-07-20,delivered,47.57,7.59,55.16,credit_card,3.0,4.0,-7.0,0.0
698992758,1fb40f920a832437e543e136c7a8b050,1.0,3568046523,1933041676,2368201577,2018-07-20,delivered,215.0,19.61,234.61,credit_card,3.0,6.0,-19.0,0.0
3559180085,4faf8ab696c7c0a09160d089d1e5a497,1.0,3119715937,101048405,2622583364,2018-07-04,delivered,106.0,37.65,143.65,boleto,1.0,16.0,-19.0,0.0
1201921143,a3a0548064c8724d07f841bbb1e256f1,1.0,1190573706,2955141554,1576479322,2018-08-15,delivered,132.3,19.03,151.33,credit_card,2.0,13.0,-3.0,0.0
2377715155,4f88a7f264d48920c4f0762d160212ca,1.0,1928757269,82888122,212815993,2018-08-02,delivered,114.99,8.23,123.22,credit_card,5.0,14.0,1.0,1.0
128240558,4f88a7f264d48920c4f0762d160212ca,2.0,1928757269,82888122,212815993,2018-08-02,delivered,114.99,8.23,123.22,credit_card,5.0,14.0,1.0,1.0
633861964,2b6bf03cc135cbab42df6a1c435d9319,1.0,531752219,3621970897,2622583364,2018-07-28,delivered,162.9,19.24,182.14,credit_card,2.0,11.0,-9.0,0.0
2688628622,77fbc4cdd3be2594cbb02bac5e3ce914,1.0,1226158240,3903637550,1393673581,2018-07-03,delivered,159.49,63.14,222.63,credit_card,10.0,7.0,-23.0,0.0
3191117641,e0657085c2b6297a32f39efa200cdf72,1.0,934034800,3220656970,2270995335,2018-08-04,delivered,18.98,7.39,0.0,unknown,0.0,3.0,-2.0,0.0
3366705047,1c0b41996d287cfa89739affd2df8033,1.0,1164277305,226581046,53223181,2018-08-06,delivered,31.99,7.48,39.47,credit_card,1.0,7.0,4.0,1.0
3012185129,d05843f19339db42477d8855fa69026d,1.0,1823630546,3470517503,1615213775,2018-07-20,delivered,56.1,13.97,70.07,credit_card,2.0,10.0,-4.0,0.0
4040919926,a48ee55f767e23ac20a70709cc399915,1.0,1184905731,302400981,2304947736,2018-08-16,delivered,49.0,15.44,64.44,credit_card,2.0,8.0,-10.0,0.0
2000677653,3475576ebe7b1d8daf3201dd20dbc98d,1.0,3461598204,3319043150,1868809992,2018-07-01,delivered,250.0,85.16,335.16,credit_card,1.0,10.0,-20.0,0.0
1134809146,ad18be9bebe6d2b6b02b38f8da9e08d3,1.0,641195986,4281572349,2507420777,2018-08-13,delivered,149.9,24.66,174.56,boleto,1.0,3.0,-14.0,0.0
2210441231,272cd23bc43dd9d5716b56378b446c8b,1.0,1645230692,2376052567,4270440653,2018-07-31,delivered,159.99,20.31,180.3,credit_card,2.0,8.0,-13.0,0.0
1068107836,3d7e1993e42f9030f3ef7129e930bb56,1.0,1025655555,2468509059,275494328,2018-08-13,delivered,384.99,59.18,444.17,credit_card,10.0,8.0,-21.0,0.0
3837334267,08db644c231a8d55a618af8c9f1280f0,1.0,4204973169,265130112,1579174796,2018-08-15,delivered,22.99,12.82,35.81,credit_card,3.0,7.0,-6.0,0.0
1004806714,0d898acc80d3c7a150bd832ac4050c81,1.0,889941882,799122612,1585314166,2018-08-15,delivered,49.9,15.45,65.35,boleto,1.0,12.0,-10.0,0.0
2289573616,8f35c9d6cb15b3bc14a4a88374c6d3d6,1.0,1157365979,419857868,355541326,2018-07-22,delivered,138.18,66.18,204.36,debit_card,1.0,10.0,-15.0,0.0
1533353208,5b663e8f6d7d1dd5c03c9fb203cb50ff,1.0,1490890286,174750780,523493826,2018-07-08,delivered,122.99,25.21,148.2,boleto,1.0,16.0,-12.0,0.0
23356180,052b00d65560313221c5692cdb22fcb3,1.0,4079822508,2919741735,2082347993,2018-07-11,delivered,169.99,26.17,196.16,credit_card,4.0,20.0,-6.0,0.0
439319145,77e6a10b9f7d2c7a06295e3098afac8c,1.0,3124302535,342956730,1968527714,2018-08-08,delivered,68.0,19.67,87.67,credit_card,4.0,7.0,-2.0,0.0
506158021,77e6a10b9f7d2c7a06295e3098afac8c,2.0,3124302535,342956730,1968527714,2018-08-08,delivered,68.0,19.67,87.67,credit_card,4.0,7.0,-2.0,0.0
2528340017,7384cdc62fcd832cd6c6026440c42821,1.0,47837853,3546837306,2722740119,2018-07-09,delivered,159.0,38.02,197.02,credit_card,2.0,15.0,-15.0,0.0
531258950,d43b5b8cc6cffeba0059ea1ee6528652,1.0,341109351,3677795901,4254278802,2018-07-09,delivered,99.0,15.79,114.79,credit_card,4.0,4.0,-12.0,0.0
3289220152,80c74a42dcbd6a54b9a563012dc17eca,1.0,2847240372,2659041020,4124878543,2018-08-06,delivered,135.0,31.82,166.82,credit_card,3.0,9.0,-15.0,0.0
1588287005,8adf9a2797120df1f8a03e9407313a9d,1.0,4152490739,457248455,1868809992,2018-08-10,delivered,150.0,28.03,178.03,credit_card,3.0,13.0,-5.0,0.0
1508942256,23c8185c60bb06f217a2437ffc73e45f,1.0,3549435499,1720672794,2912449268,2018-07-01,delivered,88.0,7.88,95.88,boleto,1.0,5.0,-12.0,0.0
1870422492,23c8185c60bb06f217a2437ffc73e45f,2.0,3549435499,1720672794,2912449268,2018-07-01,delivered,88.0,7.88,95.88,boleto,1.0,5.0,-12.0,0.0
2196427675,43050a51a257b17d51295e07650cb654,1.0,2894685854,3975056712,2304947736,2018-08-16,delivered,49.0,7.6,56.6,boleto,1.0,6.0,-5.0,0.0
2993126630,4edf2392a7d2397850d5c53a1df11921,1.0,2934616820,126915598,3115096273,2018-07-18,delivered,118.99,27.13,0.0,unknown,0.0,12.0,-7.0,0.0
3865613186,b523ce1995c46d7ad970da56cbf867e1,1.0,2301770795,1640177370,4109428959,2018-07-20,delivered,10.87,13.54,22.040721997300945,credit_card,1.0,17.0,-14.0,0.0
4042831166,b523ce1995c46d7ad970da56cbf867e1,2.0,2301770795,2078961553,4109428959,2018-07-20,delivered,18.77,16.92,38.05927800269905,credit_card,1.0,17.0,-14.0,0.0
2018336420,890c646ac2f95965fe8b02b81cfcdc5b,1.0,1412492380,302400981,2304947736,2018-08-04,delivered,49.0,7.6,56.6,credit_card,3.0,3.0,-2.0,0.0
3740157657,1a48f3d99685123b98d34bcb7337810f,1.0,1546197554,2839989663,3131976384,2018-08-10,delivered,89.99,23.43,113.42,credit_card,8.0,5.0,-4.0,0.0
2128017632,70669aed7ddba4c10b2243a0634069f5,1.0,9868335,712839156,375847922,2018-08-18,delivered,180.0,16.33,196.33,credit_card,5.0,9.0,-6.0,0.0
3555907100,cb38a96792763020d1c6a3f5e3073026,1.0,1282264207,517539083,1017497319,2018-08-03,delivered,37.0,7.52,44.52,boleto,1.0,3.0,-6.0,0.0
1616043643,50464b5c4c37ca488dd7857dbaff4840,1.0,2546045772,271482854,2622583364,2018-08-05,delivered,159.9,19.86,172.48167194928686,credit_card,3.0,9.0,-9.0,0.0
3944546887,50464b5c4c37ca488dd7857dbaff4840,2.0,2546045772,1434452972,2622583364,2018-08-05,delivered,344.9,19.86,372.0383280507131,credit_card,3.0,9.0,-9.0,0.0
3187133620,c14d2e12b876b00738f6c4ae6329e1dc,1.0,2084815944,763667658,1203697143,2018-08-27,delivered,12.88,7.39,20.27,credit_card,1.0,2.0,-7.0,0.0
1999678079,55cae94920fc56b51f65ea17a94348e5,1.0,1085400083,412877893,1276368770,2018-07-31,delivered,127.27,20.08,147.35,boleto,1.0,21.0,-10.0,0.0
4281089243,5d971e980c1ac22c7eea39b173d48679,1.0,4031732347,2594868280,1921184264,2018-08-07,delivered,129.99,23.71,153.7,credit_card,3.0,12.0,-14.0,0.0
1281306585,9d83685f52030d78be6112d861500ccf,1.0,626824354,3547120064,1728046229,2018-08-06,delivered,26.5,7.45,33.95,credit_card,3.0,2.0,-1.0,0.0
2187761032,82e4be23c247d0fe56f0fb757a26ccd4,1.0,2125802574,775957169,1544198991,2018-07-06,delivered,49.0,15.44,64.44,credit_card,1.0,7.0,-12.0,0.0
3949120106,809d874fcf0f3327664fd7eefe923676,1.0,546601352,1529402584,3522250725,2018-08-24,delivered,45.97,23.12,69.09,credit_card,3.0,4.0,-6.0,0.0
2539155091,a559cc2d2bc89f9eac193ae83969579e,1.0,513260810,3381232156,3526770996,2018-07-05,delivered,27.9,9.13,37.03,credit_card,1.0,4.0,-23.0,0.0
2682988439,545e4aeec01e2675dd302bbd4c5cd606,1.0,701896135,1277571969,1763790356,2018-08-06,delivered,170.0,30.44,200.44,credit_card,7.0,10.0,-14.0,0.0
6387360,417e44a3df3ce085aeafc1976354af8e,1.0,3356269106,2116048782,4055463965,2018-08-04,delivered,22.32,50.88,73.2,boleto,1.0,17.0,-13.0,0.0
3026584431,dd26c70e6896e3faa053b43b35ba8330,1.0,3394971419,3900992226,1765806340,2018-07-26,delivered,119.9,30.64,150.54,boleto,1.0,6.0,-14.0,0.0
3680822162,15a5c3e66605b949f4fc77d747f8003d,1.0,1344587412,2819724593,1008270582,2018-08-01,delivered,72.0,23.3,95.3,credit_card,1.0,6.0,-14.0,0.0
588359791,416c0517339b4d34deb72cb7adfd908e,1.0,2359741493,457248455,1868809992,2018-07-26,delivered,150.0,16.35,166.35,credit_card,3.0,5.0,-8.0,0.0
2957339971,96a5fb2398277bfb8d2854443ac8bd26,1.0,4261827124,1146027608,328755463,2018-07-29,delivered,136.9,18.99,155.89,credit_card,1.0,3.0,-27.0,0.0
987464609,e23156a0a06f554615d0ea438a5914d0,1.0,1609488664,4052563111,2826113646,2018-07-01,delivered,855.0,19.33,874.33,credit_card,1.0,3.0,-29.0,0.0
4102341894,27f77f464517bf38aeed1e2f4ddaba87,1.0,3643832623,2467692187,196831707,2018-07-23,delivered,265.0,134.59,399.59,credit_card,1.0,8.0,-12.0,0.0
3700083316,e21eee73ab66fa66d563ed4ceff5f0a7,1.0,2692681425,1516484734,3383264847,2018-08-07,delivered,78.0,44.35,122.35,credit_card,6.0,10.0,-5.0,0.0
2343189727,a57f69a30b656e82f1c0a04f0f644e34,1.0,1925099267,3550898543,791135922,2018-08-04,delivered,108.9,15.68,0.0,unknown,0.0,4.0,-6.0,0.0
1090923911,5000d08e089db4f432f3982d25f483de,1.0,1847552734,251415224,1423184178,2018-07-01,delivered,135.0,19.05,154.05,credit_card,5.0,8.0,-17.0,0.0
725689497,892bc6b7b20e6f3955f2c64cfacac80f,1.0,525149159,4055862979,900310379,2018-07-14,delivered,58.0,15.48,73.48,voucher,1.0,6.0,-9.0,0.0
1992946844,a5bc76cff5020a123d1fdbbf26e06774,1.0,3326000208,3569719807,3147574442,2018-07-04,delivered,149.0,44.84,193.84,credit_card,4.0,6.0,-21.0,0.0
3285896830,5d052bba15113c0ee4700d9916844605,1.0,297898504,1073554431,1210503633,2018-07-16,invoiced,799.0,94.16,893.16,boleto,1.0,,,
1393254423,ba7cd78ca5cc6ad6a8aa23fd95de7f6b,1.0,2488940203,3268497982,740847726,2018-08-07,delivered,19.0,19.04,38.04,credit_card,3.0,13.0,-9.0,0.0
1876461368,1911d0f0f31e05d14c9e1f82c069f550,1.0,3289843925,174750780,523493826,2018-07-07,delivered,122.99,30.11,153.1,credit_card,8.0,15.0,-8.0,0.0
515342914,b94ed56e7cf14b4a7e4b2deb37eb7344,1.0,1396887174,1372834044,2622583364,2018-08-09,delivered,287.0,20.11,307.11,credit_card,2.0,7.0,-19.0,0.0
2912722812,88765c7c25c8dd40cefcd887f3c8cd8e,1.0,1659272707,3674741738,2580370799,2018-07-10,delivered,184.9,34.67,219.57,credit_card,2.0,13.0,-22.0,0.0
2871216414,34a114524c5f794047b202c0c85f3a17,1.0,1939655133,689092742,1379301944,2018-07-19,delivered,71.95,13.16,85.11,credit_card,1.0,14.0,-4.0,0.0
2098706400,bedcad246f8051ae66375615a3824588,1.0,4079428112,764197036,3485175421,2018-07-26,delivered,93.0,19.84,112.84,boleto,1.0,7.0,-13.0,0.0
3491879184,d225169bf3bcbe1def3db868a96d69b4,1.0,2804231746,1205223205,3103215707,2018-07-30,delivered,259.99,19.92,279.91,boleto,1.0,8.0,-8.0,0.0
3716922374,a5543e119a631f1be4191fbc2c5e1e07,1.0,1232427765,3975056712,2304947736,2018-08-15,delivered,49.0,19.25,68.25,boleto,1.0,7.0,-18.0,0.0
187641617,176e0d39e50430555a62ad6d1bb9c25b,1.0,3416443779,4081015769,2304947736,2018-07-29,delivered,44.0,15.41,59.41,credit_card,1.0,4.0,-25.0,0.0
1791097892,b28a856ec450375c2c61dfb94250fbb0,1.0,1566757176,3147219409,2060950116,2018-08-02,delivered,68.0,34.78,102.78,credit_card,8.0,5.0,-1.0,0.0
3332218031,cd4669d3b4eb487d41fc3919a3b1b8b6,1.0,452267362,2501360931,1350631362,2018-08-02,delivered,125.6,15.98,141.58,boleto,1.0,6.0,-6.0,0.0
2423880336,984e49046d60b48b8253d5147b886e1b,1.0,3576817271,1833301599,581044507,2018-08-06,delivered,110.65,18.88,129.53,boleto,1.0,16.0,-6.0,0.0
2400211008,2d2e008f58649a2e2e37304de7fa1ebc,1.0,2562937848,3038033514,2622583364,2018-07-30,delivered,259.9,14.48,274.38,credit_card,2.0,4.0,-7.0,0.0
3434303707,1e55e0ca5a1ec21cc2073bf3df3e2f30,1.0,873877987,587036,1696683105,2018-08-14,delivered,19.95,18.24,38.19,boleto,1.0,6.0,-38.0,0.0
2603941325,41ceb5b3a356a7bc6f668f28ba4d38c1,1.0,2119568116,2372933516,4086780073,2018-08-22,delivered,109.0,24.84,133.84,credit_card,1.0,7.0,-8.0,0.0
2947081073,41ceb5b3a356a7bc6f668f28ba4d38c1,2.0,2119568116,2372933516,4086780073,2018-08-22,delivered,109.0,24.84,133.84,credit_card,1.0,7.0,-8.0,0.0
374360831,33cf56f1cedf4fac342de6f1befaab1e,1.0,2426226618,2808876579,519564207,2018-07-21,delivered,135.0,12.68,147.68,credit_card,3.0,3.0,-7.0,0.0
1445172435,655ad03e23e4483c96fdd1139788fee9,1.0,2662461555,2611167166,3773013363,2018-08-01,delivered,120.0,9.59,129.59,credit_card,4.0,1.0,-3.0,0.0
2273086473,a2e1586a9d74f3d08df52b4eea515b6c,1.0,2933570461,1395334130,1350631362,2018-07-28,delivered,41.79,27.57,69.36,credit_card,1.0,4.0,-34.0,0.0
4210840135,543cca75b036b547b2b025a1d896895f,1.0,2073212143,584930420,1659506471,2018-07-23,delivered,45.99,16.51,62.5,credit_card,1.0,8.0,-13.0,0.0
2417301034,1cc625f985bb32e5e4d51ebd1914c21e,1.0,1251753920,3426361346,2526411072,2018-08-07,delivered,13.0,18.23,31.23,credit_card,1.0,2.0,-12.0,0.0
1393358902,3ed2950dfab630fa5008f66a0ebbae10,1.0,2256446470,1843120919,4185397625,2018-07-15,delivered,30.0,14.52,44.52,boleto,1.0,7.0,-7.0,0.0
3394845868,5bf079ceca716eef6cac727c16bc0a15,1.0,1867980673,3379495473,1868809992,2018-07-28,delivered,120.0,23.55,143.55,credit_card,3.0,3.0,-6.0,0.0
4078045957,cb82043e13f8881ba28bd6586112e3f5,1.0,1849648937,1555944355,4036656285,2018-07-04,delivered,106.0,10.05,116.05,credit_card,1.0,6.0,-13.0,0.0
1312276353,4e8df4f2ecd486fc4854a0c424593079,1.0,2832904255,2357071113,357383673,2018-07-22,delivered,129.9,20.47,150.37,credit_card,1.0,26.0,3.0,1.0
3049980098,1b9b1209ee112e9b2276c880746615e4,1.0,2249219764,1540273529,471171552,2018-08-02,delivered,89.9,11.65,101.55,credit_card,1.0,1.0,-6.0,0.0
850612640,4ea741e30080ceba74e43520b2a0a55a,1.0,2044341770,2568758405,2686156039,2018-07-15,delivered,16.9,18.23,35.13,credit_card,1.0,23.0,4.0,1.0
436328229,327511e31bd17e390fa2ce6ed4a64535,1.0,2119390032,492344259,2857842454,2018-07-24,delivered,775.0,23.53,798.53,credit_card,10.0,3.0,-14.0,0.0
1707538685,67e9f4fd5900a3bedf11fd772b376528,1.0,2203897047,1987467896,3142385061,2018-08-01,delivered,129.9,20.86,150.76,boleto,1.0,14.0,-8.0,0.0
66838448,67e9f4fd5900a3bedf11fd772b376528,2.0,2203897047,1987467896,3142385061,2018-08-01,delivered,129.9,20.86,150.76,boleto,1.0,14.0,-8.0,0.0
943766741,67e9f4fd5900a3bedf11fd772b376528,3.0,2203897047,1987467896,3142385061,2018-08-01,delivered,129.9,20.86,150.76,boleto,1.0,14.0,-8.0,0.0
1566117763,6fbb3d20bfc2d3afdc6478057599ea2c,1.0,1403865952,1880950498,2023461531,2018-08-24,delivered,24.99,18.28,43.27,boleto,1.0,6.0,-7.0,0.0
496494032,6fbb3d20bfc2d3afdc6478057599ea2c,2.0,1403865952,1880950498,2023461531,2018-08-24,delivered,24.99,18.28,43.27,boleto,1.0,6.0,-7.0,0.0
3954075959,45381c01fd8a0e60c741a9cf4736ebbb,1.0,2973856149,1285918473,3972193987,2018-07-24,delivered,24.9,18.27,43.17,credit_card,1.0,16.0,-4.0,0.0
3198127883,d7f71d136da2fa678c39380a22d117df,1.0,1709929621,565316414,4046891945,2018-08-26,delivered,18.63,15.86,27.934736345033844,credit_card,1.0,4.0,-12.0,0.0
179849421,d7f71d136da2fa678c39380a22d117df,2.0,1709929621,152850452,1925879045,2018-08-26,delivered,44.9,15.87,67.32526365496615,credit_card,1.0,4.0,-12.0,0.0
4161266146,28bfa0968ea8dceb17513700ddfc0745,1.0,4248832094,825501473,4220048581,2018-08-01,delivered,217.32,34.6,251.92,credit_card,4.0,4.0,-3.0,0.0
344214967,7fb2f6ef625bf7ef303f984bd8cd2267,1.0,4174874636,2746034656,261066546,2018-07-21,delivered,118.7,15.93,134.63,credit_card,3.0,3.0,-26.0,0.0
1918578965,412ccedb685110d6be9fc7ac4a07dc2a,1.0,1554650204,3384882695,1276368770,2018-07-09,delivered,232.75,24.43,257.18,credit_card,5.0,11.0,-10.0,0.0
3285115679,c0c3609df099c79f1f6d894143767ca0,1.0,3526166714,3982777371,2348996115,2018-08-14,delivered,25.0,13.52,38.52,credit_card,3.0,6.0,-14.0,0.0
4294902807,286dbc475e52044b50f115b01621cd64,1.0,3531051853,2180966775,3996093901,2018-08-14,delivered,39.0,17.2,56.2,credit_card,1.0,8.0,-15.0,0.0
1425652314,2000818e65ff6ebca35463a38c0fb42a,1.0,1419450297,3606161472,989903952,2018-07-01,delivered,53.9,19.57,73.47,credit_card,4.0,5.0,-23.0,0.0
3934774471,2000818e65ff6ebca35463a38c0fb42a,2.0,1419450297,3606161472,989903952,2018-07-01,delivered,53.9,19.57,73.47,credit_card,4.0,5.0,-23.0,0.0
593492199,553682ad4457471eb0db66f89c9bedd5,1.0,3042161033,2990750426,1018258220,2018-07-31,delivered,110.65,22.71,133.36,credit_card,2.0,7.0,-15.0,0.0
2665843150,0afd81117f1c67a42890fb705304cb8d,1.0,397081313,2978054171,4185397625,2018-07-10,delivered,75.0,36.61,111.61,credit_card,1.0,3.0,-13.0,0.0
4023132839,0afd81117f1c67a42890fb705304cb8d,2.0,397081313,2978054171,4185397625,2018-07-10,delivered,75.0,36.61,111.61,credit_card,1.0,3.0,-13.0,0.0
1611052058,30e1842e97acf7abf6d5f3d36ecedd7c,1.0,3071960489,1916995752,1562587860,2018-08-13,delivered,122.99,15.96,138.95,credit_card,3.0,4.0,-11.0,0.0
845740379,621e872311397c42f0b553c82785d56e,1.0,2666342736,50927214,3777428918,2018-07-27,delivered,27.19,15.29,42.48,credit_card,1.0,10.0,-10.0,0.0
957103483,bc0198f5ae1390929c3106becf240aae,1.0,2469747984,2757870885,2404857819,2018-08-17,delivered,150.0,28.0,178.0,credit_card,9.0,6.0,-14.0,0.0
3103673766,0acc21fa1eb63678e12042b84f8f9d49,1.0,3104717753,27743812,2348458789,2018-08-23,delivered,41.99,18.39,60.38,credit_card,2.0,6.0,-20.0,0.0
2840741032,cd974875c10f96dfe6a717e02c625feb,1.0,2845821081,2469503104,3614407021,2018-08-05,delivered,550.0,122.93,0.0,unknown,0.0,15.0,-14.0,0.0
891796992,ba84f6aec57aa48ee3eb1b97964354e5,1.0,3611007666,3343551711,2089148942,2018-08-21,delivered,34.9,18.01,52.91,credit_card,8.0,2.0,-3.0,0.0
737577583,ba84f6aec57aa48ee3eb1b97964354e5,2.0,3611007666,3343551711,2089148942,2018-08-21,delivered,34.9,18.01,52.91,credit_card,8.0,2.0,-3.0,0.0
3995494842,6ff0c72cd26c7ea730935abff483f2e8,1.0,3409205106,3422626364,730094745,2018-08-04,delivered,32.0,22.98,54.98,credit_card,2.0,11.0,-15.0,0.0
1098605363,4d7dc7fe5a388ead18c9355d74c49998,1.0,3430686760,947997231,523493826,2018-08-21,delivered,64.99,9.15,74.14,credit_card,3.0,3.0,0.0,0.0
2201504715,12fb2d2b590f7359e3b473456bd1ca87,1.0,1104567803,3072538407,1919968767,2018-07-04,delivered,110.32,8.03,118.35,credit_card,1.0,8.0,-7.0,0.0
873270973,12fb2d2b590f7359e3b473456bd1ca87,2.0,1104567803,3072538407,1919968767,2018-07-04,delivered,110.32,8.03,118.35,credit_card,1.0,8.0,-7.0,0.0
1552319065,62d3343ff5b8b9b2465b68369d7dce80,1.0,1092686905,263981329,726665638,2018-07-03,delivered,329.9,37.85,367.75,credit_card,3.0,7.0,-8.0,0.0
595989126,48af7589aa4fbcb01531df8c9b510e91,1.0,3495262606,1542620785,897947394,2018-08-04,delivered,364.0,31.8,395.8,credit_card,6.0,12.0,-7.0,0.0
1585820346,d836fc392b89243c807bf3366c68fbee,1.0,1968265812,754730358,3485175421,2018-07-03,delivered,65.1,18.56,83.66,credit_card,1.0,10.0,-12.0,0.0
927906227,33df8843af208f8c4418211eaa6af067,1.0,1797741269,2687803550,3115096273,2018-07-22,delivered,28.8,16.39,45.19,credit_card,1.0,8.0,-7.0,0.0
1683420250,1c958182f10d6fcbac7728c8d3a151f1,1.0,3233321312,1999217009,1615213775,2018-07-23,delivered,52.58,52.72,105.3,credit_card,5.0,9.0,-13.0,0.0
1224761061,b4667cd2edff64c10f3994c1395c3e3a,1.0,2341229400,2525222318,2395580491,2018-07-30,delivered,199.0,19.19,218.19,credit_card,1.0,6.0,-2.0,0.0
875460506,0cc7bb57999d251da473822051388086,1.0,2599209607,1256282933,3267334493,2018-08-08,delivered,44.99,7.58,52.57,credit_card,1.0,8.0,2.0,1.0
188343521,c863a49cb9cb9a145f7d39a575866b44,1.0,1349417199,1024626106,2465488481,2018-08-04,delivered,51.99,13.94,65.93,credit_card,3.0,9.0,-1.0,0.0
2704311241,bd8d8c966c76e7dc0c5da96656641c7f,1.0,87474862,531630111,3667124800,2018-07-04,delivered,64.9,18.55,83.45,boleto,1.0,9.0,-18.0,0.0
2250417755,69c6be5f48a1dd84aa79f4ed149dbb30,1.0,180590159,2662709345,4034608229,2018-08-14,delivered,76.0,23.33,99.33,credit_card,4.0,5.0,-25.0,0.0
3985969683,30df6364a7029642408b5fbf8556ef21,1.0,1583392061,2338770647,3094387524,2018-08-02,delivered,69.9,21.13,91.03,credit_card,8.0,5.0,-9.0,0.0
4046422077,40100562b4c65bc39a1feee1c171bb12,1.0,3334786068,2184882008,2304947736,2018-07-05,delivered,45.0,7.58,52.58,boleto,1.0,5.0,-7.0,0.0
2296280423,389ac865e327bd982cf1101e0a77ff34,1.0,3669018316,592096461,2304947736,2018-07-06,delivered,78.0,18.65,96.65,credit_card,1.0,7.0,-17.0,0.0
758484308,5f660ee09541ecf33aebf89fb061c4d9,1.0,3718755069,1277571969,1763790356,2018-07-25,delivered,170.0,24.34,194.34,boleto,1.0,20.0,-7.0,0.0
2371211334,3fde112fae2a4b90630f8832455a5dc7,1.0,417961851,2790564160,60670679,2018-07-18,delivered,92.0,14.22,106.22,boleto,1.0,8.0,-6.0,0.0
4140458365,119da8fe76c893e189ee759f82bbc8d6,1.0,3539329591,389406114,2636346249,2018-07-16,delivered,34.99,7.47,43.71851227249959,credit_card,7.0,3.0,-5.0,0.0
3551546708,119da8fe76c893e189ee759f82bbc8d6,2.0,3539329591,649610005,642218148,2018-07-16,delivered,24.9,7.47,31.11148772750041,credit_card,7.0,3.0,-5.0,0.0
807540387,e151550ba97ec3c6c86f7de205371930,1.0,1007721672,3918492844,596468350,2018-08-19,delivered,69.0,14.79,83.79,credit_card,7.0,3.0,-5.0,0.0
1707841459,e151550ba97ec3c6c86f7de205371930,2.0,1007721672,1606021006,596468350,2018-08-19,delivered,69.0,14.79,83.79,credit_card,7.0,3.0,-5.0,0.0
4267321006,b4b1ec9a9f24d8db544120456a3a2f12,1.0,1175955272,200348812,1823190993,2018-07-27,delivered,2258.0,46.68,2304.68,credit_card,10.0,14.0,-14.0,0.0
2579025386,c8f48cead5aa6153ed4e86436420bf34,1.0,147343937,2200745472,2629314654,2018-07-21,delivered,17.99,18.23,36.22,voucher,1.0,9.0,-10.0,0.0
1992298906,304a4fbceef32e618552f501e27d5412,1.0,2587306240,2952777915,2622583364,2018-08-10,delivered,145.0,37.93,182.93,credit_card,6.0,12.0,-27.0,0.0
3624860959,a57f58fe155a76bf2ff1401b04a7ab33,1.0,3725061025,155491904,2204324850,2018-08-14,delivered,22.9,19.99,42.89,boleto,1.0,10.0,-26.0,0.0
826694008,18995b654ef8f346243a4a9e0b278164,1.0,4154131451,1061787668,854910483,2018-07-31,delivered,115.99,22.11,138.1,credit_card,6.0,4.0,-10.0,0.0
538832975,c314dee9e9d49560087a6ccb64ea5850,1.0,676625168,4147525808,179864683,2018-07-31,delivered,101.0,9.46,110.46,credit_card,1.0,3.0,-10.0,0.0
33669033,9c8e60a3e496cdf773216fa56215dd47,1.0,3526365573,1705603150,1622838244,2018-08-08,delivered,99.99,19.89,119.88,debit_card,1.0,6.0,-13.0,0.0
1578294442,42845ec86a155bf18a11b8be59fa8442,1.0,3847972265,3457465636,3247263560,2018-08-23,delivered,39.9,8.44,48.34,credit_card,1.0,4.0,-2.0,0.0
3443095919,5d8ba2d50439f73f0f7a301864eba3f6,1.0,4184020096,1609832469,2331236160,2018-08-06,delivered,34.95,15.35,50.3,credit_card,1.0,9.0,-7.0,0.0
2218958945,c4a40587b7d37bec13caab195e89b240,1.0,3628601414,4294399807,2308685613,2018-08-20,delivered,82.49,8.74,0.0,unknown,0.0,3.0,0.0,0.0
2076956408,7eae91392531d2ea7d65b484173ea85b,1.0,1247979124,2254317077,412617711,2018-08-23,delivered,99.9,27.0,126.9,boleto,1.0,7.0,-15.0,0.0
3382006527,20a0f3d89273ba4b9525ba497e2821e8,1.0,1608775346,2067738168,1755005248,2018-08-08,delivered,99.9,27.0,126.9,credit_card,3.0,5.0,-6.0,0.0
2043118652,9a5e2e79294284216bd97c19ba039cfe,1.0,553512204,1672925611,854629258,2018-07-29,delivered,74.99,17.16,92.15,credit_card,1.0,3.0,-8.0,0.0
3188527451,84c8e85801737b1626fa898ede7682b0,1.0,684655254,1999217009,1615213775,2018-07-15,delivered,52.58,28.57,72.06736955037549,credit_card,3.0,10.0,-13.0,0.0
82937916,84c8e85801737b1626fa898ede7682b0,2.0,684655254,2950671571,3734320862,2018-07-15,delivered,49.95,9.43,68.4626304496245,credit_card,3.0,10.0,-13.0,0.0
4277218637,4dc251eada0b46c0274a07e01d28b074,1.0,1186736588,678160341,2047495738,2018-07-20,delivered,19.9,15.24,35.14,credit_card,1.0,5.0,-8.0,0.0
504614695,09195dded6636223b79ba89aa778d5fb,1.0,727400257,889429523,1082701225,2018-08-14,delivered,87.99,9.37,97.36,credit_card,1.0,2.0,-8.0,0.0
1218183198,a2b932dba58739e74b19e8216b7de165,1.0,983497144,945283945,2775148626,2018-08-05,delivered,19.49,18.24,37.73,credit_card,1.0,4.0,-12.0,0.0
3849511435,396af24f9fbfbbb946c61236fa1cf895,1.0,449848504,3423833675,3402353270,2018-07-22,delivered,247.99,16.84,264.83,credit_card,2.0,4.0,-14.0,0.0
4158732451,b74a684e587b26938063adffbe35f41d,1.0,776725500,1630069179,4193115790,2018-07-01,delivered,329.9,90.98,420.88,credit_card,2.0,9.0,-21.0,0.0
451131851,6f019df1013d847952dafbd0abc55c94,1.0,4274015862,433092044,1734769477,2018-08-08,delivered,29.9,7.47,37.37,boleto,1.0,6.0,-3.0,0.0
2646899694,0fa0372b06bb8a9e774500bd29dab06e,1.0,191353298,2856380423,1579174796,2018-07-30,delivered,19.99,12.8,32.79,credit_card,1.0,7.0,-3.0,0.0
564777064,0eedbfca467b1eca111793663c125e30,1.0,2035321470,3369083766,4127892903,2018-07-23,delivered,62.5,23.24,85.74,credit_card,5.0,7.0,-15.0,0.0
4283074647,c1dcb1e220fb7a81105d999aac3e0b2f,1.0,1971967733,2928164159,9861004,2018-07-13,delivered,49.91,12.0,61.905,boleto,1.0,12.0,-22.0,0.0
977685818,c1dcb1e220fb7a81105d999aac3e0b2f,2.0,1971967733,2928164159,9861004,2018-07-13,delivered,49.91,12.0,61.905,boleto,1.0,12.0,-22.0,0.0
363028379,be597ae2dfc955f581832e7430e7e293,1.0,2407343460,1528604297,989903952,2018-07-14,delivered,59.9,19.61,79.51,credit_card,7.0,11.0,-11.0,0.0
785614418,7796f39e1b16dacb03e333547d3c2252,1.0,2966096122,2952777915,581044507,2018-08-09,delivered,146.01,39.99,186.0,boleto,1.0,8.0,-41.0,0.0
3996578101,de6ecf700b95b7b8f6d4dbea03fd56dc,1.0,530386572,3201228581,926823165,2018-07-19,delivered,19.9,15.24,35.14,credit_card,1.0,7.0,-11.0,0.0
3078775155,1046c724dec8bc31545703d07c378073,1.0,3531307440,3253899536,2239740143,2018-07-14,canceled,23.99,7.43,31.42,voucher,1.0,,,
3834695790,8ef062e9948e67edc62732a2709ec7b3,1.0,3688232376,818561453,357383673,2018-07-07,delivered,139.9,20.54,160.44,credit_card,2.0,5.0,-20.0,0.0
184233902,8c7743df5e89b7178ace0e9b7afe5208,1.0,2385399319,3926824611,1919968767,2018-08-09,delivered,95.0,13.33,108.33,credit_card,2.0,13.0,-6.0,0.0
1475632612,957109fd6a6321b74f0d9cf8969aff76,1.0,2554202022,2658349128,2775148626,2018-07-14,delivered,56.0,8.55,64.55,credit_card,1.0,6.0,-5.0,0.0
2911246015,14a915a594225cec76a7c3628517a64a,1.0,2520659247,3487317386,2060950116,2018-07-05,delivered,299.0,43.39,342.39,credit_card,6.0,7.0,-15.0,0.0
46701760,68f4e47ec61d740cefae31e2f624932b,1.0,3229212106,1946620239,3103215707,2018-08-17,delivered,64.9,11.71,76.61,credit_card,5.0,7.0,-7.0,0.0
3201647206,a1265981979b87cfa507c10b94d1931c,1.0,3734163530,3983869181,1134489473,2018-08-21,delivered,19.99,18.24,0.0,unknown,0.0,6.0,-7.0,0.0
1562625635,5e9b9294ffca7bfd51b94fd80d4d99af,1.0,586159246,3393768191,2775148626,2018-08-16,delivered,19.9,7.4,27.3,boleto,1.0,6.0,-2.0,0.0
3694325189,88b27cca63e8b8a0a52eabd8e17cd52c,1.0,4208177238,3918492844,596468350,2018-08-13,delivered,69.0,14.79,83.79,credit_card,3.0,10.0,-4.0,0.0
1619208274,92f53cdbef0f16b315c62faa337c4672,1.0,2559698462,1159501270,1868809992,2018-07-24,delivered,150.0,28.03,178.03,credit_card,4.0,6.0,-13.0,0.0
920936884,060b8f810cc106b90824b59a26ceb0db,1.0,4181919261,3533600446,2911155692,2018-07-04,delivered,149.9,27.35,177.25,credit_card,4.0,9.0,-18.0,0.0
2999031795,dcfe9b5776f30f14bdb7c5505d269c08,1.0,3204104906,722444432,2804246847,2018-08-08,delivered,59.9,17.35,77.25,credit_card,3.0,5.0,-7.0,0.0
1216187745,17295d6651c53865e020aa846be5ce3f,1.0,1031679189,2196717860,735078274,2018-08-03,delivered,201.9,10.16,212.06,boleto,1.0,21.0,3.0,1.0
1190873515,80857379baf9c428499c9de7712d6503,1.0,186038099,3309782573,2526411072,2018-08-21,delivered,33.0,12.89,45.89,credit_card,1.0,6.0,-3.0,0.0
1882851606,39847297a2eb4f18d407cb1fa8a06867,1.0,2796905012,3574529082,2023461531,2018-08-09,delivered,49.99,13.01,63.0,credit_card,2.0,11.0,-1.0,0.0
391481615,a9b95188aba6b5eae1ff1239714f3847,1.0,3831274640,1060521812,2636346249,2018-08-07,delivered,24.99,18.99,43.98,credit_card,1.0,8.0,-22.0,0.0
3388433389,43e72a87fc0004d7ada32e7c5d72e063,1.0,2591011516,1234229954,549759410,2018-07-07,delivered,16.5,7.39,23.89,credit_card,2.0,3.0,-12.0,0.0
1372766771,bf2b54be17b7da2c70dc289ff2ee16a9,1.0,218003122,619915650,3280936577,2018-08-23,delivered,118.99,8.09,127.08,credit_card,2.0,4.0,-3.0,0.0
3470998864,7319603b942779e409adfcfb0759e351,1.0,1440229333,2883264907,4197047986,2018-07-10,delivered,109.99,8.93,0.0,unknown,0.0,5.0,-3.0,0.0
2861488721,2e9eb4c2f3b354abe0e2c0f0e1d528d6,1.0,3638749615,3562960327,3726490712,2018-08-18,delivered,89.8,41.27,131.07,credit_card,9.0,6.0,-5.0,0.0
2002138878,85755a53293260a175624f3ee95afad7,1.0,3276964856,486554141,47085388,2018-08-21,delivered,45.0,17.25,62.25,credit_card,2.0,3.0,-10.0,0.0
4030224968,3cd1fc00785c7052ace31b764290e42c,1.0,3747563948,882805153,292598503,2018-07-31,delivered,69.97,19.68,89.65,credit_card,8.0,6.0,-3.0,0.0
3567736133,2c313debfbfb2b44f91ae0431823ccb4,1.0,132596699,4036432143,1504971264,2018-07-18,delivered,141.38,14.57,155.95,credit_card,4.0,4.0,-9.0,0.0
837975998,d946899ce911ebb570750e694994f812,1.0,2215966448,3450355056,3115096273,2018-07-03,delivered,51.0,23.08,74.08,credit_card,3.0,18.0,-9.0,0.0
2853354281,b6fe88f4f585c944818db94f580332f9,1.0,1235910120,3652481177,4120033478,2018-07-13,delivered,249.9,20.94,270.84,credit_card,8.0,7.0,-17.0,0.0
3003752094,5f72c8b02beaa8a1bc3fd79ea75384e9,1.0,510379372,632933074,2304947736,2018-08-20,delivered,49.0,18.44,67.44,credit_card,5.0,7.0,-15.0,0.0
610440148,b72f2809724c9676ae9bc68a12d9626d,1.0,2434440001,3702782835,2487708955,2018-08-19,delivered,399.0,115.15,514.15,credit_card,2.0,9.0,-13.0,0.0
4096598103,cf19b9eddcef18fed0071f773887b1e6,1.0,2487346931,1505019510,1027933367,2018-08-03,delivered,40.0,15.38,55.38,credit_card,1.0,7.0,-9.0,0.0
3370786221,5af2ccecee36c806f9dd2b49c3a8d09a,1.0,3052618157,1910918092,1696761601,2018-08-04,delivered,33.9,18.34,52.24,boleto,1.0,9.0,-16.0,0.0
1146872911,c2eddb0c2651699e1839ee701627449f,1.0,1801792999,2591481459,375847922,2018-07-19,delivered,180.0,24.41,204.41,credit_card,10.0,8.0,-20.0,0.0
4149356329,99d834a0bb72d31e3d0af9bcfe70f175,1.0,297736982,1277571969,1763790356,2018-08-12,delivered,199.0,15.84,214.84,credit_card,4.0,5.0,-20.0,0.0
453084897,4948f06b894477c108c871a15fd4f1d6,1.0,419138716,1293382043,3407345359,2018-07-21,delivered,53.0,19.56,72.56,credit_card,2.0,9.0,-14.0,0.0
1769393601,633f58f88ccc534bb2b5bde5459217bf,1.0,3081548627,899860769,53223181,2018-07-24,delivered,29.9,7.47,37.37,credit_card,1.0,2.0,-5.0,0.0
2322378430,a3fcdd0dc6c0b942d30aa09a4103f7b5,1.0,1960932417,1025416061,817387091,2018-08-22,delivered,66.9,14.78,81.68,boleto,1.0,8.0,-1.0,0.0
1269392738,169ec5c8e238376cc87f2984cb173f1e,1.0,2544893373,3820224269,454861529,2018-08-03,delivered,28.63,15.3,43.93,credit_card,1.0,12.0,-5.0,0.0
3796950878,169ec5c8e238376cc87f2984cb173f1e,2.0,2544893373,3820224269,454861529,2018-08-03,delivered,28.63,15.3,43.93,credit_card,1.0,12.0,-5.0,0.0
43225562,a2e9aa14d517e240f6e7c7243dc1f639,1.0,1954724907,965314385,1868809992,2018-08-14,delivered,70.0,57.26,127.26,credit_card,2.0,16.0,-27.0,0.0
740039234,4d2338eddcfe008a2d27270cfa679887,1.0,2552690843,2805182616,1734769477,2018-08-09,delivered,29.9,12.87,42.77,credit_card,1.0,8.0,-5.0,0.0
327576937,76adb6e26eefb772dd741b47286bddc1,1.0,1607273005,3030227820,2306088839,2018-07-31,delivered,44.9,19.59,64.49,credit_card,1.0,5.0,-2.0,0.0
3496123819,69f0148dd6fd1fd804e48c202c93ad0b,1.0,839277690,1367597929,3422743060,2018-08-05,delivered,24.5,7.43,31.93,credit_card,1.0,3.0,-2.0,0.0
3364085907,2899952345d332e41b79ece6d0463e9f,1.0,3008885366,1049850464,3115096273,2018-07-01,delivered,96.0,23.47,119.47,credit_card,4.0,8.0,-23.0,0.0
52119310,88105b400acfb446584ad0e0c3a088eb,1.0,3020489023,758948723,2580370799,2018-07-22,delivered,129.9,16.01,145.91,credit_card,1.0,5.0,-20.0,0.0
2356752598,dffc2ca357a1292fde6d4e71ece7178a,1.0,692523357,1819289724,819761952,2018-08-08,delivered,34.0,9.55,43.55,debit_card,1.0,6.0,0.0,0.0
3968374252,2130eb96d3ca108910e9afd32f4c7656,1.0,696106171,3573587702,4120033478,2018-08-09,delivered,118.9,18.93,137.83,credit_card,5.0,5.0,-14.0,0.0
2802365368,dc448b07dcf70d4f397500af86b4601f,1.0,3222244904,4109384596,925912501,2018-07-08,delivered,12.9,8.29,21.19,debit_card,1.0,3.0,-8.0,0.0
1943900256,c3b39606c48fa29506dbe170a4f54562,1.0,3253545942,2064545446,179864683,2018-08-14,delivered,159.9,21.39,181.29,credit_card,5.0,14.0,-6.0,0.0
2438024212,a3f586050d25a10efc72e242c88e0c03,1.0,1350992880,4151650396,1361108180,2018-08-01,delivered,40.0,18.38,58.38,boleto,1.0,6.0,-2.0,0.0
3108260822,3a328e1340a59982235a158a25133cba,1.0,1081836649,1205176810,1765806340,2018-07-21,delivered,105.0,16.04,121.04,credit_card,1.0,16.0,4.0,1.0
2498081621,68f238efe64d771f8529c4689219e854,1.0,2597064050,2155588347,3115096273,2018-08-15,delivered,49.89,9.1,58.99,boleto,1.0,8.0,-5.0,0.0
2629294448,6ec56173121c5972d0fd631f0f084d93,1.0,4119543603,1776620515,2475905934,2018-07-15,delivered,99.99,23.5,123.49,credit_card,8.0,12.0,-11.0,0.0
4075397573,bfa6db3b1ea85796d80dabdfd83b9d40,1.0,2504477527,473936173,1379301944,2018-07-03,delivered,117.6,18.92,136.52,credit_card,1.0,6.0,-16.0,0.0
49300337,2f469266d0a5336ac76d2068ef1c9f2f,1.0,4175616411,4003840331,1993625437,2018-07-30,delivered,49.9,37.26,87.16,credit_card,1.0,14.0,-4.0,0.0
3509648607,a083f47f545711fc05940d0be7f5ca38,1.0,3736800198,457248455,1868809992,2018-07-11,delivered,150.0,40.2,190.2,credit_card,3.0,11.0,-11.0,0.0
81947791,a4d7caf7570d02134caf5b8425c515d8,1.0,3666153986,962734675,1728196735,2018-08-25,delivered,88.89,7.88,96.77,credit_card,1.0,4.0,-2.0,0.0
2859847380,ba4de00b613fe6fce59f7c7d81e49056,1.0,2035442037,1885552900,1134489473,2018-07-25,delivered,28.5,18.3,46.8,credit_card,1.0,6.0,-9.0,0.0
2225937067,63b307ab04c077f83a3daf81ec78cf95,1.0,3936876013,1966329462,1605386906,2018-08-02,delivered,42.9,16.49,59.39,credit_card,1.0,11.0,-18.0,0.0
2104589891,b6238a76012ed88aec12a5a12f9f5795,1.0,2064087360,2089011730,1800856558,2018-07-09,delivered,57.9,8.75,66.65,credit_card,1.0,2.0,-12.0,0.0
1442931119,05dc8285104a0f76f6e8d6b2ff9417b2,1.0,3392962568,54050933,1716536501,2018-08-24,delivered,134.9,9.69,144.59,credit_card,10.0,4.0,-8.0,0.0
443088960,524802fb3df670ef6612573f2d434b10,1.0,3693065544,3787490726,3106288757,2018-07-26,delivered,210.0,16.57,226.57,credit_card,2.0,12.0,-10.0,0.0
3114747711,a6e7a9c6f4effc360a418d5bba41ba03,1.0,4063958330,969169982,1661230352,2018-07-09,delivered,99.4,11.72,111.12,credit_card,10.0,1.0,-8.0,0.0
1492889095,6d46c95c090a478e52c89008e729bea2,1.0,7369183,1768938595,1622838244,2018-08-05,delivered,109.9,15.84,125.74,credit_card,8.0,8.0,-8.0,0.0
1690692682,9cb69ff0cd93cb4624576397135d5b52,1.0,2469723122,2325317843,2565070737,2018-07-21,delivered,29.75,22.14,51.89,credit_card,4.0,9.0,-15.0,0.0
3218151,2cc3c6f1d89338c78360e079513f99d2,1.0,1548462188,893840574,1423184178,2018-08-04,delivered,129.0,16.0,145.0,credit_card,2.0,5.0,-11.0,0.0
3597328433,42187cae0bc6e0829886d8131b4c4864,1.0,107932010,1899561584,3242718200,2018-08-06,delivered,35.0,12.91,47.91,credit_card,1.0,7.0,-7.0,0.0
1003819486,c9d9195d49623398b66ac6322f971d5c,1.0,2999585674,2285353599,1480205621,2018-07-13,delivered,249.9,19.85,269.75,credit_card,10.0,10.0,-9.0,0.0
986277666,3e2c094c3afb8ee522f4e4a0c93983b1,1.0,1997003627,558346869,30982368,2018-08-20,delivered,950.0,17.67,967.67,boleto,1.0,2.0,-8.0,0.0
1789803086,0782e07a7692b86e29c3fcec805b3bfc,1.0,474916550,3859225507,196831707,2018-07-03,delivered,359.0,29.45,381.1646750524109,credit_card,10.0,2.0,-17.0,0.0
1070513556,0782e07a7692b86e29c3fcec805b3bfc,2.0,474916550,3014738079,196831707,2018-07-03,delivered,595.0,29.45,631.7353249475891,credit_card,10.0,2.0,-17.0,0.0
2514680390,92ec15265ef47985627f664e5ec77d98,1.0,284531899,2203254922,737969628,2018-07-29,delivered,95.9,14.98,110.88,boleto,1.0,4.0,-5.0,0.0
2628221814,394982dd5fcd18831c2428167b924f2d,1.0,1987797629,2128215339,1628249471,2018-08-17,delivered,50.75,7.62,58.37,credit_card,3.0,3.0,-8.0,0.0
2575033329,8989ff6e6604e09ac1c199428637422b,1.0,2941133443,179333595,2947136883,2018-08-02,delivered,64.8,27.4,92.2,credit_card,1.0,14.0,-24.0,0.0
3829140168,a3e938ff8401d2ab65793e034f9f2a95,1.0,10369114,1263580723,1615213775,2018-07-23,delivered,44.85,19.5,64.35,credit_card,1.0,7.0,-9.0,0.0
2142804108,76c5d675f926836b4ff285bff2d38766,1.0,3728127070,3231673373,4120033478,2018-07-11,delivered,69.9,22.42,92.32,boleto,1.0,14.0,-14.0,0.0
3003683799,5f0204c837c9b96a76c8da513f40ab17,1.0,3476985369,1644765139,1815376146,2018-07-29,delivered,95.0,10.0,104.995,boleto,1.0,10.0,-36.0,0.0
2566797989,5f0204c837c9b96a76c8da513f40ab17,2.0,3476985369,1644765139,1815376146,2018-07-29,delivered,95.0,10.0,104.995,boleto,1.0,10.0,-36.0,0.0
3951823468,2ccc4454c10457bb1cd9fb7465167f2f,1.0,2338012730,2986475846,3667124800,2018-08-16,delivered,49.9,7.61,57.51,credit_card,1.0,2.0,-4.0,0.0
3004988941,872b07190c0c9c0f13475d2141c4036a,1.0,553309990,502536335,2736754982,2018-07-03,delivered,64.99,19.37,84.36,credit_card,1.0,7.0,-23.0,0.0
3997914203,872b07190c0c9c0f13475d2141c4036a,2.0,553309990,3217605008,2736754982,2018-07-03,delivered,64.99,19.37,84.36,credit_card,1.0,7.0,-23.0,0.0
3242682418,89b4bfa9a1ad1b38674571113d47d4b2,1.0,1803532497,2197758962,3488828128,2018-08-13,delivered,147.79,15.34,163.13,credit_card,1.0,9.0,-2.0,0.0
1043140622,9254ea56fb8aecea0b411b6a605e0ebb,1.0,3493951950,1265627297,1021285084,2018-07-19,delivered,210.9,49.16,260.06,boleto,1.0,28.0,13.0,1.0
1080283666,4a99025f5af0af1eb1b6602980ae4a82,1.0,3680878133,2324370903,1839514776,2018-07-29,delivered,180.0,16.36,196.36,credit_card,8.0,4.0,-8.0,0.0
975787117,4ee69609938fb96f9c99db9382d6069b,1.0,925824661,784801249,819761952,2018-07-25,delivered,54.49,34.14,88.63,debit_card,1.0,6.0,-9.0,0.0
1383874005,b0e61103ba1dee7e3c3c31f68e62a3fb,1.0,3706369396,2542587666,2526411072,2018-08-21,delivered,38.0,18.37,56.37,credit_card,1.0,7.0,-14.0,0.0
2808976186,ccaf9bc3712aea66d07acdbea64e069a,1.0,1794770091,2962532619,2837110182,2018-08-03,delivered,219.89,12.56,232.45,credit_card,8.0,5.0,0.0,0.0
1183078108,dd623579d6b295a30527eb68420a5eeb,1.0,36087528,2434217352,1919968767,2018-08-05,delivered,110.32,8.03,118.35,credit_card,1.0,7.0,0.0,0.0
1191994748,a233eaf2bd44e053226cc032f87a69ed,1.0,724440353,2725684015,123833255,2018-08-14,delivered,90.0,19.82,109.82,boleto,1.0,7.0,-7.0,0.0
2912190333,7fefe32e6b0c87d855993ac5dc8dd951,1.0,4014269003,1599742818,2384848440,2018-08-01,delivered,129.9,27.89,157.79,credit_card,3.0,9.0,-3.0,0.0
3877215615,38e0cb80c67af61efd491a83aed8c8be,1.0,3998146518,1245653087,819761952,2018-07-20,delivered,43.0,18.4,61.4,boleto,1.0,10.0,-9.0,0.0
4061533170,7ef2c6899131acab158119767e5880d5,1.0,3522281371,2432735784,1125369443,2018-07-19,delivered,65.0,18.56,83.56,credit_card,3.0,10.0,-9.0,0.0
518522514,6d9da1dcc8d05c588e4ea617d0fe9465,1.0,2379746096,3619237258,876033421,2018-08-09,delivered,730.0,30.09,760.09,boleto,1.0,5.0,-1.0,0.0
4228767336,35bf7f86bc7add201e5b6573052157f0,1.0,2066769578,2672175632,3247263560,2018-08-13,delivered,49.9,18.45,68.35,credit_card,2.0,16.0,3.0,1.0
1408210539,38148c3810e7b739572bd17e7345de0e,1.0,4161177820,1089142969,305748041,2018-07-18,delivered,21.9,16.34,38.24,boleto,1.0,5.0,-17.0,0.0
192284174,7e2161123332d22deb9d0fe9a4bcaa1a,1.0,2688070741,2746034656,261066546,2018-08-02,delivered,116.9,15.92,0.0,unknown,0.0,5.0,-6.0,0.0
3629448473,87088bdc1540ebbba402377ce8cfbbb6,1.0,3887096594,4226948347,1141793129,2018-07-30,delivered,89.9,14.94,104.84,voucher,1.0,9.0,-1.0,0.0
1953609376,85a81c0e39303d994f18f70782aea630,1.0,4081305756,2858381843,789554986,2018-08-01,delivered,275.0,46.91,321.91,credit_card,6.0,14.0,-4.0,0.0
1074004286,85a81c0e39303d994f18f70782aea630,2.0,4081305756,2858381843,789554986,2018-08-01,delivered,275.0,46.91,321.91,credit_card,6.0,14.0,-4.0,0.0
1520417749,7fc033af2ece8187b358f40d43a6b6e3,1.0,714305158,689975382,4244763206,2018-08-07,delivered,17.45,17.06,34.51,credit_card,1.0,7.0,-14.0,0.0
1140229013,dd68ef67523952a95a744e87a90375b9,1.0,605364529,382228588,2997337676,2018-07-20,delivered,549.9,21.95,571.85,boleto,1.0,24.0,-3.0,0.0
3805413912,82ee69216f11b23e2d21d2796e079366,1.0,3122843702,969012648,1763790356,2018-08-08,delivered,650.0,42.94,692.94,credit_card,4.0,9.0,-6.0,0.0
3772276921,91394832e2cfea6fd2da6fe1b72df4c9,1.0,2179251245,3304200972,2250123381,2018-08-14,delivered,64.0,18.55,82.55,credit_card,6.0,10.0,-24.0,0.0
1750389086,dd4d3cf66aa23e931c9af921516324e4,1.0,3468061662,2774927233,1018258220,2018-08-20,delivered,1299.65,18.41,1318.06,credit_card,1.0,3.0,-5.0,0.0
1284753733,61c2fee6b0e84bb5aab5cb16b1cd3020,1.0,2391160402,1150114816,1716536501,2018-08-21,delivered,48.9,9.09,57.99,debit_card,1.0,2.0,-5.0,0.0
532052943,0b468af2e7c3af5bce986f443aa69083,1.0,1758726707,1293663819,2417877563,2018-07-31,delivered,46.0,7.58,53.58,debit_card,1.0,2.0,-5.0,0.0
1707360322,67e5683ee43c8f5d4c0b46f7f8932ac8,1.0,2281810530,2108462743,2949449251,2018-07-24,delivered,93.97,18.76,112.73,credit_card,2.0,7.0,-14.0,0.0
1588310102,9f7ba492c273ffac8f90a623b8eadd3b,1.0,3761785798,3238868723,2465633921,2018-08-23,delivered,11.9,12.79,24.69,boleto,1.0,4.0,-6.0,0.0
168905548,90a1422a1f083e2c405dac4289980c69,1.0,1902990804,1782083014,1868809992,2018-08-14,delivered,67.0,14.05,81.05,credit_card,6.0,10.0,-5.0,0.0
3706659069,947b612f269cbbdaa438d55bb70f1baf,1.0,3632376315,770569016,1873747380,2018-08-07,delivered,138.0,26.34,164.34,credit_card,2.0,8.0,-6.0,0.0
1820755721,3ed46d0aeda8a091370db112656e55cc,1.0,1646658925,1381322623,1350631362,2018-08-16,delivered,17.9,7.71,25.61,boleto,1.0,4.0,-2.0,0.0
457386134,9667c332775e4590e952d1ed2b4b5983,1.0,363824022,593126018,817416274,2018-07-16,delivered,140.0,23.78,0.0,unknown,0.0,4.0,-25.0,0.0
754412004,97b7decf3d24b8e8db00cab51c75c372,1.0,594921782,914900306,2304947736,2018-07-20,delivered,59.0,7.67,66.67,boleto,1.0,8.0,-2.0,0.0
834823487,20a3853f94a36870c5eff11d407f01cf,1.0,164349308,140816579,2622583364,2018-07-21,delivered,327.9,39.21,367.11,credit_card,8.0,12.0,-20.0,0.0
4223995358,30524d6f42cc124d17d641b49e792b87,1.0,3880425116,1173623609,2490225171,2018-08-05,delivered,30.0,7.47,37.47,credit_card,2.0,10.0,0.0,0.0
960265841,1bb0b420434c7323a0df0cdf9571783b,1.0,586141196,1785441143,3374723997,2018-08-11,delivered,66.41,15.57,81.98,credit_card,4.0,5.0,-8.0,0.0
677567273,7b9c120adc232288aecdf32aa428ee8a,1.0,509524554,3433440286,853605052,2018-08-14,delivered,109.9,36.0,145.9,credit_card,3.0,6.0,-22.0,0.0
1653050300,a1ad06d866647a0b9ef51b831079fda4,1.0,2816882500,3569719807,3147574442,2018-07-24,delivered,149.0,44.84,193.84,credit_card,4.0,7.0,-16.0,0.0
307154098,a1ad06d866647a0b9ef51b831079fda4,2.0,2816882500,3569719807,3147574442,2018-07-24,delivered,149.0,44.84,193.84,credit_card,4.0,7.0,-16.0,0.0
3638807043,aee20a4d671a2a3435bdee5bf40393c8,1.0,3439925643,3878380569,2308685613,2018-08-05,delivered,24.9,11.19,36.09,credit_card,2.0,3.0,-5.0,0.0
1192048571,b0708857586f16e3ada17925950a87e5,1.0,4036042570,1745648530,9861004,2018-08-01,delivered,49.9,20.99,70.89,boleto,1.0,5.0,-3.0,0.0
2087215070,bc68edad1573b158a94188df0cd960c0,1.0,1283197955,226581046,53223181,2018-08-16,delivered,32.99,7.49,40.48,credit_card,1.0,1.0,-4.0,0.0
4523638,b51ffac76798f4b49bed44e8f01a3030,1.0,484949281,4160555232,3632234477,2018-07-31,delivered,119.9,15.14,135.04,credit_card,1.0,4.0,-5.0,0.0
2047703738,2a26d2bff48eca96ae022096754602f0,1.0,927929724,2809574497,519564207,2018-08-07,delivered,134.99,23.75,158.74,credit_card,1.0,9.0,-6.0,0.0
3744506074,8f0ece4530d9684c0412c31486a5aee4,1.0,1688716365,4151863183,96764808,2018-08-14,delivered,24.9,19.99,44.89,credit_card,2.0,6.0,-29.0,0.0
1622801518,5c21b2e93c438ce5e3f2c7ee2776922e,1.0,2542272587,146801151,1241765477,2018-07-25,delivered,199.08,9.55,208.63,credit_card,8.0,2.0,-6.0,0.0
2085557814,29b81e2d5bebb9616041efb0ebbc931d,1.0,2164478148,1608199975,3034887517,2018-07-20,canceled,96.35,13.97,110.32,credit_card,5.0,,,
3440609018,d16ee8324145ff91c54bb7edeb651801,1.0,1595344775,3123019817,2043647929,2018-08-21,delivered,92.99,18.75,111.74,debit_card,1.0,7.0,-14.0,0.0
1573109090,b511d10b7b2e1c6c5da323628c32aeba,1.0,1645021885,3539337959,3346224960,2018-07-14,delivered,120.0,27.79,147.79,credit_card,4.0,5.0,-17.0,0.0
3319637461,c1dbcb501480db95626caa68680696d4,1.0,3838129473,111143974,1815376146,2018-08-21,delivered,30.0,7.47,37.47,credit_card,1.0,3.0,0.0,0.0
238542950,1d092689be844c404abe12e678e2eef8,1.0,92778106,944970780,753329531,2018-08-06,delivered,189.9,37.1,227.0,credit_card,3.0,14.0,-8.0,0.0
1330605553,15666ae129eff99b7d7405a5023b0d3a,1.0,2947487611,1784008237,2261194409,2018-08-18,delivered,55.0,23.19,0.0,unknown,0.0,10.0,-9.0,0.0
2909689605,15666ae129eff99b7d7405a5023b0d3a,2.0,2947487611,1784008237,2261194409,2018-08-18,delivered,55.0,23.19,0.0,unknown,0.0,10.0,-9.0,0.0
4260412245,2c1f8fd9aa5f50ec17f4c95e52223a3a,1.0,2089440644,1965598969,1464160362,2018-08-28,delivered,41.8,16.56,58.36,voucher,1.0,1.0,-7.0,0.0
2836556806,1c723386781fca8d1e45ac747914962a,1.0,2480937280,4280424338,747672525,2018-08-06,delivered,120.0,58.92,178.92,credit_card,1.0,8.0,-9.0,0.0
2386739385,5c12fa0af04c822b40b15db1dda45745,1.0,4192255238,3104712386,1292371024,2018-07-17,delivered,40.0,22.21,62.21,credit_card,1.0,8.0,-14.0,0.0
3918480958,8fe3b44d3161e377a52ba346b2b0ec08,1.0,3826467281,3992028134,2304947736,2018-07-20,delivered,45.0,8.48,53.48,credit_card,1.0,4.0,-6.0,0.0
629866491,d03428478ca1e760e9c5898acc54665f,1.0,4262209500,2497209898,581044507,2018-08-14,delivered,199.6,14.06,213.66,credit_card,8.0,9.0,-11.0,0.0
297804660,0858bbf6d922af574797281c8df8de5c,1.0,1828810970,4195347041,4160630161,2018-08-10,delivered,39.9,7.54,47.44,boleto,1.0,3.0,-1.0,0.0
16095280,d17eedcc5d276d0eb9ea566289f89352,1.0,2905771985,2254554039,4194263931,2018-07-09,delivered,135.0,22.88,157.88,credit_card,2.0,14.0,-32.0,0.0
3358354936,4127cc6fa24501eb73f62be87d226372,1.0,3694711026,1857638905,2880307388,2018-07-19,delivered,119.85,11.86,131.71,credit_card,2.0,10.0,-7.0,0.0
1565115948,6fdb9a84ef8876ba281624f310baf6b2,1.0,1044329995,485629027,4086780073,2018-07-09,delivered,79.0,24.16,103.16,credit_card,10.0,6.0,-15.0,0.0
1330180697,908fe1b8b7e5ef073fc701112c902111,1.0,3113887971,2956058188,3147389048,2018-07-24,delivered,23.9,17.1,41.0,voucher,1.0,17.0,-2.0,0.0
47608018,9c424dd07b069caaaae3ee7fb41ba1d8,1.0,1026813079,1130749437,819761952,2018-07-22,delivered,17.49,12.79,30.28,credit_card,3.0,4.0,-13.0,0.0
2327173050,9c424dd07b069caaaae3ee7fb41ba1d8,2.0,1026813079,1130749437,819761952,2018-07-22,delivered,17.49,12.79,30.28,credit_card,3.0,4.0,-13.0,0.0
1314969862,5322755defeb2e8863500740172a082b,1.0,3261241796,3171793567,1615213775,2018-07-03,delivered,62.0,29.54,82.23734806629835,credit_card,8.0,8.0,-23.0,0.0
1716129731,5322755defeb2e8863500740172a082b,2.0,3261241796,2820529371,1615213775,2018-07-03,delivered,119.0,29.54,157.84265193370166,credit_card,8.0,8.0,-23.0,0.0
3776606223,0ee78b4d78116d8d91f47dc4b290f526,1.0,1674242860,2448812675,528293807,2018-08-13,delivered,44.9,12.61,57.51,credit_card,1.0,7.0,1.0,1.0
2419407315,d3123a8def350af103d31c2026666c25,1.0,274518353,4074263379,789554986,2018-08-18,delivered,33.0,23.03,56.03,credit_card,2.0,9.0,-23.0,0.0
1458620796,6c0819b0edde57ca00841c3d2092bb34,1.0,3613219714,1241208376,2023461531,2018-07-24,delivered,69.99,15.59,85.58,boleto,1.0,3.0,-10.0,0.0
275458550,98bd62478f45e100b026c030c5b0b121,1.0,2351173669,1550202114,1248838824,2018-08-05,delivered,49.9,27.3,77.2,credit_card,1.0,8.0,-8.0,0.0
1065834364,7f3189b85f3e348f9d772df47fe06bf7,1.0,2416794835,2355327506,682173841,2018-08-15,delivered,44.99,23.93,68.92,credit_card,3.0,7.0,-26.0,0.0
3296915042,6ae5b953bef57d8a29a1c49e03807e82,1.0,4162676891,3536384497,3078723279,2018-07-05,delivered,66.39,19.66,86.05,credit_card,1.0,8.0,-25.0,0.0
1572365292,1e61c2d93012f7a32fe86de9bafc3a1f,1.0,3914056884,729925985,2274414976,2018-08-09,delivered,47.0,18.43,65.43,credit_card,1.0,5.0,-6.0,0.0
2119240332,8262ebe1e3df8d5a04eb3c663940c9b0,1.0,2985144122,695910609,989903952,2018-08-17,delivered,57.99,23.56,81.55,credit_card,8.0,10.0,-4.0,0.0
4134125799,cdbf4152d2857c30e94f8e15e0dc9914,1.0,355988098,496435662,1250028102,2018-08-05,delivered,65.0,18.56,83.56,credit_card,3.0,9.0,-5.0,0.0
822111500,df89b9f16503a80016dd955b0929ee3a,1.0,1700172639,2871992442,2928255765,2018-07-17,delivered,39.9,18.38,58.28,credit_card,5.0,9.0,-12.0,0.0
3134123189,2e06e0410e2829e55051f03c2e60822d,1.0,107104314,2422012691,196831707,2018-08-15,delivered,209.99,25.82,235.81,credit_card,4.0,14.0,-4.0,0.0
4043347441,84f9f9d8251eed3b45a627d105aabe44,1.0,696319843,4107200755,3909645171,2018-07-25,delivered,12.9,7.39,20.29,credit_card,1.0,2.0,-5.0,0.0
1618112400,3ddd23cf50cc3d0d89bb2cecfa137d93,1.0,3870505487,101048405,2622583364,2018-08-13,delivered,98.0,22.62,120.62,boleto,1.0,15.0,-13.0,0.0
2710844772,153a3985482d189af613f19120de205f,1.0,2540096315,1575542690,1612681572,2018-08-12,delivered,69.9,14.79,0.0,unknown,0.0,5.0,-4.0,0.0
641578288,9f9f7954335300799dadf3248f229115,1.0,1182936845,3621970897,2622583364,2018-08-18,delivered,158.0,13.77,171.77,credit_card,7.0,12.0,-6.0,0.0
3831027666,9321ce4aafa9151ff2b57775c8d1ff70,1.0,487906673,1381614497,3106288757,2018-08-02,delivered,15.9,7.39,23.29,credit_card,1.0,4.0,-2.0,0.0
1165537141,bb048e358cc6dd3c087ba3b3ce36a190,1.0,3664616418,1316129150,2997337676,2018-08-02,delivered,527.9,40.61,568.51,credit_card,8.0,25.0,-4.0,0.0
965638874,61f26d1fbc29fc8e6d6bc8ba373e81f6,1.0,777308555,3069147523,3292680664,2018-07-27,delivered,29.9,22.14,52.04,credit_card,2.0,18.0,-6.0,0.0
1738200534,6fabd639eca67c59f7c8e191316f3b16,1.0,3653102930,2180480181,1734769477,2018-07-30,delivered,44.9,8.47,53.37,boleto,1.0,6.0,-2.0,0.0
1103539270,002834535f7a609a5c68266f173fa59e,1.0,1751843331,4137576693,2636346249,2018-07-23,delivered,37.99,19.18,57.17,boleto,1.0,18.0,-3.0,0.0
3477740686,b77f53899c1c8e0a22ad60800bc4f214,1.0,2946889495,353244613,2851853482,2018-08-15,delivered,74.99,15.63,90.62,credit_card,1.0,21.0,12.0,1.0
4006955537,3f5021a01daf8329b31882a467b8da0e,1.0,4247744770,1414012464,447945570,2018-07-31,delivered,39.9,22.56,62.46,credit_card,3.0,15.0,-9.0,0.0
1690994036,a7d77bb60d2aa33086558ed980891f8c,1.0,3750165505,3511047975,394552021,2018-07-31,delivered,219.99,31.34,251.33,credit_card,3.0,5.0,-4.0,0.0
3674164978,ba018a9729b7d844420ab92e6e38d508,1.0,2243325236,556787033,1011007161,2018-08-13,delivered,67.91,22.41,90.32,credit_card,10.0,7.0,-24.0,0.0
3688917310,ba018a9729b7d844420ab92e6e38d508,2.0,2243325236,556787033,1011007161,2018-08-13,delivered,67.91,22.41,90.32,credit_card,10.0,7.0,-24.0,0.0
2120566568,4628d3d8311acc92810202b9a41b3dad,1.0,3338659951,2876488689,1696683105,2018-08-06,delivered,80.3,7.82,88.12,credit_card,1.0,2.0,-1.0,0.0
651081584,2df2a222e520a870a74709dd945fb1dc,1.0,958360150,2942794295,2200182065,2018-07-22,delivered,119.0,13.13,132.13,credit_card,3.0,2.0,-7.0,0.0
1063617040,945977d780700b75a6eb2ccd81566d4a,1.0,2005308506,1529402584,3522250725,2018-08-01,delivered,45.97,13.9,59.87,credit_card,1.0,5.0,-2.0,0.0
3147123463,b4876d0dae2cb7cd0b814c6ec0ddb757,1.0,1529247308,3686510176,3681078781,2018-07-21,delivered,122.9,23.58,146.48,credit_card,6.0,16.0,-15.0,0.0
1096887241,2798536d668b2d5071ab9b2ab4f7a7b0,1.0,3392696106,2919741735,2082347993,2018-07-19,delivered,169.99,72.78,242.77,credit_card,10.0,27.0,-13.0,0.0
2794761816,451bc3a8e6666fa7fa88c989b996a500,1.0,531969369,1770041280,2568734496,2018-07-13,delivered,159.0,40.26,199.26,boleto,1.0,14.0,-13.0,0.0
3296870612,0a2c9c3fedb974fcf5a8a569e9ba9da9,1.0,1692668099,3677795901,4254278802,2018-07-31,delivered,99.0,15.79,114.79,credit_card,1.0,5.0,-4.0,0.0
3533444349,7f29d1dcde28ba1c61a2f92068efdb9d,1.0,2380864876,3589754060,2304947736,2018-08-01,delivered,69.0,17.41,86.41,credit_card,3.0,8.0,-13.0,0.0
3714856151,2b8964f15c12ac5df6946804df101d82,1.0,532758156,2660378645,305748041,2018-07-07,delivered,19.9,8.89,28.79,credit_card,1.0,4.0,-15.0,0.0
1075422290,02036bc298ab3c1efc98b116f420d646,1.0,3195450502,2800674017,181572516,2018-08-23,delivered,24.99,17.98,42.97,credit_card,2.0,4.0,-14.0,0.0
1147849958,443461fcb984bb8a76e4a9eae02a9898,1.0,3628084342,775957169,4108685664,2018-08-09,delivered,51.0,8.52,59.52,credit_card,1.0,4.0,-3.0,0.0
2765695881,3ee9cf1702011ef8cb10312b07124ec7,1.0,675719549,2124296057,1477869461,2018-07-07,delivered,189.7,39.84,229.54,credit_card,1.0,16.0,-7.0,0.0
1834814974,152575943eb3ac19455e0e1a13e3d1cb,1.0,1428592549,71558874,2880307388,2018-08-08,delivered,119.85,23.64,143.49,credit_card,5.0,21.0,-2.0,0.0
1263523403,d07177bc097beb1a6d82f01bdc6d6eec,1.0,3617651815,3478202829,918571473,2018-07-14,delivered,155.97,16.19,172.16,credit_card,2.0,13.0,-17.0,0.0
3376101680,7c9c832fe99dad4a802af290889522e5,1.0,981223267,1904552687,2947136883,2018-07-27,delivered,118.8,27.78,146.58,boleto,1.0,12.0,-13.0,0.0
3791237258,9a610ebeeb1a328f4c7a2ab7ea88ebb7,1.0,2851142158,3257381788,2060950116,2018-07-23,delivered,99.0,43.49,142.49,boleto,1.0,7.0,-13.0,0.0
432753020,125380a45478fae5bd5466553f2ed928,1.0,2373754000,953810007,3485175421,2018-08-18,delivered,52.9,23.17,76.07,credit_card,1.0,9.0,-7.0,0.0
2538848883,c45408df26d1ce2b64518a9a9d65fd04,1.0,401940801,2223599876,3903401908,2018-08-16,delivered,34.99,14.56,49.55,credit_card,4.0,5.0,-14.0,0.0
1642460164,7dc0c9624af2f70f84c310c126aa2d40,1.0,3944601471,1018367849,1125369443,2018-07-25,delivered,105.0,16.93,121.93,credit_card,1.0,5.0,-14.0,0.0
217298575,3552fddd13638d37dc6749a36ac7e589,1.0,823045622,151692970,4151559108,2018-08-11,delivered,639.0,22.57,661.57,credit_card,3.0,9.0,-10.0,0.0
1935237810,b0af6cb248a6887f0695f4565bda91bb,1.0,3752921525,2946320849,3293785115,2018-07-30,delivered,119.99,20.03,140.02,credit_card,2.0,7.0,-9.0,0.0
3398372118,1a1d6b3bdea56c37877f692df138bb35,1.0,1091215710,2977383608,1624456352,2018-07-26,delivered,219.9,18.67,238.57,credit_card,10.0,6.0,-8.0,0.0
76205388,1968bd026e715a070f442cc2bf5f2ccb,1.0,1117514211,447936867,1357333497,2018-07-29,delivered,399.0,59.56,458.56,credit_card,2.0,9.0,-12.0,0.0
3438491415,ba9626798f8c12e1f020a6d8e40b9a45,1.0,2078594959,428405373,47085388,2018-07-27,delivered,40.0,17.21,57.21,credit_card,1.0,6.0,-27.0,0.0
3947506479,c1a2ee16a0ebb378f57bdf69fcf45b79,1.0,410956544,4256177069,1868809992,2018-08-19,delivered,230.0,26.59,256.59,credit_card,1.0,9.0,1.0,1.0
2973540723,929ddf60e51592cf31ad60152b4c8fe3,1.0,3412078341,1846698435,1553669565,2018-07-26,delivered,59.9,55.65,115.55,debit_card,1.0,12.0,-9.0,0.0
1014803840,20e87d0bc3b241dd3b4d34a6446d013e,1.0,4135876313,1126532653,1913687861,2018-07-05,canceled,219.0,14.87,233.87,credit_card,8.0,,,
3030902677,6887171d65ab796e9a2d44e6d5c1c097,1.0,2134424598,945619901,1957651964,2018-08-08,delivered,35.98,18.35,0.0,unknown,0.0,4.0,-9.0,0.0
541686848,0f9807b737e645eaa107418a88f30fd6,1.0,2521612991,2247350397,3838344707,2018-08-07,delivered,169.9,20.38,190.28,boleto,1.0,6.0,-14.0,0.0
2229148114,1f59870d6111d909e3c3f511d4d6dfe2,1.0,2063541063,349525395,1464160362,2018-08-19,delivered,19.9,15.44,35.34,credit_card,1.0,3.0,-9.0,0.0
2168821360,473579cef3b75f7764b1b4e7cf650218,1.0,869001789,2651439809,2622583364,2018-07-18,delivered,79.9,13.22,0.0,unknown,0.0,5.0,-10.0,0.0
1697841369,6e70c44e566a92cd1ef6b7bc8631fece,1.0,2204437798,1118237897,753329531,2018-07-31,delivered,179.9,25.61,205.51,credit_card,2.0,9.0,-8.0,0.0
1924158583,9e47bdda0d32604c18e587c151278314,1.0,3508973957,2819693099,1340118940,2018-07-21,delivered,26.9,12.85,39.75,credit_card,1.0,4.0,-13.0,0.0
4170559698,aaa2176c2eedbba6fb84a3d63e01f433,1.0,102300817,149781346,1422228924,2018-08-04,delivered,43.9,12.97,0.0,unknown,0.0,4.0,-6.0,0.0
1339171526,834545a0dc30bbf519e4d9c697eca0a1,1.0,2834410540,3491261832,123833255,2018-07-04,delivered,40.0,19.47,59.47,credit_card,1.0,6.0,-16.0,0.0
2379628754,66a112120b10c8ab5fa2e0b42f1c19d6,1.0,3921893551,285145730,1422466605,2018-07-19,delivered,89.9,19.82,109.72,credit_card,4.0,7.0,-14.0,0.0
1638851502,66a112120b10c8ab5fa2e0b42f1c19d6,2.0,3921893551,285145730,1422466605,2018-07-19,delivered,89.9,19.82,109.72,credit_card,4.0,7.0,-14.0,0.0
3300191863,2418eec7948d10d05ec9a51308920227,1.0,768628077,3915389518,3447476930,2018-07-29,delivered,85.0,17.53,102.53,boleto,1.0,12.0,-10.0,0.0
2687549956,60aec6169cd58ab43ca809bcb169082a,1.0,2802063227,3654718239,2364820299,2018-07-06,delivered,39.9,18.38,58.28,credit_card,1.0,7.0,-19.0,0.0
1434479138,66d494f1ba392f6f1538dd344dc22a3e,1.0,564755098,2045315014,1734769477,2018-07-22,delivered,24.9,7.43,32.33,credit_card,1.0,1.0,-8.0,0.0
1850197294,8d8fe1ce7c12058c8405c96cc799d490,1.0,2272964986,2214338924,1868809992,2018-08-13,delivered,230.0,49.98,279.98,credit_card,1.0,9.0,-7.0,0.0
979915590,ac17f36b9ec35c47dc44e96558d33dc7,1.0,4100126779,1647695025,195846844,2018-07-03,delivered,689.99,55.7,745.69,boleto,1.0,7.0,-26.0,0.0
813347816,67f693e898f3412e68ecfa0035a3b0e2,1.0,2469657643,635622540,123833255,2018-08-24,delivered,32.0,8.38,40.38,boleto,1.0,4.0,-1.0,0.0
3120937769,76c943bbe1ddef57ebe9e810f1c108e6,1.0,232920006,1981409340,328755463,2018-08-17,delivered,119.9,22.77,142.67,credit_card,10.0,3.0,-10.0,0.0
2421554046,36c2f882bdb22101a7491e871578f15e,1.0,2332109722,647230863,320598950,2018-07-20,delivered,191.0,35.42,226.42,credit_card,10.0,6.0,-21.0,0.0
3369497607,d8c8bece281c5226428ab03f72ae8416,1.0,2382334604,3101883435,3131976384,2018-08-12,delivered,121.0,15.92,136.92,boleto,1.0,3.0,-12.0,0.0
2117277330,8c37353173db5c03df9e813cfe9a9326,1.0,1135129334,2302354912,3028344224,2018-07-31,delivered,19.2,8.88,28.08,credit_card,2.0,22.0,14.0,1.0
334155577,049fa9a29ba386943ccbd0954fe8b8a0,1.0,4011353997,898523551,737969628,2018-07-03,delivered,79.9,23.36,103.26,credit_card,4.0,6.0,-28.0,0.0
2964191829,299b68ba840c1126001409fd0c4011f2,1.0,470012877,1795108154,2612393066,2018-07-14,delivered,135.0,17.88,152.88,credit_card,1.0,6.0,-13.0,0.0
2225377402,1fa463e9b5b2b6353d650ffa262c0a85,1.0,3098642677,3978143292,1175146252,2018-08-01,delivered,71.0,27.45,98.45,boleto,1.0,5.0,-36.0,0.0
455639955,58af2a09b442a8b28f672e56ad7154b5,1.0,1760593877,2933488698,2213313366,2018-08-09,delivered,15.5,8.29,23.79,credit_card,4.0,2.0,-5.0,0.0
326828644,58af2a09b442a8b28f672e56ad7154b5,2.0,1760593877,2933488698,2213313366,2018-08-09,delivered,15.5,8.29,23.79,credit_card,4.0,2.0,-5.0,0.0
1638019617,732016d12d4c4281c465b63da4e2ca8b,1.0,52874999,4294399807,2308685613,2018-08-20,delivered,82.49,8.74,91.23,credit_card,1.0,3.0,1.0,1.0
1692000074,d0c83ce2e7f68e33188bfa7101d9ec06,1.0,557734925,975655341,2997337676,2018-07-24,delivered,549.9,21.95,571.85,credit_card,8.0,6.0,-20.0,0.0
2623639686,0c80c82bdef7f227e7483cdd3c94f697,1.0,1308316798,1321200666,1096800064,2018-07-24,delivered,39.6,16.47,56.07,voucher,1.0,9.0,-13.0,0.0
2511124284,0feb8ce954124d3e3d8338c573a9c523,1.0,2294373479,1079848377,2304947736,2018-08-23,delivered,55.0,7.61,63.37650000000001,credit_card,1.0,4.0,-1.0,0.0
749832529,0feb8ce954124d3e3d8338c573a9c523,2.0,2294373479,3587372544,2304947736,2018-08-23,delivered,45.0,7.62,51.8535,credit_card,1.0,4.0,-1.0,0.0
116237704,1974ffc6d3d8f6e9d8f82fcffa4be2a5,1.0,3831993834,718071674,1734769477,2018-07-18,delivered,29.9,7.47,37.37,credit_card,1.0,3.0,-9.0,0.0
1601867390,5076a734a6657a96ccc71e2bc8874e08,1.0,3610191682,1175674364,2304947736,2018-08-14,delivered,55.0,15.49,70.49,boleto,1.0,10.0,-5.0,0.0
1674038831,5076a734a6657a96ccc71e2bc8874e08,2.0,3610191682,1175674364,2304947736,2018-08-14,delivered,55.0,15.49,70.49,boleto,1.0,10.0,-5.0,0.0
2792269061,2dd2ee0d9fb9543e703f5132e745c2c3,1.0,2270713096,974051001,391897587,2018-08-20,delivered,19.99,7.4,27.39,credit_card,1.0,2.0,-7.0,0.0
3207223836,51ee9ef5d831b5f76f97d2819e7f94a9,1.0,1883631116,1204301166,728604636,2018-07-04,delivered,75.9,13.87,89.77,credit_card,1.0,4.0,-16.0,0.0
1862488289,801524a8fbd37484e8d8c23448f113b5,1.0,2740624450,2942473443,3583083943,2018-07-04,delivered,58.32,27.36,85.68,credit_card,8.0,8.0,-18.0,0.0
200317656,9341b903f73c4e68b67416d70236ca6e,1.0,3108923077,2255214013,4038371640,2018-07-25,delivered,89.99,23.43,113.42,credit_card,5.0,5.0,-13.0,0.0
3788992947,049ac54eda25ad838a76c65dcfd27c9a,1.0,4058604722,599125318,1410726319,2018-07-26,delivered,139.9,33.12,173.02,credit_card,1.0,22.0,-25.0,0.0
3997610880,4144eb32a48743c5f18f443d704fbdb4,1.0,3336824876,745773817,2304947736,2018-07-09,delivered,55.0,7.65,62.65,boleto,1.0,2.0,-6.0,0.0
3960562706,4289c523d9d7daf854afd779579d63dc,1.0,4208784385,3211903509,123833255,2018-07-24,delivered,39.0,18.37,57.37,credit_card,1.0,6.0,-10.0,0.0
4191081562,733e030acd7fb0584a2e64f9a981e9fc,1.0,1615698423,3969958778,1503930686,2018-08-12,delivered,166.9,27.47,194.37,credit_card,6.0,6.0,-13.0,0.0
1852569629,84e18dccfd5aad7f91ef778c2aa0b959,1.0,1839202137,136750338,1637578522,2018-08-09,delivered,28.9,12.86,41.76,credit_card,1.0,6.0,-6.0,0.0
827548593,0b497dc78b09ae400416eabda31cf6ea,1.0,424716575,642482744,1550185782,2018-08-03,delivered,89.99,11.65,101.64,credit_card,2.0,3.0,-3.0,0.0
1544489636,47c06c1588f9c9cb71462e6d39893f63,1.0,364997654,3017833831,1696683105,2018-07-26,delivered,30.95,7.48,38.43,boleto,1.0,5.0,-3.0,0.0
957690721,47c06c1588f9c9cb71462e6d39893f63,2.0,364997654,3017833831,1696683105,2018-07-26,delivered,30.95,7.48,38.43,boleto,1.0,5.0,-3.0,0.0
3544939591,47c06c1588f9c9cb71462e6d39893f63,3.0,364997654,3017833831,1696683105,2018-07-26,delivered,30.95,7.48,38.43,boleto,1.0,5.0,-3.0,0.0
2366684189,47c06c1588f9c9cb71462e6d39893f63,4.0,364997654,3017833831,1696683105,2018-07-26,delivered,30.95,7.48,38.43,boleto,1.0,5.0,-3.0,0.0
1793705036,47c06c1588f9c9cb71462e6d39893f63,5.0,364997654,3017833831,1696683105,2018-07-26,delivered,30.95,7.48,38.43,boleto,1.0,5.0,-3.0,0.0
2565686373,b20c46715ec04f46dc345b698d989f9a,1.0,634031950,2249779379,2368201577,2018-07-02,delivered,129.0,19.0,148.0,voucher,1.0,4.0,-21.0,0.0
910562019,c65c62970b6f828387d4db9a25361d96,1.0,1278874668,4067650696,819761952,2018-07-13,delivered,47.49,18.43,65.92,credit_card,6.0,11.0,-13.0,0.0
3796866700,9a2701b301b281b74ddeea78e0a24625,1.0,3129449651,2282462993,3861952746,2018-07-12,delivered,108.0,14.1,122.1,credit_card,10.0,7.0,-19.0,0.0
1764674551,75c84c78ed440df887c1dd6d38311dca,1.0,1004462230,781650014,2629314654,2018-07-07,delivered,29.99,12.87,42.86,credit_card,1.0,5.0,-12.0,0.0
1219828725,761635b00759928f8a05278ed264f8bb,1.0,3975608805,1424978507,2068067571,2018-07-01,delivered,319.0,20.03,339.03,credit_card,2.0,3.0,-21.0,0.0
4010948277,1f3e98938afd17558e267ed6afda4c95,1.0,2278729674,1934303835,387984413,2018-07-19,delivered,277.45,50.02,327.47,voucher,1.0,7.0,-7.0,0.0
4258829378,d35703faec55cda0ceeb4f50a4d584ae,1.0,767486521,503345036,1728105394,2018-07-16,canceled,226.6,25.67,252.27,credit_card,5.0,,,
3527048820,7add33917d7c650ee21969733394b5dd,1.0,194036251,2760557938,2304947736,2018-08-13,delivered,49.0,7.6,56.6,credit_card,1.0,2.0,-1.0,0.0
1642450894,18eadded4d37d643ad53765a205ad45b,1.0,993485948,1595438487,1379301944,2018-08-18,delivered,38.71,8.01,0.0,unknown,0.0,4.0,-5.0,0.0
36165331,02d3254501ce969c22c38d060166bf68,1.0,2240110556,1641330879,2173695781,2018-07-14,delivered,99.99,23.69,123.68,credit_card,6.0,8.0,-8.0,0.0
2566414632,bed92d04d48ce1e3411d7db5c984d57f,1.0,2105248806,174750780,523493826,2018-08-16,delivered,122.99,63.11,186.1,credit_card,6.0,11.0,-20.0,0.0
4186389324,0a92bad75c24fdf33ed2a18801262e89,1.0,96826633,4165605600,1715924239,2018-08-13,delivered,42.9,13.64,56.54,credit_card,3.0,21.0,11.0,1.0
3008742603,c6f64ddfd9a519815891070106aa9543,1.0,2630378450,1416211116,1075788206,2018-08-05,delivered,155.99,13.75,169.74,credit_card,1.0,5.0,-5.0,0.0
3777411732,2011ac5bff446ddc9bb1a099d497e634,1.0,2747045364,635982452,1238242724,2018-07-28,delivered,130.0,19.01,0.0,unknown,0.0,10.0,-9.0,0.0
914406733,8661a555bc977c9f38488801be332bb4,1.0,10746734,799122612,1585314166,2018-08-13,delivered,49.9,22.28,72.18,boleto,1.0,8.0,-12.0,0.0
609955775,be16ab3862dd2927ab1e3cb7434007f6,1.0,3418549526,92530995,250985049,2018-08-17,delivered,69.9,18.59,88.49,credit_card,1.0,13.0,-15.0,0.0
3118263669,32980a0c990d84e3f2c3e9838a4abc1d,1.0,1228247867,3136512756,2765189476,2018-08-08,delivered,399.0,154.38,553.38,credit_card,8.0,8.0,-5.0,0.0
1873632511,18131b2990b1052f6a818f25ee7c332b,1.0,3831135320,4151213458,3103215707,2018-08-21,delivered,1099.0,18.99,1117.99,credit_card,1.0,8.0,-23.0,0.0
2947164318,32c1eb77cf7ceaa6358640e4cad0d14c,1.0,4171117378,3820673694,3106288757,2018-07-05,delivered,85.5,11.62,97.12,credit_card,3.0,5.0,-8.0,0.0
1184071315,0e784a85d6f7aa0ffe9a41d81f5a4ecf,1.0,2411970737,899860769,53223181,2018-07-31,delivered,27.9,7.46,35.36,boleto,1.0,3.0,0.0,0.0
1516828618,6fa816a50da044a1d17ec9bc408c8d7d,1.0,3614257168,153208557,2348458789,2018-07-22,delivered,89.99,19.82,109.81,credit_card,10.0,5.0,-13.0,0.0
3645025816,3a05c5202070d944a10db60144ddf04b,1.0,316110352,1194057968,854629258,2018-07-01,delivered,99.0,33.17,132.17,credit_card,1.0,5.0,-19.0,0.0
3512673751,2af1664ed08d6f1bc9b2c0e743cafded,1.0,3302748963,2016750517,358900552,2018-07-24,delivered,54.5,13.04,67.54,voucher,1.0,2.0,-11.0,0.0
2039506627,5f320558febd0e414d9a52714cfbae31,1.0,835266082,529495488,3485175421,2018-08-02,delivered,79.9,17.69,97.59,debit_card,1.0,6.0,-6.0,0.0
1879193550,7ce4e38f4eadd993bb5b2e60bb7f7bec,1.0,2068893778,104701902,728604636,2018-08-08,delivered,179.9,103.12,283.02,debit_card,1.0,7.0,-13.0,0.0
1678559345,439e088d80f64c9fb6491a96e37d7ed7,1.0,972518797,3226316213,918571473,2018-07-06,delivered,539.0,11.03,550.03,credit_card,8.0,8.0,-13.0,0.0
3194549459,aaa4c8bb37dd88031c3b22a269ed74ea,1.0,1432698341,974051001,391897587,2018-08-16,delivered,19.99,7.4,27.39,credit_card,2.0,6.0,-4.0,0.0
2812973848,140d9953eb16589e277967bbfcdf7ac5,1.0,1699648863,1347693611,4244763206,2018-08-21,delivered,14.95,7.39,22.34,credit_card,1.0,6.0,3.0,1.0
3002604322,a95233889b00b4d7f6e1469e15bbeb1d,1.0,2228345312,3561404005,2304947736,2018-07-20,delivered,55.0,6.78,94.4201923076923,credit_card,4.0,10.0,-16.0,0.0
1416807739,a95233889b00b4d7f6e1469e15bbeb1d,2.0,2228345312,1279111887,2304947736,2018-07-20,delivered,49.0,67.76,84.11980769230769,credit_card,4.0,10.0,-16.0,0.0
1465302675,9c9519dbd0554cfc5c787fdc7fa8ff42,1.0,2651638857,1182766585,2580370799,2018-07-30,delivered,92.5,37.94,112.2827830188679,credit_card,4.0,8.0,-21.0,0.0
1468084012,9c9519dbd0554cfc5c787fdc7fa8ff42,2.0,2651638857,949013637,250985049,2018-07-30,delivered,119.5,7.4,145.05721698113206,credit_card,4.0,8.0,-21.0,0.0
2033164900,39f59663a51684e7a63cb122f615af62,1.0,274969647,1118237897,753329531,2018-07-18,delivered,197.5,20.57,218.07,boleto,1.0,8.0,-20.0,0.0
3374157313,a1d83bc33177d956b86ece86d32b83b2,1.0,2205792132,458673453,1734769477,2018-08-06,delivered,29.9,7.47,37.37,boleto,1.0,8.0,4.0,1.0
3558092944,a6ade711f329afba041f4c8cfa9ec963,1.0,3945182422,592096461,2304947736,2018-07-23,shipped,78.0,18.65,96.65,credit_card,3.0,,,
4205059289,bc2c6eda20ba0146eb5d4420734b21ff,1.0,2073178327,3686510176,4109304321,2018-07-14,delivered,139.0,38.99,177.99,boleto,1.0,20.0,-25.0,0.0
3980089614,b869d5e47a11e0ef5dda1edf492e8c69,1.0,4156622160,2209229640,1716536501,2018-07-19,delivered,48.9,9.09,57.99,credit_card,3.0,4.0,-4.0,0.0
2067987386,78532cc9bdcc3c18c8ad8fe190844253,1.0,1711876777,99588831,3957555298,2018-07-05,delivered,220.0,19.34,239.34,credit_card,8.0,7.0,-15.0,0.0
1709183928,a58298b548a97e743824ca6c1dcb6b95,1.0,2466326665,1661014930,581044507,2018-07-16,delivered,200.0,19.5,219.5,credit_card,3.0,9.0,-26.0,0.0
1841350678,ba45b8302387142f547f4acd1c75b61d,1.0,2805862869,2873003549,1250028102,2018-08-03,delivered,149.5,14.35,163.85,credit_card,2.0,6.0,1.0,1.0
2152589857,938ceb503f66e3598a6e79a24745ac16,1.0,2797161400,880070998,2622583364,2018-08-03,delivered,115.9,18.91,134.81,boleto,1.0,11.0,-7.0,0.0
2585295953,87a19a09b512b6691a4a97ea5748c501,1.0,4076664931,251415224,1423184178,2018-08-16,delivered,120.0,37.75,157.75,credit_card,2.0,9.0,-18.0,0.0
2308192215,3aa0358c1a9b8019bd14ab006b6e8284,1.0,489415478,3985290164,250985049,2018-07-30,delivered,50.2,22.28,72.48,credit_card,1.0,35.0,7.0,1.0
678376504,3744d1ae189206fd84cc7e806393dd56,1.0,3977070496,230608398,1919968767,2018-08-21,delivered,110.32,8.03,118.35,credit_card,2.0,7.0,-1.0,0.0
2437149782,10fdf269eed6d4c024dc5eeb5c7f6c37,1.0,1138692016,545512203,1207458958,2018-07-31,delivered,55.9,19.58,75.48,credit_card,7.0,8.0,-6.0,0.0
53584485,c533856d03996a6114c8fa9a876181d4,1.0,683886562,1580847863,3133716256,2018-07-21,delivered,139.9,30.78,170.68,credit_card,1.0,9.0,-24.0,0.0
694804759,7cab0843cb15d0cab47c402e5ec63d22,1.0,2114260559,341614326,89051700,2018-07-24,delivered,79.9,35.91,115.81,credit_card,1.0,6.0,-23.0,0.0
3352828125,42cebac003b40e6aa0b3e37b99d83c2f,1.0,1775203853,592096461,2304947736,2018-07-06,delivered,78.0,7.81,85.81,boleto,1.0,5.0,-8.0,0.0
174468613,38fc09accaec15642b3f2ce5fc46ebb0,1.0,1695991783,174750780,523493826,2018-08-19,delivered,122.99,30.11,153.1,boleto,1.0,10.0,-5.0,0.0
2095194525,b22289835d337ed7310c55b622a3bea1,1.0,3010041683,824967984,727074973,2018-07-22,delivered,149.99,16.15,166.14,credit_card,3.0,4.0,-13.0,0.0
967805298,d379476af4ac3bc71f0f857e9f2827ef,1.0,3876144405,2706913463,3804798124,2018-08-02,delivered,120.0,8.1,128.1,credit_card,2.0,4.0,-2.0,0.0
1581883874,69aca49c98f05af05bec6fa1f87a3059,1.0,2471920420,9751084,455940136,2018-07-20,delivered,119.8,27.79,147.59,credit_card,2.0,5.0,-20.0,0.0
3022110586,c59056a977d611eea46b02572be8c2fe,1.0,3642582577,2594868280,1921184264,2018-07-09,delivered,140.0,23.26,163.26,boleto,1.0,16.0,-8.0,0.0
3033316168,997cd4e2027406aafa35d5c0e270fe1b,1.0,2890829471,1776620515,2475905934,2018-08-01,delivered,69.99,27.44,97.43,credit_card,4.0,15.0,-10.0,0.0
3730323820,7c09108767582a44ca405d37360379c0,1.0,2791775622,1567030015,2812297156,2018-07-29,delivered,330.0,39.22,369.22,boleto,1.0,8.0,-10.0,0.0
35191959,77d66e0dd1fb22e462b621cdc2da1192,1.0,1922017062,2801049975,3497601394,2018-07-16,delivered,320.0,71.56,391.56,credit_card,6.0,3.0,-19.0,0.0
218835555,a56a7f475df6154f6e6ad0311578f697,1.0,628345620,1219584261,3521477845,2018-07-05,delivered,69.9,27.44,97.34,boleto,1.0,6.0,-21.0,0.0
1747739964,4822b9a2b5589396deb0956b2b844afa,1.0,3439535096,320963520,447945570,2018-08-12,delivered,55.9,22.32,78.22,credit_card,4.0,12.0,-5.0,0.0
4025892166,4822b9a2b5589396deb0956b2b844afa,2.0,3439535096,320963520,447945570,2018-08-12,delivered,55.9,22.32,78.22,credit_card,4.0,12.0,-5.0,0.0
1154604174,78b2a06f2611f8e465bdb69eed02218f,1.0,2729133079,1612482044,261066546,2018-07-29,delivered,99.8,22.63,122.43,credit_card,3.0,8.0,-10.0,0.0
3161104488,9c10b1f6d98c7b2e59ebce1157e7bec6,1.0,840148656,1745683416,3393462886,2018-07-19,delivered,69.9,34.25,104.15,credit_card,1.0,7.0,-14.0,0.0
3421592596,1d73e7c6c8033ca8b5d21df45c5b7863,1.0,315154125,3176179677,1390565892,2018-07-28,delivered,210.0,19.27,229.27,credit_card,10.0,17.0,-2.0,0.0
1095997383,18a3de7f374fa61dc8962d9f000a57d7,1.0,1240987084,2661257267,1728046229,2018-08-18,delivered,49.5,19.54,69.04,credit_card,2.0,5.0,-18.0,0.0
950848755,bc60b588a732fb42a8145a501c6a61d2,1.0,561722016,3518346543,3267334493,2018-08-24,delivered,49.99,12.45,65.00690191820485,credit_card,6.0,4.0,-12.0,0.0
1876431123,bc60b588a732fb42a8145a501c6a61d2,2.0,561722016,1833840202,1884653127,2018-08-24,delivered,32.9,12.45,42.78309808179515,credit_card,6.0,4.0,-12.0,0.0
2181873202,63175a0077fd25dc166bf27cfa3927df,1.0,2202837658,4055965919,1821221035,2018-07-14,delivered,23.9,18.3,42.2,credit_card,2.0,9.0,-24.0,0.0
1069752610,1118f05e23d1a8082fa47f8a377de658,1.0,1693216738,1519717858,3374723997,2018-08-07,canceled,113.1,8.21,121.31,credit_card,3.0,,,
149992359,1118f05e23d1a8082fa47f8a377de658,2.0,1693216738,1519717858,3374723997,2018-08-07,canceled,113.1,8.21,121.31,credit_card,3.0,,,
2480145815,cf2bdd96e31b79ed41dba723fb42429a,1.0,2837105605,2563097394,1188075721,2018-08-06,delivered,120.0,20.79,140.79,credit_card,4.0,10.0,-11.0,0.0
2260907575,cfe5da8247941458984d84fbdfa91a10,1.0,1933129806,3621970897,2622583364,2018-08-02,delivered,159.9,13.78,173.68,credit_card,1.0,6.0,-1.0,0.0
1220338614,6e1c9b0136456e44d5b1d74c5abfae85,1.0,1076286214,2958380946,1257083217,2018-08-07,delivered,69.0,18.58,87.58,boleto,1.0,7.0,-14.0,0.0
2839439823,91a422eb23b5d4904d4c1be11592c317,1.0,1224557055,3903637550,1393673581,2018-07-07,delivered,159.49,74.56,234.05,credit_card,10.0,16.0,-9.0,0.0
800466489,782c1d4000bc7ae3d9aef9046000c4f6,1.0,1872991498,4001915572,2469936348,2018-07-28,delivered,399.0,90.92,489.92,boleto,1.0,10.0,-15.0,0.0
222902779,1e677b19d299a71e33c95a270f656703,1.0,3962156582,2985361808,1810082392,2018-07-30,delivered,199.0,12.41,211.41,credit_card,8.0,2.0,-5.0,0.0
3725843197,ac5cd0e68752307d437d98c640050483,1.0,1564561065,350734866,1813314038,2018-08-03,delivered,42.9,13.88,56.78,credit_card,2.0,11.0,-1.0,0.0
3962451227,bfdc8cc8e1e3a146d1adb471208f0a72,1.0,3633374049,1980854038,2373578609,2018-08-05,delivered,56.9,11.42,68.32,credit_card,3.0,1.0,-2.0,0.0
3284226349,50016ee0bec18cb823bd67b9c438267f,1.0,3609395068,1500110990,3746284701,2018-08-08,delivered,28.89,7.62,0.0,unknown,0.0,2.0,-3.0,0.0
1818211880,50016ee0bec18cb823bd67b9c438267f,2.0,3609395068,1500110990,3746284701,2018-08-08,delivered,28.89,7.62,0.0,unknown,0.0,2.0,-3.0,0.0
3692483087,13df04a948b9837c1b115c5363a97a3e,1.0,549015126,1277571969,1763790356,2018-08-06,delivered,170.0,39.46,209.46,boleto,1.0,10.0,-7.0,0.0
3546833309,62b66f90376b7b00fb2586ad81320f82,1.0,2953712365,2765592877,935749508,2018-08-13,delivered,56.99,13.98,70.97,boleto,1.0,8.0,-2.0,0.0
575678551,4af2fb154881f350d8696f7f7a7f80d3,1.0,2520228304,2673733492,1073829281,2018-07-23,delivered,25.97,22.11,48.08,credit_card,1.0,59.0,38.0,1.0
437268376,7fb538147fab748faf726e6706589b74,1.0,1220251069,2419906313,2368201577,2018-08-16,delivered,160.0,19.22,179.22,boleto,1.0,5.0,-13.0,0.0
1176494792,06d1315b8f0db57ee04b47b21db6626c,1.0,3302287133,3478202829,918571473,2018-07-15,delivered,155.97,13.75,169.72,credit_card,2.0,12.0,-11.0,0.0
3783102792,bf806b8caac4194e3f3b600656456384,1.0,3444780054,3673053430,3799418531,2018-07-22,delivered,10.0,18.23,28.23,credit_card,2.0,16.0,-6.0,0.0
509858984,c24779f7bd7454db6631b1320d0bac1f,1.0,1832900540,899860769,53223181,2018-07-28,delivered,27.9,37.11,65.01,credit_card,1.0,12.0,-13.0,0.0
3657102122,87bad43228f375c518a80fd2cdec8e17,1.0,2044777793,1241208376,2023461531,2018-08-05,delivered,74.99,8.69,83.68,boleto,1.0,3.0,-5.0,0.0
1869737537,1800e46c3912d9882187335b9768b6a9,1.0,3962369659,453093950,3133716256,2018-08-01,delivered,199.9,16.7,216.6,boleto,1.0,12.0,0.0,0.0
698338775,18709eaac22345a27e1027cd4900b554,1.0,934086319,2483857641,3927428427,2018-08-09,delivered,92.0,35.36,127.36,debit_card,1.0,20.0,9.0,1.0
1889037896,51ac545e2425e1bf7496c4494bfadcfa,1.0,2363568267,3396242720,819761952,2018-07-18,delivered,89.0,26.92,115.92,credit_card,2.0,8.0,-10.0,0.0
1085293735,8092da256aefda13b330290d2ca86521,1.0,1854208158,700071323,1477869461,2018-08-26,delivered,103.9,11.75,105.26,credit_card,1.0,2.0,-7.0,0.0
61778600,caeae132e3ebfb4af85f98f054c37ef6,1.0,2582237635,770561704,1550185782,2018-08-07,delivered,75.99,11.55,87.54,boleto,1.0,4.0,1.0,1.0
1481332144,9e104f0ff212612755b68a316b86ffd8,1.0,3404277624,3032314191,179864683,2018-08-16,delivered,79.9,13.22,93.12,credit_card,2.0,6.0,-15.0,0.0
115714719,41d0cc817d720d7f3860716b335a3cb7,1.0,2830615512,3842112817,2614883157,2018-08-05,delivered,99.8,32.09,131.89,credit_card,2.0,2.0,-7.0,0.0
261109275,8c5e882bb85543c0975f68712ea66b5f,1.0,2177299527,2173051953,1694950908,2018-07-13,delivered,29.3,19.4,48.7,credit_card,1.0,10.0,-14.0,0.0
3547158238,5f126df05a309c7dfe7ab136cb03ae08,1.0,1579486332,4231193301,3366215599,2018-07-20,delivered,129.9,40.1,0.0,unknown,0.0,13.0,-14.0,0.0
3366231228,dbcdd36c9c9608e8f8b678b63979aea6,1.0,2434699516,3294000657,3201324950,2018-07-31,delivered,247.88,16.19,264.07,boleto,1.0,8.0,-8.0,0.0
1506346244,46aac4b6ae578b1097249c607ade4751,1.0,3136143148,2036129729,261066546,2018-08-03,delivered,116.9,9.33,126.23,credit_card,5.0,4.0,-1.0,0.0
900331562,a2e5a4c4c016a3d66806bfffeaaa9930,1.0,3850622036,2612572434,3402353270,2018-07-15,delivered,675.99,47.01,723.0,credit_card,3.0,10.0,-15.0,0.0
3884244652,175be3f02b744f3c7e1eb5e32cb0acbe,1.0,1903215081,1744834494,261066546,2018-08-03,delivered,109.9,15.87,125.77,credit_card,2.0,5.0,-8.0,0.0
569023985,6282b84d6c369e1b6058285f860f4da4,1.0,3294178000,587371348,817416274,2018-07-28,delivered,109.0,39.03,148.03,credit_card,2.0,42.0,19.0,1.0
1127732715,6c425fa161548ce6dcea1ea86b1a65d8,1.0,173799108,2165077555,926823165,2018-07-02,delivered,16.5,12.79,29.29,credit_card,2.0,12.0,-5.0,0.0
2656430959,bb965992d20f51fbc192608be1cd052f,1.0,2553503660,596427865,1008270582,2018-07-29,delivered,126.8,18.02,144.82,credit_card,1.0,8.0,-3.0,0.0
1063729722,d8193633632c69edb143c6f25250fbc9,1.0,3021421389,1010609886,123833255,2018-07-17,delivered,25.0,12.84,37.84,credit_card,1.0,5.0,-8.0,0.0
2516878304,c44ed29052c8a491969a295bd20583a8,1.0,1947891649,1795735272,3633342575,2018-08-12,delivered,68.0,18.58,86.58,boleto,1.0,8.0,-10.0,0.0
2155438700,743a2890a6d3f095530d9de1966c7434,1.0,1468798336,4199140586,3346224960,2018-07-18,delivered,42.0,18.39,60.39,credit_card,2.0,4.0,-14.0,0.0
3218266297,743a2890a6d3f095530d9de1966c7434,2.0,1468798336,4199140586,3346224960,2018-07-18,delivered,42.0,18.39,60.39,credit_card,2.0,4.0,-14.0,0.0
1262512743,90a35d6c7ac144ef7398458a2beb3963,1.0,4070819214,26367845,3746284701,2018-08-02,delivered,29.9,15.31,45.21,credit_card,1.0,7.0,-4.0,0.0
3269927188,c8f75f6121e5b471d9e207771a2a5367,1.0,1526144078,2796231137,1867257412,2018-08-02,delivered,58.99,11.43,70.42,credit_card,3.0,2.0,-3.0,0.0
2372725341,76b38fc94d93c9aa8d4f335f8ba87128,1.0,853998666,1006841207,3734320862,2018-07-10,delivered,149.89,19.35,169.24,credit_card,2.0,10.0,-5.0,0.0
3960374337,4f1583d080fe1eec5e509335d79b17c6,1.0,1943686772,2951917087,3741694444,2018-07-11,delivered,160.0,34.88,194.88,credit_card,3.0,21.0,2.0,1.0
4069092984,78e56715d38f43fe67193581b89e616c,1.0,1739733646,2028628112,4120033478,2018-07-09,shipped,49.9,8.09,57.99,voucher,1.0,,,
3177825847,4fc279d715281e5ccd53567d959643ea,1.0,430914065,80576266,3051201525,2018-08-10,delivered,89.0,14.93,103.93,credit_card,4.0,7.0,-11.0,0.0
1935806144,ddefab02557da340a3bc73518bf2ecf4,1.0,2089734866,3434392710,2580370799,2018-08-02,delivered,199.9,16.5,216.4,credit_card,10.0,12.0,-14.0,0.0
3728455048,b1ec6c247af2e78825a5cee5cacc925e,1.0,3876055767,3980541618,3838344707,2018-07-26,delivered,215.0,20.7,235.7,credit_card,3.0,8.0,-13.0,0.0
3687212123,010d6db2f77220b394f147836c94f27b,1.0,2482665559,3174082303,1350631362,2018-07-11,delivered,14.9,15.23,30.13,credit_card,1.0,9.0,-5.0,0.0
23782049,0ea9b1519a74b738d828ad5705acdd1f,1.0,4191411567,1036633425,1734769477,2018-07-05,delivered,149.9,12.54,162.44,credit_card,5.0,6.0,-6.0,0.0
263561538,e158e6aaed1732fbac39e9411f33f48a,1.0,2076936711,2411122120,2082347993,2018-07-22,delivered,89.98,27.71,117.69,boleto,1.0,30.0,1.0,1.0
2045270970,5c970ae2d7acc353fb8a086fa101ba95,1.0,531754111,174750780,523493826,2018-08-11,delivered,122.99,25.21,148.2,credit_card,4.0,10.0,-27.0,0.0
1723565927,aa6e3cc7cf13ef1dc599d1243daee6f6,1.0,3302856466,642827039,817416274,2018-08-18,delivered,129.0,23.7,152.7,boleto,1.0,8.0,-24.0,0.0
1014120514,a593e3fb1608a34cd19aabbebc709931,1.0,2700219434,2067738168,1755005248,2018-07-08,delivered,99.9,18.75,118.65,credit_card,1.0,3.0,-13.0,0.0
3051482748,495f50370bfcd6d6d0b950516842799e,1.0,3523203645,3657325725,1350631362,2018-08-16,delivered,16.9,15.23,32.13,credit_card,1.0,6.0,-7.0,0.0
492543012,dc54f7ab58e8feced89cf7f0bb97fc77,1.0,2828612094,3814769903,1993625437,2018-08-05,delivered,49.9,18.45,68.35,credit_card,3.0,5.0,-6.0,0.0
2871849239,26d8e1e269a4f8603d993f7aba37a207,1.0,886433072,2687183114,389971305,2018-07-25,delivered,40.6,19.47,60.07,boleto,1.0,7.0,-16.0,0.0
1344682139,9bf42f15bce6cd9485c456da9885a3ee,1.0,4047366170,1903008729,1585314166,2018-07-12,delivered,49.9,7.61,57.51,boleto,1.0,8.0,-5.0,0.0
1958077548,4ed4fa202c468c14366fbf603c8698fd,1.0,2481581908,1536280807,179864683,2018-07-29,canceled,49.9,22.28,72.18,credit_card,3.0,,,
3871292631,0b5d86d1d6e2e765f19774b9572b1987,1.0,4047256434,499991835,1803873909,2018-08-15,delivered,249.9,16.06,265.96,credit_card,6.0,10.0,-3.0,0.0
2618861308,2d9b91a78d7d0b728d2c29ce3006d676,1.0,3295995208,1589646065,60670679,2018-07-30,delivered,47.0,51.05,98.05,credit_card,9.0,9.0,-37.0,0.0
2352040775,46f3c8f0f9ca12fb198779b7f99a0e0a,1.0,889111267,2480603570,3774023096,2018-07-01,delivered,39.9,18.38,58.28,credit_card,1.0,4.0,-20.0,0.0
2663542874,7d68f1da2ad6d6fa877e000788daf541,1.0,739705687,1334519081,605810449,2018-07-04,delivered,59.99,25.38,92.05329403095062,credit_card,4.0,9.0,-24.0,0.0
2587791023,7d68f1da2ad6d6fa877e000788daf541,2.0,739705687,40027416,1868809992,2018-07-04,delivered,35.0,25.38,53.70670596904936,credit_card,4.0,9.0,-24.0,0.0
976721325,7d68f1da2ad6d6fa877e000788daf541,3.0,739705687,1334519081,605810449,2018-07-04,delivered,59.99,25.38,92.05329403095062,credit_card,4.0,9.0,-24.0,0.0
1273798973,7d68f1da2ad6d6fa877e000788daf541,4.0,739705687,40027416,1868809992,2018-07-04,delivered,35.0,25.38,53.70670596904936,credit_card,4.0,9.0,-24.0,0.0
1977991337,a305557a41b3c1889b8e0d9255f9ef1a,1.0,3462626904,1842844458,2465488481,2018-08-28,delivered,63.99,11.47,75.46,credit_card,2.0,2.0,-5.0,0.0
310979580,96c2e97254411b014e9c6497388ae8bb,1.0,1701139804,1751831920,1553669565,2018-08-03,delivered,59.9,16.61,76.51,credit_card,5.0,11.0,-2.0,0.0
279992792,141f547cc0f5d65f5eb35f3bcc632818,1.0,1916130636,2704270240,1930594773,2018-08-09,delivered,32.0,7.48,39.48,boleto,1.0,5.0,-16.0,0.0
1658687943,05593bfa78dd87f8fb6d212a614f4b23,1.0,3496911053,3975056712,2304947736,2018-08-08,delivered,49.0,18.44,67.44,boleto,1.0,12.0,-2.0,0.0
3688763060,29f08eca9316db52a34130eeb52dffd0,1.0,3300760364,3395821686,1995175416,2018-08-01,delivered,349.99,64.47,414.46,debit_card,1.0,28.0,-14.0,0.0
3590253615,7078247b4971be7eaf2a42cf5c917761,1.0,3044269392,2352529399,3371283952,2018-08-18,delivered,55.2,56.87,112.07,credit_card,1.0,9.0,-7.0,0.0
1290130125,89f4eeb50c7a4ccda70e82cfd0145c89,1.0,4113595294,1041101825,1115532295,2018-07-09,delivered,33.9,12.9,46.8,credit_card,4.0,2.0,-12.0,0.0
3359615951,b43a195dd28616394e0209e0499adcb9,1.0,3612508327,4274303514,926823165,2018-07-14,delivered,9.5,18.23,27.73,boleto,1.0,10.0,-8.0,0.0
1763599675,d27d8ff2b021f938c1638f8adbc2b3c1,1.0,567220951,3958160957,1815376146,2018-08-20,delivered,180.0,9.42,189.42,credit_card,1.0,1.0,-1.0,0.0
2645322147,d27d8ff2b021f938c1638f8adbc2b3c1,2.0,567220951,3958160957,1815376146,2018-08-20,delivered,180.0,9.42,189.42,credit_card,1.0,1.0,-1.0,0.0
1307134288,6cdda2ce8bf249e40f1a4a75b9fdef0d,1.0,611330875,1149174582,4244763206,2018-08-20,delivered,29.45,8.96,38.41,credit_card,1.0,2.0,0.0,0.0
1947539891,44dd8e3e7650c35a1973a42498626ded,1.0,1410473592,587380561,4071751220,2018-07-13,delivered,129.9,17.14,142.45740350188828,credit_card,5.0,2.0,-7.0,0.0
1191383183,44dd8e3e7650c35a1973a42498626ded,2.0,1410473592,425176961,727074973,2018-07-13,delivered,73.99,2.57,81.14259649811173,credit_card,5.0,2.0,-7.0,0.0
2634497307,9f459414e341be7328c349d9ba80a125,1.0,467509853,3854690300,3356407459,2018-07-29,delivered,699.98,121.95,821.93,credit_card,10.0,10.0,-22.0,0.0
3000465164,d077de666ab7b62a7aafd596bfd16deb,1.0,2211244209,3216599867,1919968767,2018-07-07,delivered,110.32,8.03,118.35,credit_card,3.0,6.0,-7.0,0.0
2074483195,315b1cdcef0a2c289b9ff0afe751c75b,1.0,2199475146,1495235030,753329531,2018-07-13,delivered,179.9,17.45,197.35,boleto,1.0,11.0,-14.0,0.0
1935649136,8a56969338e5970acc6a4e8d0e0c92a3,1.0,1556852875,369455113,2915668410,2018-08-02,delivered,30.0,14.51,44.51,boleto,1.0,5.0,-3.0,0.0
1665718468,dd24afdeaec4b19f1252b69021aa4ab8,1.0,3572350536,1789618671,1236024297,2018-08-13,delivered,29.9,7.63,37.53,credit_card,1.0,3.0,-4.0,0.0
1773178229,be6a7fe72fe67600cceb9213855d6551,1.0,2890990116,412877893,1276368770,2018-08-06,delivered,127.27,9.64,136.91,boleto,1.0,10.0,1.0,1.0
2445437886,34a85515e648322e7dc31efc6da5ff02,1.0,1835442511,4208494697,1813314038,2018-07-19,delivered,17.9,18.99,36.89,credit_card,2.0,4.0,-28.0,0.0
3518798972,2df3629aa299e4d981055ac3f6be5817,1.0,3377678755,685081976,1867257412,2018-08-07,delivered,93.99,11.68,105.67,boleto,1.0,7.0,1.0,1.0
2788225522,87ddbca935f5971922d9f64a5b8a250f,1.0,1949812219,334327205,2812297156,2018-07-25,delivered,106.0,15.84,121.84,credit_card,1.0,5.0,-9.0,0.0
1745450018,b0fc31a7c51a6ab32e3d9c79a9e88432,1.0,3857200,1968121794,730094745,2018-08-08,delivered,41.0,8.45,49.45,credit_card,2.0,6.0,-6.0,0.0
44298223,c62dc502431fbf54699cf00a9e938688,1.0,3629005305,344482727,3770405468,2018-07-11,delivered,239.9,24.62,264.52,credit_card,5.0,2.0,-13.0,0.0
1441408144,434f170d048d285d4841d3fa653a4507,1.0,851992333,774870517,4109304321,2018-07-06,delivered,149.0,51.76,200.76,credit_card,1.0,13.0,-19.0,0.0
1718676293,93042fe5b79e4daa53ad9d1b34bd6c15,1.0,2098310507,2040530689,934960704,2018-07-09,delivered,48.49,9.09,0.0,unknown,0.0,3.0,-7.0,0.0
764344909,04749a8c0b72cda9ebbd79d27a0d1e40,1.0,2944951166,269002431,1572386826,2018-07-23,delivered,214.0,18.43,232.43,credit_card,4.0,14.0,-9.0,0.0
3316510548,bca42f7a909e7ef1946eee14699f6e87,1.0,1820754342,3304200972,2250123381,2018-08-13,delivered,64.0,13.11,77.11,credit_card,3.0,8.0,-8.0,0.0
1421635223,8b5e19adc5101e4b002ed7c4dfd0ecb3,1.0,1018580133,3491487175,2890074202,2018-07-04,delivered,128.0,13.56,141.56,credit_card,10.0,3.0,-16.0,0.0
1773202176,68abcdb32d1d556523e070ecf312b7d4,1.0,2970621895,584506571,2949449251,2018-08-10,delivered,26.5,8.35,34.85,boleto,1.0,21.0,15.0,1.0
1334599117,d813e348dc770d6502142ea26ace4156,1.0,1469972340,20796579,2073919491,2018-07-24,delivered,65.0,7.72,72.72,credit_card,1.0,6.0,-11.0,0.0
1914682306,728f6c4bcd81ebdfeb353bb9b0893a12,1.0,1815978859,1001693263,1591416872,2018-08-04,delivered,185.9,19.4,205.3,credit_card,3.0,6.0,-10.0,0.0
2874452966,70a4b21bf18001a99d94bf894697b8c1,1.0,4227637928,1821415599,2250522530,2018-08-03,delivered,87.0,27.89,114.89,boleto,1.0,17.0,-4.0,0.0
3179786352,70a4b21bf18001a99d94bf894697b8c1,2.0,4227637928,1821415599,2250522530,2018-08-03,delivered,87.0,27.89,114.89,boleto,1.0,17.0,-4.0,0.0
3124912147,47f05ae89d6bcb551be15cba2f14352f,1.0,3216547587,48271333,2870196462,2018-07-07,delivered,54.9,8.54,63.44,credit_card,2.0,5.0,-7.0,0.0
509203928,bfb517ecdbd8ef8716f682931140acb0,1.0,3312927149,808719774,4242829885,2018-07-16,delivered,35.0,17.38,52.38,credit_card,5.0,7.0,-9.0,0.0
2800024797,88503051b9833f27c9492939bcfe2a6a,1.0,2453735034,3674741738,2580370799,2018-07-16,delivered,184.9,16.39,201.29,credit_card,2.0,7.0,-24.0,0.0
2909593385,cdf713b645faa55bba5c66e66aeef41e,1.0,349071786,2634149947,1782108900,2018-08-15,delivered,17.9,8.29,26.19,boleto,1.0,13.0,2.0,1.0
2095977446,b669dc3736aa7bf3f5f181f9f460dde5,1.0,3143047246,3112138235,4100118840,2018-08-28,delivered,41.9,7.55,49.45,credit_card,2.0,1.0,-7.0,0.0
1580526783,0b52695e8c759b22075c6937089c4158,1.0,1207356132,1620569806,123833255,2018-08-03,delivered,10.0,7.39,17.39,boleto,1.0,4.0,-2.0,0.0
3402083978,1184c1bbcfb488132ee2bca2c07cd743,1.0,1511030477,1529402584,3522250725,2018-08-16,delivered,45.97,13.9,59.87,credit_card,5.0,5.0,-6.0,0.0
3198699245,da2b5ed33ae5068005e9d2c43e7a3de1,1.0,2556821852,2942794295,2200182065,2018-08-12,delivered,119.0,22.7,156.92059814658805,debit_card,1.0,9.0,-2.0,0.0
2648608262,da2b5ed33ae5068005e9d2c43e7a3de1,2.0,2556821852,1835126042,3003602011,2018-08-12,delivered,23.44,22.69,30.909401853411968,debit_card,1.0,9.0,-2.0,0.0
856581113,090c6fd239a12ac8f6a825897ee15d6d,1.0,538417476,897577795,737969628,2018-07-17,delivered,114.9,23.6,138.5,credit_card,2.0,7.0,-22.0,0.0
1290694088,2dfa51c98a51f07b53a1de6bec31a20c,1.0,53072172,1277571969,1763790356,2018-08-17,delivered,199.0,21.66,220.66,credit_card,3.0,6.0,-12.0,0.0
3494700682,d1ef94426d8030042fb422bf0891ded3,1.0,3089236151,3969958778,1503930686,2018-08-06,delivered,166.9,18.3,185.2,boleto,1.0,4.0,-4.0,0.0
1495451593,ca207209c40b29d76714f77acf8189e5,1.0,1613739269,833370282,1579174796,2018-08-19,delivered,32.99,12.89,45.88,credit_card,4.0,8.0,-2.0,0.0
3329020816,2809bdf222a943e3f8f49ff324724f43,1.0,3096672435,465919497,3124966291,2018-07-31,delivered,39.99,15.38,55.37,credit_card,1.0,7.0,-9.0,0.0
3194185309,3ccd24b53560c0fe294750d98a057584,1.0,647823559,1393903013,91113541,2018-07-03,delivered,35.9,11.74,47.64,boleto,1.0,6.0,-9.0,0.0
2732591320,7b5004a23c4918b7c96c9d0cfd6107b6,1.0,207781662,2527224531,4240207971,2018-08-04,delivered,369.0,25.52,394.52,credit_card,8.0,9.0,0.0,0.0
116215538,a863fef6caa86aa29cabfbf7e0b6f911,1.0,1938007097,802872644,1076978718,2018-08-16,delivered,2299.0,24.25,2073.25,credit_card,10.0,13.0,-12.0,0.0
693938389,17ed0f7caba8fd5b357549ea4161fc38,1.0,2329070072,1249587417,4118774780,2018-08-11,delivered,135.0,17.88,152.88,credit_card,4.0,9.0,-8.0,0.0
2785518368,24e0c8a6c71a0f631d7bae7a647aa5cf,1.0,2230498396,3818021243,2023461531,2018-07-23,delivered,289.0,10.18,299.18,credit_card,4.0,2.0,-5.0,0.0
4028427382,30be16216274609ebd712f8169950eee,1.0,3654841436,3133568217,179864683,2018-07-19,delivered,19.9,15.24,35.14,credit_card,1.0,8.0,-24.0,0.0
2669578804,27985bef55ec339f228456aa727e3e87,1.0,2071770524,2177813779,1856359935,2018-07-21,delivered,63.99,8.61,72.6,credit_card,1.0,9.0,-9.0,0.0
3277463283,d063dcc119860db74b0e76cbac5fb4ca,1.0,2979637956,3880537531,2304947736,2018-08-21,delivered,54.0,19.29,73.29,credit_card,3.0,8.0,-20.0,0.0
894261448,ba436db3c441f63a8ed34e695ed2e9f4,1.0,2088456638,1920796201,2173695781,2018-07-31,delivered,99.99,23.69,123.68,boleto,1.0,2.0,-10.0,0.0
2063963095,964d7960d6a2fad0dbe19f9365bfac2d,1.0,2825989895,3403869440,2303787513,2018-07-24,delivered,134.99,13.61,148.6,credit_card,1.0,3.0,-11.0,0.0
2615725866,5d008274e5bc6e6fa48c833c4b0f36a1,1.0,1365054154,142286601,1766478232,2018-08-20,delivered,52.0,18.46,70.46,credit_card,2.0,4.0,-31.0,0.0
1075641706,dbcb89699a4736bcef1373eb9d8ae5d1,1.0,4105789935,2895192354,3853443854,2018-07-31,delivered,117.4,18.92,136.32,credit_card,5.0,5.0,-11.0,0.0
303164759,dbcb89699a4736bcef1373eb9d8ae5d1,2.0,4105789935,2895192354,3853443854,2018-07-31,delivered,117.4,18.92,136.32,credit_card,5.0,5.0,-11.0,0.0
590119151,045b9114be21f880246ba6d749f577af,1.0,3842046023,3822837750,3659481684,2018-08-11,delivered,42.89,18.4,61.29,credit_card,6.0,6.0,-13.0,0.0
351179431,90e3ed5bc7c3104c5d7012e809f4b399,1.0,3033551288,1025798418,3446539219,2018-08-09,delivered,95.9,18.77,114.67,credit_card,9.0,20.0,-11.0,0.0
1086765777,6fa1b046e2e8e336c8350c7e1600bb32,1.0,98569452,2259314988,4132039069,2018-07-27,delivered,98.0,9.44,107.44,boleto,1.0,5.0,1.0,1.0
3267846627,c6d6debf53b012b5b280530352c67792,1.0,1481335562,1330214808,353620887,2018-08-08,delivered,429.9,25.81,455.71,credit_card,10.0,12.0,-3.0,0.0
2134758306,3c3d88787b28904377716a09b10fb0e4,1.0,3915119103,2334885979,4220048581,2018-08-02,delivered,129.99,21.55,151.54,debit_card,1.0,6.0,-5.0,0.0
3105329844,2f0f1657f49de673ff9c502c8fd8235f,1.0,380663427,592096461,2304947736,2018-08-17,delivered,78.0,18.65,96.65,credit_card,3.0,11.0,-20.0,0.0
3605009228,b022e6618cd7a7bd4a981f0e7951922c,1.0,2676108330,3975056712,2304947736,2018-08-21,delivered,48.0,7.6,55.6,boleto,1.0,5.0,0.0,0.0
1645764894,48cfadf939f8bc6a5f3890799a9c62f5,1.0,4168298935,3522643365,3078723279,2018-07-18,delivered,22.13,12.82,0.0,unknown,0.0,4.0,-9.0,0.0
4043577307,3bb5b510c269261066a258389a2e00d7,1.0,3825619406,1567030015,2812297156,2018-08-02,delivered,330.0,21.22,351.22,credit_card,5.0,8.0,-13.0,0.0
3612555571,24778d0f71e47bff8721b93b3aa5b898,1.0,1106571882,3385971451,2636346249,2018-07-05,delivered,27.99,7.46,35.45,credit_card,1.0,6.0,-7.0,0.0
4270240469,943035d73ee455c651564e940e946391,1.0,1092411797,3973183363,2304947736,2018-08-05,delivered,49.0,8.5,57.5,boleto,1.0,2.0,-1.0,0.0
2794522708,5041274e6fb755ecb3f38d5285c396b2,1.0,598914022,2635806708,445778927,2018-08-17,delivered,189.9,9.49,199.39,credit_card,4.0,4.0,-1.0,0.0
270631271,c4ae7b6961af19604f1a9d8313f5a4c0,1.0,4255058911,2013442943,368619248,2018-07-18,delivered,29.0,7.46,36.46,boleto,1.0,2.0,-6.0,0.0
1662525690,59d926a10c7bbe3763d2ed1fe40afdd1,1.0,2420705269,1672925611,854629258,2018-07-06,delivered,69.99,88.0,157.99,boleto,1.0,18.0,-14.0,0.0
2531205110,3d67d1613ecb493299891b537b079f48,1.0,3915608043,665862386,9861004,2018-08-05,delivered,79.9,24.17,104.07,boleto,1.0,5.0,-12.0,0.0
733380712,34ce0ca85ae4e7d8cad0c61a10236321,1.0,2672433769,3499652538,1235636180,2018-07-17,delivered,149.9,13.71,163.61,credit_card,2.0,5.0,-8.0,0.0
562619499,2efe3d3b0ddc295d2ce1c43f021078cb,1.0,3207998638,4150962484,1524586005,2018-07-29,delivered,8.88,8.29,17.17,credit_card,1.0,24.0,16.0,1.0
653405934,2efe3d3b0ddc295d2ce1c43f021078cb,2.0,3207998638,4150962484,1524586005,2018-07-29,delivered,8.88,8.29,17.17,credit_card,1.0,24.0,16.0,1.0
422143021,2efe3d3b0ddc295d2ce1c43f021078cb,3.0,3207998638,4150962484,1524586005,2018-07-29,delivered,8.88,8.29,17.17,credit_card,1.0,24.0,16.0,1.0
836482815,2efe3d3b0ddc295d2ce1c43f021078cb,4.0,3207998638,4150962484,1524586005,2018-07-29,delivered,8.88,8.29,17.17,credit_card,1.0,24.0,16.0,1.0
3069938232,2efe3d3b0ddc295d2ce1c43f021078cb,5.0,3207998638,4150962484,1524586005,2018-07-29,delivered,8.88,8.29,17.17,credit_card,1.0,24.0,16.0,1.0
3866263432,2efe3d3b0ddc295d2ce1c43f021078cb,6.0,3207998638,4150962484,1524586005,2018-07-29,delivered,8.88,8.29,17.17,credit_card,1.0,24.0,16.0,1.0
2709612069,21a4664de3039c3f5b8bc3701c87a1fe,1.0,873199945,770561704,1550185782,2018-08-10,delivered,75.99,23.33,99.32,credit_card,1.0,7.0,-6.0,0.0
405764488,9350d73de3cd100398a33f60fb84f46f,1.0,1842136383,2360742991,3983363317,2018-07-16,delivered,120.0,27.14,147.14,credit_card,1.0,7.0,-14.0,0.0
4023417777,a6a55e24963a7ded7aa4b38b8c199565,1.0,4135416342,4203936328,471171552,2018-08-14,delivered,59.9,9.17,69.07,boleto,1.0,3.0,-3.0,0.0
4139063946,846c941773da09ad50f2bb47aae3981d,1.0,4231758851,174750780,523493826,2018-08-13,delivered,122.99,17.05,140.04,credit_card,6.0,7.0,-21.0,0.0
95244464,8333a97ebae7fc470923e0ab9e9f0737,1.0,1278038637,4064384028,3583083943,2018-07-05,delivered,29.7,16.4,46.1,boleto,1.0,8.0,-12.0,0.0
4022232341,0b3d6a3ba1e60a466b54775dcff1bf7d,1.0,3266339555,3138930607,728604636,2018-08-15,delivered,169.99,41.48,211.47,boleto,1.0,11.0,-4.0,0.0
3804914276,40c557817a4ef8b8ca3481447849539d,1.0,877952216,3137298482,1512163182,2018-08-05,delivered,58.0,13.75,71.75,credit_card,1.0,8.0,-30.0,0.0
3966398251,93d336256cb2fc7b61c9030d24d0f031,1.0,1179822102,174750780,523493826,2018-08-16,delivered,122.99,63.11,186.1,credit_card,5.0,8.0,-20.0,0.0
321872238,1eea3e040d4f470f07e0082d69552ca3,1.0,4133986434,2619918439,3770364303,2018-07-18,delivered,29.99,18.31,48.3,credit_card,2.0,7.0,-15.0,0.0
1335829560,5750176b86face010c6348ba78fb4a99,1.0,2522500925,2874774075,2997337676,2018-07-24,delivered,549.9,25.78,575.68,credit_card,8.0,21.0,-14.0,0.0
417936133,afc68d1f35e9dfe8220c9b9e27647065,1.0,4041613410,2823933067,1040030263,2018-07-16,delivered,49.0,18.44,67.44,credit_card,1.0,9.0,-6.0,0.0
1715810043,4c2c1ba64cf96059fe8443c06557c0e1,1.0,1414076298,3969958778,1503930686,2018-08-10,delivered,166.9,27.47,194.37,boleto,1.0,10.0,-7.0,0.0
3924951892,51f35f39bf5cf70713cb1354b2616e07,1.0,4157768347,2669739086,3671667280,2018-07-25,delivered,712.3,152.54,864.84,credit_card,6.0,7.0,-12.0,0.0
2263489334,95329bc75845ea5b52290fba0e025e0f,1.0,893294281,1558280754,2154000458,2018-08-05,delivered,19.99,7.66,27.65,credit_card,4.0,4.0,-26.0,0.0
1454275923,95329bc75845ea5b52290fba0e025e0f,2.0,893294281,3095693141,2154000458,2018-08-05,delivered,19.99,7.66,27.65,credit_card,4.0,4.0,-26.0,0.0
3138952025,95329bc75845ea5b52290fba0e025e0f,3.0,893294281,3884022181,2154000458,2018-08-05,delivered,19.99,7.66,27.65,credit_card,4.0,4.0,-26.0,0.0
2419766286,4ddb370d653e752b4440027fec64e3e7,1.0,3586660334,1686868560,2876593141,2018-07-25,delivered,74.9,18.62,0.0,unknown,0.0,4.0,-14.0,0.0
3302666743,2d141367a3c00a99a25764eced13ef4e,1.0,831535857,2489776040,2262232400,2018-08-06,delivered,59.0,7.67,66.67,credit_card,1.0,1.0,-6.0,0.0
3057690831,47bd07d647eeb63f437e58a1ee3b3733,1.0,1932041628,599914151,581044507,2018-07-08,delivered,299.99,52.82,352.80999999999995,credit_card,8.0,26.0,-5.0,0.0
904470918,311eb3425fa63439e2f9bba0d60d8768,1.0,2831016467,1819289724,819761952,2018-08-15,delivered,34.0,9.55,43.55,debit_card,1.0,2.0,-5.0,0.0
3370538919,bcddcd2f3dbe84b7b93697873e16a971,1.0,2218091321,1934518943,96764808,2018-08-26,delivered,14.9,15.23,30.13,credit_card,1.0,3.0,-13.0,0.0
1547490227,06f38dfd220e723c33a775d36f5d2756,1.0,689774747,221280401,1622838244,2018-07-02,delivered,299.99,29.05,329.04,credit_card,4.0,3.0,-32.0,0.0
185687627,0478ce23b7b39ac01b3bbd39109b083a,1.0,980419533,251415224,1423184178,2018-08-10,delivered,135.0,16.05,151.05,boleto,1.0,7.0,-5.0,0.0
4154186211,5f3c3f02ee527647eadaeab108a89f51,1.0,3808476479,2788952506,1524586005,2018-08-06,delivered,35.9,30.53,44.18707190511489,credit_card,4.0,11.0,-5.0,0.0
2032133395,5f3c3f02ee527647eadaeab108a89f51,2.0,3808476479,855398928,3741694444,2018-08-06,delivered,99.0,0.61,121.85292809488509,credit_card,4.0,11.0,-5.0,0.0
1017296266,dc15d43ae100ecc5bac78d9e974af643,1.0,2825546873,701073578,2892609914,2018-08-19,delivered,39.0,13.85,52.85,credit_card,5.0,7.0,-3.0,0.0
1500974278,29446d5a7212cd18dec57e1ba28c2dee,1.0,3203952499,3420221311,123833255,2018-08-02,shipped,32.0,16.41,48.41,credit_card,1.0,,,
1271986094,d54585273ec1cbb4c450e524d11d2277,1.0,1349265009,1060521812,2636346249,2018-08-03,delivered,24.99,17.11,42.1,boleto,1.0,12.0,-5.0,0.0
1806983865,454b6ccf9f8f2c12b3a00ee763e027b9,1.0,758577708,2817707932,47085388,2018-08-19,delivered,45.0,15.42,60.42,credit_card,1.0,5.0,-11.0,0.0
1985941864,e29a4d10668e15562da79e3366da92d8,1.0,903655398,371202001,1868809992,2018-08-07,delivered,27.0,21.49,48.49,boleto,1.0,13.0,-3.0,0.0
1463519222,162cf02f9877cddb71e0bb217b585128,1.0,3553777578,23215247,730094745,2018-08-02,delivered,48.0,22.27,70.27,credit_card,3.0,17.0,-21.0,0.0
3705053865,9aa3595de5e0569f4e0762bf2d005d19,1.0,2408140457,1164922535,3659481684,2018-08-19,delivered,74.89,17.45,92.34,credit_card,9.0,8.0,-23.0,0.0
4153962646,305daa1af560f81a4225d0d70f636a51,1.0,3596160484,3635075746,3996093901,2018-08-13,delivered,53.0,7.63,60.63,credit_card,1.0,4.0,0.0,0.0
2357895718,305daa1af560f81a4225d0d70f636a51,2.0,3596160484,3635075746,3996093901,2018-08-13,delivered,53.0,7.63,60.63,credit_card,1.0,4.0,0.0,0.0
1995848188,334f482925d3aa622ddc1f0766af4736,1.0,2565843427,4212939011,3009700174,2018-07-29,delivered,159.9,26.49,186.39,credit_card,3.0,8.0,-9.0,0.0
4208602357,90e6c18b53175478f9663465aa3b6f6e,1.0,2349766200,2184882008,2304947736,2018-08-03,delivered,45.0,7.58,52.58,boleto,1.0,5.0,0.0,0.0
939896781,1b2d35912f9c5a605c93adf4b3b74839,1.0,3230973385,849879904,2845521358,2018-08-09,delivered,59.5,13.08,72.58,credit_card,3.0,3.0,-14.0,0.0
438784453,89812ae1f27bd0baa142a3aa9ab5cb49,1.0,3259496863,340821601,1432305819,2018-08-27,delivered,49.99,8.86,58.85,credit_card,1.0,1.0,-2.0,0.0
184300816,59242532335f9d910b9f7d22be39bb59,1.0,3544007822,745894483,1379301944,2018-08-03,delivered,120.9,38.99,159.89,credit_card,1.0,24.0,-29.0,0.0
4068176314,4ec2eea90506ad5dd1284a1a7e4cafee,1.0,2296616645,1853938317,1782108900,2018-07-26,delivered,29.9,11.23,41.13,credit_card,1.0,7.0,-5.0,0.0
3519045735,aa55fe8ca349feb37768777a5908d285,1.0,1276611502,3751937098,1968527714,2018-08-13,delivered,72.0,16.69,88.69,credit_card,4.0,4.0,-19.0,0.0
976441730,6443b4f756cbc4f80a3b160fd117bfeb,1.0,3541816508,3683593540,4156473050,2018-08-05,delivered,35.9,7.51,43.41,credit_card,1.0,1.0,-2.0,0.0
2519973992,58d9d5cd92518cf1b61072e5edfd768d,1.0,3239014262,4127033778,730094745,2018-08-12,shipped,17.0,12.43,29.43,voucher,1.0,,,
72991857,58d9d5cd92518cf1b61072e5edfd768d,2.0,3239014262,4127033778,730094745,2018-08-12,shipped,17.0,12.43,29.43,voucher,1.0,,,
2455805578,7a0f0934c14eafa4b5afc9a590b9386f,1.0,3191931778,87510985,3600367152,2018-07-04,delivered,38.8,21.57,60.37,boleto,1.0,6.0,-14.0,0.0
1484734168,7d3641e32d8be63b62c24a62992e6e56,1.0,4006727445,3301926855,1361108180,2018-08-03,delivered,209.99,19.57,229.56,credit_card,1.0,6.0,-10.0,0.0
4030209501,352ad67deb8528562cff60c00dc6e99a,1.0,1859303301,1715952204,2023461531,2018-07-08,delivered,99.0,8.85,107.85,credit_card,1.0,3.0,-8.0,0.0
1294634082,466788a67857c13f5cda29829a296a92,1.0,3920030583,1529402584,3522250725,2018-07-29,delivered,45.97,13.9,59.87,credit_card,1.0,3.0,-5.0,0.0
2720434443,466788a67857c13f5cda29829a296a92,2.0,3920030583,1529402584,3522250725,2018-07-29,delivered,45.97,13.9,59.87,credit_card,1.0,3.0,-5.0,0.0
530039007,7fff8403a17cbabb03a5b81050a51012,1.0,3789395901,376730360,420819844,2018-08-23,delivered,30.0,7.47,37.47,credit_card,1.0,4.0,-1.0,0.0
3772355521,afe99ae914ade8c6cc4b6bb2db33070d,1.0,988887920,3864235219,2622583364,2018-07-20,delivered,56.9,18.5,75.4,credit_card,3.0,11.0,-16.0,0.0
4118207864,d2eb9999568d1bba9d671c53926039cc,1.0,1435404850,3942698953,1408870915,2018-07-18,delivered,139.99,15.29,155.28,credit_card,8.0,4.0,-9.0,0.0
584176133,d524e77bf9d7d01dec8ba849212ee527,1.0,1544559070,2376052567,4270440653,2018-08-02,delivered,159.99,20.31,180.3,credit_card,2.0,8.0,-10.0,0.0
3717521326,68a049ac76db01ce0790c5dc64351140,1.0,2993865284,1619330562,123833255,2018-08-06,delivered,50.0,14.66,64.66,credit_card,3.0,9.0,-4.0,0.0
2128958047,1d4f81fabfc6dadb18f166298fc6aaad,1.0,1468989437,4093084444,2304947736,2018-07-01,delivered,145.0,8.28,153.28,boleto,1.0,4.0,-10.0,0.0
59616080,570975ba79d1ebbf8ea51ff4536e8b9e,1.0,3165546224,4208151552,4224383304,2018-08-19,delivered,379.0,43.63,422.63,credit_card,2.0,9.0,-15.0,0.0
1614235355,2b8c5991476242babd85ba5b7ca5a7cd,1.0,1551425979,3387805067,2627674247,2018-08-07,delivered,164.9,23.95,188.85,credit_card,8.0,3.0,-11.0,0.0
998474283,2b8c5991476242babd85ba5b7ca5a7cd,2.0,1551425979,3387805067,2627674247,2018-08-07,delivered,164.9,23.95,188.85,credit_card,8.0,3.0,-11.0,0.0
1900348450,b3d71a2000f053668c1baac73b5fe4d7,1.0,605589201,650566202,1763790356,2018-07-17,delivered,219.0,38.44,257.44,boleto,1.0,17.0,0.0,0.0
2667984979,debac352e54823e317babc2b6182b188,1.0,2480729068,302400981,2304947736,2018-08-02,delivered,49.0,13.0,62.0,boleto,1.0,5.0,-5.0,0.0
535416926,256439883edd623b95487713a1a0447f,1.0,697589484,825811821,53223181,2018-08-18,delivered,29.3,18.31,47.61,credit_card,3.0,4.0,-11.0,0.0
1311088223,7701ecd93e987006334fba168c936f20,1.0,277688793,1943790943,53223181,2018-07-17,delivered,50.49,51.07,101.56,credit_card,2.0,22.0,3.0,1.0
2467761444,697dd6059b52ae362ff66b900faebc21,1.0,1971371605,3466647513,2248653413,2018-07-02,delivered,65.0,23.61,88.61,boleto,1.0,10.0,-15.0,0.0
1946929431,1a3b6feac1253a77e02f09ec28406057,1.0,1971033331,1241208376,2023461531,2018-08-11,delivered,79.99,15.66,95.65,credit_card,2.0,16.0,0.0,0.0
2047007467,988f7742af86089855baaff514b6e4e0,1.0,1496806531,2253657984,342097555,2018-07-07,shipped,89.9,14.94,104.84,credit_card,6.0,,,
1314657664,779f93413b806f6eea6d1d88053f9e4f,1.0,743442581,1695291551,2213976081,2018-07-21,delivered,297.0,52.16,349.16,credit_card,10.0,6.0,-10.0,0.0
478647866,3b510aa86c6884da9a0f2d9960b2d9c1,1.0,3787837899,394339765,2304947736,2018-08-07,delivered,249.0,16.84,265.84,credit_card,5.0,8.0,-13.0,0.0
2661301883,a54dd045e3be5b2d21b3065c2b6f0131,1.0,2609369538,206269267,2797441517,2018-07-20,delivered,55.65,42.67,98.32,credit_card,1.0,7.0,-18.0,0.0
172652865,b77e821b63e7996ef7d5938586acd7e9,1.0,4185479456,1730761217,3909645171,2018-07-09,delivered,11.9,7.39,0.0,unknown,0.0,1.0,-7.0,0.0
367682441,62c01156265aaaec691a0634593dd678,1.0,2603413389,3108535712,2345198132,2018-08-19,delivered,105.0,53.82,158.82,credit_card,3.0,5.0,-6.0,0.0
3772897277,4c7ef39af59d31fa247f85d10ed414f6,1.0,2918811096,3025566640,2622583364,2018-07-14,delivered,179.9,51.98,231.88,credit_card,8.0,11.0,-19.0,0.0
807799401,8f0057f230f19e9f7ad1a5566ef6a980,1.0,3467141691,578639892,3037927932,2018-07-22,delivered,818.0,20.83,838.83,credit_card,8.0,11.0,-11.0,0.0
2668595352,addc2b54c70b7422a237c1a3494132a1,1.0,3589617159,40199562,3055580317,2018-08-17,delivered,69.9,26.79,96.69,debit_card,1.0,6.0,-19.0,0.0
1152198452,a59d7b222600db38a7e511fd9499719a,1.0,4005947210,2105439760,2900036235,2018-08-07,delivered,179.0,32.12,211.12,credit_card,5.0,6.0,-8.0,0.0
3416994728,702ec26902de328ad2830835af529b0b,1.0,50194591,1476638386,3526794372,2018-08-10,delivered,99.25,20.72,108.38474736257636,credit_card,10.0,4.0,-3.0,0.0
1587925384,702ec26902de328ad2830835af529b0b,2.0,50194591,4174706056,3526794372,2018-08-10,delivered,351.0,20.72,383.3052526374236,credit_card,10.0,4.0,-3.0,0.0
1405880117,1206cfbf9d0e7ea298926c2603a06821,1.0,4552819,763667658,1203697143,2018-08-17,delivered,12.88,18.23,31.11,credit_card,1.0,7.0,-25.0,0.0
4203879530,c51f7287f4c6537095b93e6d7bf66e17,1.0,2057307415,2665841440,1912895863,2018-08-19,delivered,405.89,20.05,425.94,credit_card,20.0,4.0,-1.0,0.0
2772855830,9217f2cdc9ff59c50fb2542e2b1f31a1,1.0,801720491,3049263696,2089148942,2018-07-01,delivered,179.9,67.85,247.75,credit_card,6.0,4.0,-20.0,0.0
2174480473,776e7f17ba3c9be25c0d7fa804b9f1f9,1.0,1174885883,3439775381,357383673,2018-08-08,delivered,69.9,17.62,87.52,credit_card,4.0,7.0,-13.0,0.0
1379828230,cf49cb20f726614d8f2bbd281489b0b3,1.0,2015619442,1241208376,2023461531,2018-07-23,delivered,69.99,13.15,83.14,credit_card,1.0,4.0,-10.0,0.0
3531913905,687accfa699af3e8e717fe27eb506da3,1.0,4117805797,2005163243,1019082252,2018-08-22,delivered,30.5,18.31,48.81,credit_card,1.0,8.0,-5.0,0.0
3924345620,d935a08ef5c50d36476868e9413cccea,1.0,2804501598,2662701955,1549914453,2018-07-08,delivered,39.9,7.54,47.44,credit_card,2.0,3.0,-8.0,0.0
2071359027,bd945884aa64e33bd6c1777facafc0ec,1.0,3102976643,3420221311,123833255,2018-08-11,delivered,32.0,16.41,48.41,credit_card,1.0,5.0,-5.0,0.0
2219263182,bd945884aa64e33bd6c1777facafc0ec,2.0,3102976643,3420221311,123833255,2018-08-11,delivered,32.0,16.41,48.41,credit_card,1.0,5.0,-5.0,0.0
816989756,5a2aaa78e3c69a74dd64b28846deb199,1.0,2338319759,2964204229,3027005292,2018-08-24,delivered,39.0,9.02,48.02,credit_card,4.0,4.0,-5.0,0.0
495196971,21f76c9cee317278663cbec02a2fb2f4,1.0,2722548934,633312690,177643490,2018-08-08,delivered,35.0,22.18,57.17999999999999,voucher,1.0,9.0,-4.0,0.0
3116788040,b899a41fdae17968d357d705b073a5ce,1.0,4010632078,1459063400,4194263931,2018-07-27,delivered,100.0,23.85,123.85,credit_card,3.0,17.0,-9.0,0.0
3709040439,b899a41fdae17968d357d705b073a5ce,2.0,4010632078,1459063400,4194263931,2018-07-27,delivered,100.0,23.85,123.85,credit_card,3.0,17.0,-9.0,0.0
2663952298,15a222c08d73b6b54752e805baba8bcd,1.0,3703704699,2527316328,2629314654,2018-08-13,delivered,16.99,7.39,24.38,boleto,1.0,3.0,-5.0,0.0
2488229696,684dd0a88e0981f537557582bc8acd90,1.0,447319082,1982252454,3393462886,2018-08-03,delivered,39.9,22.21,62.11,credit_card,6.0,7.0,-5.0,0.0
2109822944,c3c485b86c410043b6e4775e3def9a20,1.0,170143269,2781219658,1562587860,2018-07-09,delivered,139.77,37.89,177.66,credit_card,2.0,14.0,-14.0,0.0
233788030,d17f1a91c60b8fe9d060b2579f04fd0a,1.0,2512990748,1776620515,2475905934,2018-08-05,delivered,69.99,11.51,81.5,credit_card,1.0,11.0,2.0,1.0
3044275656,192799f07e375d72c4437c3a1bf074e9,1.0,3033766978,1720060514,9861004,2018-07-24,delivered,49.9,20.99,70.89,boleto,1.0,6.0,-8.0,0.0
568204153,994ed29211f61708b9c3c72ee898ce09,1.0,683892991,266457030,1521024051,2018-07-26,delivered,139.99,34.74,174.73,boleto,1.0,4.0,-14.0,0.0
3748609581,cd1c8a9edd4e0f98b94e0080a2190f30,1.0,2320626499,1073431018,2060950116,2018-07-04,delivered,59.9,19.61,79.51,boleto,1.0,7.0,-21.0,0.0
82786126,26492946caba5024f4d5e99dbdf4514f,1.0,118664527,1687922558,3285683747,2018-08-01,delivered,13.0,22.06,35.06,credit_card,1.0,9.0,-14.0,0.0
193257584,cdcc163c185b029690476757900236bf,1.0,863852495,1846698435,1553669565,2018-07-31,delivered,59.9,38.59,98.49,boleto,1.0,5.0,-1.0,0.0
2128568245,25ce89b82d611789988bd8dd3722c6af,1.0,3696848837,2981733354,1728046229,2018-07-25,delivered,59.99,14.73,74.72,boleto,1.0,7.0,-8.0,0.0
3458643381,504a177139942c6e3aee4be10accaac6,1.0,3031710952,240457420,3883719590,2018-07-24,delivered,27.45,22.99,50.44,credit_card,5.0,3.0,-17.0,0.0
2377756295,6370f4288632ef7c6da3672d12f5ba40,1.0,3208073218,2290455944,3089228157,2018-07-18,delivered,92.0,24.99,116.99,boleto,1.0,20.0,4.0,1.0
3002097599,c39c44584dde0d84f912a395af0bef21,1.0,1054331492,1003877477,261066546,2018-08-06,delivered,45.4,13.66,59.06,credit_card,8.0,8.0,-1.0,0.0
1246344467,c39c44584dde0d84f912a395af0bef21,2.0,1054331492,1003877477,261066546,2018-08-06,delivered,45.4,13.66,59.06,credit_card,8.0,8.0,-1.0,0.0
1714963581,bd0b62b8a0ca7bb988f6873cf9c4c4cf,1.0,1033783135,763228093,4127299331,2018-08-20,delivered,56.81,25.38,82.19,credit_card,1.0,4.0,-12.0,0.0
4112298997,9d4f40b767fac576ddb5e71af7db166c,1.0,1596230520,2413621728,2250123381,2018-08-13,delivered,75.0,10.0,84.995,credit_card,10.0,9.0,-23.0,0.0
1743131898,9d4f40b767fac576ddb5e71af7db166c,2.0,1596230520,2413621728,2250123381,2018-08-13,delivered,75.0,10.0,84.995,credit_card,10.0,9.0,-23.0,0.0
148993409,823e6849ed0014d669a9f8c6f7215c5e,1.0,4292194849,686713452,1266529499,2018-08-14,delivered,78.0,18.32,96.32,credit_card,1.0,2.0,-5.0,0.0
1569464350,2e5737bd3452cc165fb76f3a57447398,1.0,2549288003,1880950498,2023461531,2018-08-27,delivered,24.99,7.44,32.43,credit_card,1.0,1.0,-2.0,0.0
567045576,c75be4dbb0444f5234b73d0e700bc425,1.0,545310169,1676106037,2681412629,2018-08-22,delivered,96.99,7.94,104.93,credit_card,1.0,5.0,-3.0,0.0
908089155,afb288542740b18ca4e5dbf1544db413,1.0,3617137404,1537846427,3193283800,2018-08-11,delivered,110.0,23.57,133.57,credit_card,5.0,6.0,-11.0,0.0
429436382,8c1e23dce3f7db336aaa4426df2228d6,1.0,884407993,1357953438,196831707,2018-08-09,delivered,259.99,26.8,286.79,credit_card,4.0,5.0,-7.0,0.0
995169529,0eb7dc4e9168fd2e3bc791983492d99a,1.0,1628846919,3286585782,3667124800,2018-07-10,delivered,49.9,7.61,57.51,credit_card,1.0,2.0,-6.0,0.0
4222198935,09ddda124332d6c2489fba71284be7b6,1.0,955629485,3701598697,2845521358,2018-07-25,delivered,69.5,18.59,67.88,voucher,1.0,8.0,-11.0,0.0
558982736,72652c482c51119a0a338edba23e0027,1.0,1009602552,3203220975,3935591853,2018-08-09,delivered,148.8,24.91,173.71,credit_card,2.0,32.0,18.0,1.0
1021794743,6c8638c1f5868621b0dd457371188635,1.0,4127023160,945283945,2775148626,2018-08-20,delivered,19.49,12.8,32.29,boleto,1.0,6.0,-9.0,0.0
2327428812,a336de4bbd836a89f9cb2a5b58ed2578,1.0,2241399715,2938551658,1345082375,2018-07-20,delivered,210.0,48.52,258.52,voucher,1.0,38.0,18.0,1.0
2040404746,0c3d62f1aa70d604db3bc56082aee4ca,1.0,1280861410,3705209084,1624456352,2018-07-02,delivered,249.9,16.06,265.96,credit_card,10.0,4.0,-14.0,0.0
1492518363,0c3d62f1aa70d604db3bc56082aee4ca,2.0,1280861410,3705209084,1624456352,2018-07-02,delivered,249.9,16.06,265.96,credit_card,10.0,4.0,-14.0,0.0
563171718,484bc55c468ac3e8d5ca1ab45b24ff99,1.0,1082318456,744006729,3051201525,2018-08-18,delivered,56.0,13.97,69.97,credit_card,7.0,7.0,-6.0,0.0
2796908939,484bc55c468ac3e8d5ca1ab45b24ff99,2.0,1082318456,744006729,3051201525,2018-08-18,delivered,56.0,13.97,69.97,credit_card,7.0,7.0,-6.0,0.0
2436389539,123aa2088a801eabe35c3c67444e5fdf,1.0,3686517042,732105372,935749508,2018-07-14,delivered,53.98,13.96,67.94,credit_card,6.0,11.0,-5.0,0.0
730150576,24e12ba561ff6e969f0eebe60196e53c,1.0,529591929,3490772157,4028933957,2018-07-28,delivered,97.2,19.59,116.79,credit_card,10.0,9.0,-21.0,0.0
1493242061,c85e13fa13301ec2cb996db10353e737,1.0,1204563145,1100876085,3734320862,2018-07-17,delivered,49.95,18.45,0.0,unknown,0.0,9.0,-11.0,0.0
1016577721,7d5f9657103294db1e017f49a5e06c50,1.0,4248802143,3378882371,766667350,2018-07-17,delivered,25.0,19.37,44.37,credit_card,2.0,6.0,-15.0,0.0
1846740149,72074174b87a13299e5d0aad2dae6137,1.0,2651000608,2653143446,1361108180,2018-08-16,delivered,69.99,13.83,83.82,credit_card,1.0,5.0,-7.0,0.0
2549321544,4e6bffb5dac92c9750467794c5964bff,1.0,3370870063,1837924117,825200024,2018-08-13,delivered,51.9,15.46,67.36,credit_card,1.0,4.0,-6.0,0.0
132267965,79839957c6cbd8ae3f91d44c7e740207,1.0,1447974465,3481996454,818072497,2018-08-07,delivered,45.0,12.98,0.0,unknown,0.0,6.0,-1.0,0.0
1796774748,64ff09b60c2714ff11ebcf304ed21fb6,1.0,3929494693,4148813849,2021085665,2018-07-31,delivered,120.0,18.94,138.94,credit_card,2.0,7.0,-3.0,0.0
4278157097,1f5e41ca3a4a73a67d6ac937f4fe5422,1.0,1594397749,486554141,47085388,2018-08-05,delivered,45.0,15.42,60.42,credit_card,1.0,5.0,-10.0,0.0
3087502468,68e662b62c58ff7ef4002836145d6461,1.0,21455061,3905582764,357160637,2018-07-02,delivered,13.9,8.29,22.19,credit_card,2.0,5.0,-9.0,0.0
2043253154,0c70293ae727a4e81099ec24e6190342,1.0,472063800,2320548302,2304947736,2018-07-26,delivered,59.0,15.51,74.51,credit_card,1.0,7.0,-7.0,0.0
311909925,72c243506754c2100a51831b0bc5f891,1.0,598759714,39186483,3472463603,2018-07-02,delivered,90.0,20.58,110.58,credit_card,2.0,4.0,-18.0,0.0
1856039901,3dbc128d5a3af3b8a2560a67f42ff442,1.0,1084660876,3532713778,2681412629,2018-07-16,delivered,84.99,18.7,103.69,credit_card,3.0,4.0,-13.0,0.0
4017801430,d93ed72dc9abec13f2ad4ae2e531fada,1.0,3901220935,4102967413,737969628,2018-07-02,delivered,124.9,15.18,140.08,credit_card,8.0,4.0,-14.0,0.0
2066151142,4d4533e0d6931b2344cf5711561dd7fd,1.0,707311251,1570888716,53223181,2018-07-31,delivered,27.9,38.99,66.89,credit_card,1.0,8.0,-35.0,0.0
2209141237,a97a20383c7664aca72d666d1858be2a,1.0,1155474834,2773148603,819761952,2018-08-06,delivered,79.49,18.66,98.15,credit_card,1.0,9.0,-2.0,0.0
1561464718,8db2fc638531a7cfacb4b905716ab6b7,1.0,209599277,3621970897,2622583364,2018-07-29,delivered,162.9,13.8,176.7,credit_card,2.0,4.0,-6.0,0.0
3965222234,34eb48efa7e9b176505b9e6797f25a42,1.0,1611050361,1316129150,2997337676,2018-08-02,delivered,527.9,21.8,549.7,credit_card,8.0,20.0,-1.0,0.0
2350615604,ddcc0f4f6de9d30500e9e39e2127046d,1.0,2443818500,3064981304,1806598175,2018-07-01,delivered,118.0,27.81,145.81,credit_card,5.0,11.0,-18.0,0.0
2646976510,84d1b2c4bcd6e1ea29456bedb6b6530b,1.0,3406705144,2434217352,1919968767,2018-07-23,delivered,110.32,8.03,118.35,credit_card,5.0,4.0,-6.0,0.0
3606976213,b13a04ec39b8bcf8de9bd5626347937b,1.0,4279819150,4081925990,1919968767,2018-07-25,delivered,110.32,13.43,123.75,credit_card,6.0,8.0,-7.0,0.0
719019113,2bf01051ff9e5195111fd7ffaf865240,1.0,3630128232,2919195591,2612393066,2018-07-23,delivered,69.9,15.59,85.49,boleto,1.0,5.0,-16.0,0.0
2213856994,622db91c93396e938ca004d8303dba6c,1.0,2623382989,4109384596,925912501,2018-07-08,delivered,12.9,8.29,21.19,credit_card,1.0,3.0,-8.0,0.0
2580453405,3a7763a8b66b496ef5253606f9a09110,1.0,2135119094,3318117104,2997337676,2018-07-15,delivered,1359.9,31.45,1391.35,credit_card,8.0,16.0,-16.0,0.0
2226748074,677d63db4ed19c9c72226586219f5932,1.0,4222276041,2565501873,4109428959,2018-08-08,delivered,14.77,15.23,30.0,credit_card,3.0,7.0,-12.0,0.0
1928265532,51a6c901712ba9639464fa07a52b4fa2,1.0,1895721022,2989004851,4033467469,2018-07-26,delivered,39.9,9.03,48.93,voucher,1.0,1.0,-7.0,0.0
4116056095,51a6c901712ba9639464fa07a52b4fa2,2.0,1895721022,2989004851,4033467469,2018-07-26,delivered,39.9,9.03,48.93,voucher,1.0,1.0,-7.0,0.0
3848397642,3777fdee1e90e53636623e02ecccc4ba,1.0,366812731,1131793702,1994919736,2018-07-08,delivered,129.99,8.17,138.16,credit_card,1.0,3.0,-8.0,0.0
3835272279,6a29f292d5b7ce8ed3760e8480da5f55,1.0,2942902504,2108920627,1040030263,2018-08-16,delivered,79.0,51.27,130.27,credit_card,3.0,11.0,-9.0,0.0
564834235,161dded9453a3c4d5b6fd484128249a3,1.0,1202869474,3622325109,3935591853,2018-07-25,delivered,173.67,39.66,213.33,credit_card,2.0,13.0,-23.0,0.0
3066808125,30b2ad103e6982881929c367f930ab29,1.0,403900573,62517271,4253320293,2018-08-09,delivered,656.43,40.93,697.36,credit_card,6.0,4.0,-23.0,0.0
1839037761,19cb995d1cf31c1a9c3d00b9f9e7e5e3,1.0,2802452247,2703664508,9861004,2018-07-01,delivered,49.9,20.99,70.89,credit_card,1.0,9.0,-9.0,0.0
2672182880,9170186c3e28b22507dbc91c0da211ef,1.0,3353864306,2434825838,1734769477,2018-07-18,delivered,34.9,8.4,43.3,credit_card,1.0,5.0,-3.0,0.0
2789369245,9170186c3e28b22507dbc91c0da211ef,2.0,3353864306,2434825838,1734769477,2018-07-18,delivered,34.9,8.4,43.3,credit_card,1.0,5.0,-3.0,0.0
1303504755,4f4648dfa78caa119b66bd224242c826,1.0,772703898,211704435,3129531441,2018-07-01,delivered,28.95,18.3,47.25,credit_card,1.0,9.0,-16.0,0.0
462621243,c3305fed995a73b166f39c89a3a5bd6b,1.0,2687945357,1795904393,4038371640,2018-07-06,delivered,127.0,12.15,139.15,credit_card,2.0,5.0,-22.0,0.0
3817347392,2b870c394b01b5819a2df099f224b1cf,1.0,2598046918,4172097533,728604636,2018-08-10,delivered,329.9,68.84,398.74,credit_card,8.0,12.0,-12.0,0.0
506334426,404d71e18721243380c994069a7f411a,1.0,3321335004,2113566339,4071751220,2018-07-24,delivered,54.9,15.48,70.38,credit_card,1.0,2.0,-12.0,0.0
4153146207,676e56b18ff6a72033c922409a9d3a02,1.0,43648495,174750780,523493826,2018-07-06,delivered,122.99,25.21,148.2,credit_card,3.0,17.0,-9.0,0.0
2604339140,b0abfb398741998a8e47cc773b5e0edb,1.0,931503475,867746310,3667124800,2018-08-28,delivered,39.9,7.54,47.44,credit_card,1.0,2.0,-4.0,0.0
4056890235,907424cd045f2dcb775507e367f9ab60,1.0,892383545,2180676188,3016182256,2018-08-07,delivered,259.0,9.97,268.97,boleto,1.0,11.0,8.0,1.0
3484607963,96ad9be0316145857baf1f238b12e42c,1.0,3417314837,290866416,1696683105,2018-07-09,delivered,99.95,11.72,111.67,credit_card,4.0,2.0,-6.0,0.0
2137162430,a657f4281fa25af13388496f1075850d,1.0,3948792675,224851702,3633342575,2018-08-06,delivered,13.9,12.79,26.69,credit_card,5.0,6.0,-2.0,0.0
872716497,a657f4281fa25af13388496f1075850d,2.0,3948792675,224851702,3633342575,2018-08-06,delivered,13.9,12.79,26.69,credit_card,5.0,6.0,-2.0,0.0
1267361818,14ee9d8441fc68e3674444fb41597e05,1.0,2758217994,1062151879,3700740456,2018-07-24,delivered,89.99,11.65,101.64,credit_card,2.0,2.0,-6.0,0.0
350914968,cf91dadab9111371ef3973e8febe8d3e,1.0,1240857400,418571761,3659481684,2018-07-13,delivered,74.89,17.45,92.34,credit_card,6.0,10.0,-23.0,0.0
4171266747,04492e6b1fcee5317506f927e0e89eb2,1.0,1831453962,897577795,737969628,2018-07-17,delivered,114.9,15.11,130.01,credit_card,7.0,6.0,-8.0,0.0
592548310,15fe6ce03db9c275b01461f4f9f18ba8,1.0,451575758,530208064,2886549658,2018-07-26,delivered,22.0,18.25,40.25,boleto,1.0,7.0,-12.0,0.0
2310979897,ab463224aae0075d819f1a6a7d99e9ab,1.0,3897368401,2401292934,1579174796,2018-07-25,delivered,19.9,12.8,0.0,unknown,0.0,5.0,-9.0,0.0
3422477261,ab463224aae0075d819f1a6a7d99e9ab,2.0,3897368401,2401292934,1579174796,2018-07-25,delivered,19.9,12.8,0.0,unknown,0.0,5.0,-9.0,0.0
4047960141,9ddf2a1cb3163c05aa196a8e43336bfd,1.0,2862782057,2369108845,3851041961,2018-07-10,delivered,27.9,18.3,46.2,credit_card,1.0,10.0,-6.0,0.0
1849377865,1270910d921270ad6a35e504554c4068,1.0,718860337,4256177069,1868809992,2018-08-06,delivered,230.0,34.69,264.69,boleto,1.0,9.0,-6.0,0.0
1541744097,30f1c325f7c1c138e27a82ba984ee5bc,1.0,2047111424,113592548,1884653127,2018-07-02,delivered,29.9,19.4,49.3,boleto,1.0,8.0,-15.0,0.0
823747248,656e9f797d20f04e930e72b845c05437,1.0,133599695,3558688841,890939886,2018-08-13,delivered,38.9,15.37,54.27,credit_card,1.0,8.0,-16.0,0.0
3873550966,9fe28378e5a0c6b3f55ed7be6edf9ff4,1.0,1040213729,592871383,2511118077,2018-07-16,delivered,168.0,60.91,228.91,boleto,1.0,9.0,-29.0,0.0
980761615,9fe28378e5a0c6b3f55ed7be6edf9ff4,2.0,1040213729,592871383,2511118077,2018-07-16,delivered,168.0,60.91,228.91,boleto,1.0,9.0,-29.0,0.0
3938889594,c2fb804b4b295e3dbb9bbd7388946e32,1.0,3071530057,3426295990,1305533294,2018-08-05,delivered,78.8,18.65,97.45,credit_card,1.0,9.0,-15.0,0.0
2122283305,3edfecc4a611653ebb70ad242db1aa56,1.0,3351883775,661127957,3861952746,2018-08-15,delivered,239.9,68.82,308.72,credit_card,10.0,12.0,-21.0,0.0
1628968867,c9db1bfe07af2c4724a461a704c1ec67,1.0,2566164830,2926796163,2559221772,2018-07-30,canceled,35.0,8.41,43.41,credit_card,1.0,,,
3049695751,188d4eda8fa5f046fce1c7c8a309f61f,1.0,2077393453,1241208376,2023461531,2018-07-02,delivered,69.99,8.65,0.0,unknown,0.0,1.0,-12.0,0.0
659772711,a1f33ae024b8d5f324680039c8c26aca,1.0,3069914994,2771501331,3583083943,2018-08-18,delivered,160.75,22.43,183.18,boleto,1.0,8.0,-7.0,0.0
2383964848,33d1c541fe62cc7e7de82f1a6f7209f1,1.0,2627458488,4214663599,2819725049,2018-07-05,delivered,49.9,15.45,65.35000000000001,voucher,1.0,6.0,-13.0,0.0
1001794338,33d1c541fe62cc7e7de82f1a6f7209f1,2.0,2627458488,4214663599,2819725049,2018-07-05,delivered,49.9,15.45,65.35000000000001,voucher,1.0,6.0,-13.0,0.0
780035907,33d1c541fe62cc7e7de82f1a6f7209f1,3.0,2627458488,4214663599,2819725049,2018-07-05,delivered,49.9,15.45,65.35000000000001,voucher,1.0,6.0,-13.0,0.0
602441229,640733ad0bfd6eb8b4fa7c5a66188380,1.0,1382761519,1864460880,2627125470,2018-07-18,delivered,129.99,19.01,149.0,credit_card,5.0,6.0,-8.0,0.0
1846082121,30a2f24dd6770c91faa6b3481319204b,1.0,3965512734,3842112817,2614883157,2018-08-08,delivered,99.8,39.78,139.58,boleto,1.0,5.0,-2.0,0.0
3204627827,811fb2c7e16f59a332b36c2c87798007,1.0,15269539,2639364902,447945570,2018-07-18,delivered,49.9,23.11,73.01,debit_card,1.0,5.0,-15.0,0.0
3208095615,915cfc1bb5564cda804c1e544780f701,1.0,3282665458,2070490323,3633342575,2018-08-27,delivered,25.99,8.34,34.33,boleto,1.0,2.0,-2.0,0.0
2293667412,50987c164be26b0ad4ab868bdecbd6bf,1.0,2990058159,1095501838,1303264640,2018-07-19,delivered,429.98,22.35,452.33,credit_card,5.0,6.0,-5.0,0.0
2989749331,dad751910ee8793efe38a28bd04cf1d8,1.0,185973626,147138676,1008270582,2018-08-16,delivered,62.8,23.24,86.04,boleto,1.0,11.0,-10.0,0.0
724906592,685fba1a5551ac4728f304d9afc1b826,1.0,3947004817,3621970897,581044507,2018-08-24,delivered,160.0,8.86,168.86,credit_card,2.0,5.0,-6.0,0.0
2754699105,2b5d5c1847d069c5efeb82f4056c15d8,1.0,494035098,4040055055,2699454662,2018-08-07,delivered,69.9,20.74,0.0,unknown,0.0,6.0,-7.0,0.0
986579440,2b5d5c1847d069c5efeb82f4056c15d8,2.0,494035098,4040055055,2699454662,2018-08-07,delivered,69.9,20.74,0.0,unknown,0.0,6.0,-7.0,0.0
3849566736,2b5d5c1847d069c5efeb82f4056c15d8,3.0,494035098,77157731,3371283952,2018-08-07,delivered,64.86,11.52,0.0,unknown,0.0,6.0,-7.0,0.0
3357578459,e08de031276032b05881e30eac0860c9,1.0,2495043482,2974799942,3734320862,2018-07-28,delivered,49.95,18.45,68.4,credit_card,2.0,10.0,-28.0,0.0
2030758844,e2a0f7c30f5e78d97892b4140fdc0979,1.0,2455113198,1597415275,1503930686,2018-08-03,delivered,95.9,42.95,0.0,unknown,0.0,18.0,-7.0,0.0
3505835066,5e105321549880c6b806ccb3605eb980,1.0,638959553,3274548680,394552021,2018-07-23,delivered,219.99,71.75,291.74,credit_card,1.0,8.0,-14.0,0.0
2075070368,067cdcc9257641b7d0ed7a49a466dd8d,1.0,4166579698,264784434,1550185782,2018-08-02,delivered,85.99,22.88,108.87,credit_card,2.0,8.0,-18.0,0.0
2363107392,ced5e18d913f7ce60b82578152422dbe,1.0,4147936039,3311233139,4109304321,2018-07-23,delivered,155.0,20.28,175.28,credit_card,3.0,8.0,-13.0,0.0
1758329768,199b69907d6218811c47ec3480d11812,1.0,2014039881,4093084444,2304947736,2018-07-20,delivered,145.0,16.12,161.12,boleto,1.0,9.0,-4.0,0.0
3872957234,c32fc9ccb03292ac2e7a2c2f027394ff,1.0,1168730471,3975056712,2304947736,2018-07-17,delivered,49.0,15.44,64.44,credit_card,4.0,7.0,-21.0,0.0
1737123652,01ccfbb0ddf88340b6eed3f1370bcf0c,1.0,1479750205,4199665169,4086780073,2018-08-21,delivered,79.0,59.78,138.78,credit_card,10.0,9.0,-13.0,0.0
47258795,b21727c169d91071518836ff346b0c39,1.0,3997572884,3689171926,372703792,2018-07-22,delivered,130.0,18.71,148.71,debit_card,1.0,9.0,-14.0,0.0
3166656299,7e41af71933a120d6d0fcf9249f19a85,1.0,1136364313,370891885,3851041961,2018-08-20,delivered,21.9,12.81,34.71,credit_card,1.0,4.0,-7.0,0.0
161451800,1d8d38e40026ed1b2eb7a2e898c31ebf,1.0,3176536526,2100274060,3371283952,2018-07-19,delivered,461.84,34.92,496.76,credit_card,5.0,6.0,-14.0,0.0
3707669717,b8b331821864531800f736e470ad836b,1.0,1017402465,401359391,918571473,2018-07-12,delivered,173.9,19.32,193.22,boleto,1.0,15.0,-11.0,0.0
1742774737,2ad2d3393253922f6f46941e23089bf0,1.0,1608539441,3550265033,3267771422,2018-08-15,delivered,95.9,23.47,119.37,credit_card,1.0,12.0,-7.0,0.0
4159193191,cd718ff08da2d61cb462de44ae33bc56,1.0,2631792269,1700810135,605810449,2018-08-11,delivered,39.99,19.47,59.46,credit_card,6.0,5.0,-7.0,0.0
2477816120,cd718ff08da2d61cb462de44ae33bc56,2.0,2631792269,1700810135,605810449,2018-08-11,delivered,39.99,19.47,59.46,credit_card,6.0,5.0,-7.0,0.0
1363875809,258078cb7df97d7f72229c81af3cae4e,1.0,2895355955,3761904549,2012735916,2018-07-18,delivered,69.0,68.99,137.99,boleto,1.0,11.0,-9.0,0.0
257192201,8ea8033700913a32e94988adbe26d5aa,1.0,245352143,54050933,1716536501,2018-08-04,delivered,134.9,9.69,144.59,credit_card,2.0,3.0,-1.0,0.0
3416185904,216b8ce59251043404cc3b15cff651fc,1.0,3431717099,3652136957,2758705202,2018-07-29,delivered,15.0,7.39,22.39,boleto,1.0,4.0,-8.0,0.0
1130759857,216b8ce59251043404cc3b15cff651fc,2.0,3431717099,3652136957,2758705202,2018-07-29,delivered,15.0,7.39,22.39,boleto,1.0,4.0,-8.0,0.0
392305171,e269ca84795620d3adb86146ff38ad62,1.0,3918305757,718071674,1734769477,2018-07-31,delivered,29.9,18.31,48.21,credit_card,1.0,6.0,-7.0,0.0
3519542833,d53539c07b0e0bb28c0468574526dc88,1.0,2212645213,2196562317,3522250725,2018-08-06,delivered,47.97,14.65,62.62,credit_card,3.0,8.0,5.0,1.0
4136293558,26b5b516adaae71986064b4cd22076b3,1.0,255902729,1241208376,2023461531,2018-07-24,delivered,69.99,15.59,85.58,boleto,1.0,5.0,-22.0,0.0
2796177333,3f090361c1e3266bf3dda7a00df3c0ec,1.0,1561459770,3462785084,3049278770,2018-08-06,delivered,19.99,8.89,28.88,credit_card,1.0,5.0,-2.0,0.0
740271478,5651013318bbb1532392e6d03480e88d,1.0,2304315511,2924635560,1921184264,2018-07-24,delivered,130.0,23.71,0.0,unknown,0.0,10.0,-11.0,0.0
2236861320,df60585f4cb85bc7e7b6531f59920613,1.0,870841101,1819643303,1868809992,2018-07-16,delivered,78.0,41.53,119.53,credit_card,5.0,8.0,-13.0,0.0
4237113664,df60585f4cb85bc7e7b6531f59920613,2.0,870841101,1819643303,1868809992,2018-07-16,delivered,78.0,41.53,119.53,credit_card,5.0,8.0,-13.0,0.0
2165024508,9a50f016b349f16c4b2e42a4be02d1c3,1.0,1422994550,1205223205,3103215707,2018-08-04,delivered,259.99,18.01,278.0,credit_card,13.0,5.0,-14.0,0.0
3724224108,db55add8b42eee4c281c016ab8a5fc05,1.0,1534052461,2703341444,945263063,2018-07-08,delivered,59.9,13.08,72.98,credit_card,1.0,5.0,-12.0,0.0
4286640232,c17bec338f030a3c554f761083f037d1,1.0,2585123757,2830254752,687121961,2018-07-31,delivered,59.99,16.61,76.6,credit_card,5.0,5.0,-8.0,0.0
2633951919,750cb0e4a410a52a77ea1718a489393e,1.0,1173550339,71649296,212815993,2018-08-21,delivered,69.99,15.59,85.58,credit_card,1.0,8.0,-12.0,0.0
4106871814,318cbbe8d7e81a3901639555be1e8041,1.0,1293073327,760877367,233338587,2018-08-07,delivered,75.0,9.28,84.28,debit_card,1.0,6.0,-1.0,0.0
2678741748,b44c0f4d0cdb8ae7289069d703ca6db8,1.0,3980562105,1138786373,1868809992,2018-08-02,delivered,340.8,49.98,414.73614583333335,credit_card,10.0,7.0,-8.0,0.0
2226077276,b44c0f4d0cdb8ae7289069d703ca6db8,2.0,3980562105,3379495473,1868809992,2018-08-02,delivered,120.0,49.99,146.03385416666669,credit_card,10.0,7.0,-8.0,0.0
1814108942,52fe09ed9b59f3ee4be7b74b990d13bd,1.0,1226725788,2116048782,4055463965,2018-08-05,delivered,22.32,17.09,39.41,credit_card,2.0,19.0,-11.0,0.0
1077870562,0d5fb8614978748bcfbef448c8a74a17,1.0,2126518075,224105337,3446539219,2018-08-06,delivered,181.5,20.46,201.96,credit_card,4.0,9.0,-22.0,0.0
1152518831,17a020262f659ee7b1103f36824ee2f6,1.0,871488835,3439775381,357383673,2018-07-02,delivered,69.9,26.79,96.69,credit_card,1.0,6.0,-21.0,0.0
1100768007,2781c27ada78577137fb98ab7a31775a,1.0,3404896083,143113764,392238237,2018-07-19,delivered,159.9,19.29,179.19,credit_card,10.0,4.0,-4.0,0.0
3266383710,101625de5f3ea8064a2900b7b9235491,1.0,936336447,252270737,2580370799,2018-07-28,delivered,154.9,19.23,174.13,credit_card,8.0,26.0,0.0,0.0
1984870904,ceb22e0ea85b325aeee259c87e85fde6,1.0,2569627510,1808442981,1774440473,2018-07-07,delivered,60.9,22.36,83.26,boleto,1.0,5.0,-22.0,0.0
1223696833,cb3fd1d04f967b6c2d2fbb8f50970c8f,1.0,2597881860,496435662,1250028102,2018-08-23,delivered,65.0,13.12,0.0,unknown,0.0,7.0,-7.0,0.0
112833381,75c3991c985f0ad3e6c3b9ae67f16b76,1.0,3477784849,1966727283,3995891762,2018-08-05,delivered,173.93,24.02,197.95,credit_card,1.0,5.0,-5.0,0.0
2766626580,389ae1c2f97501a310919a2234e0ce74,1.0,2476380188,4158159100,1018330744,2018-08-17,delivered,28.99,18.3,47.29,credit_card,1.0,9.0,-24.0,0.0
850634249,99e5f0c685ca94e5a1c7134b1898bb1a,1.0,612080309,1621588361,1694950908,2018-08-08,delivered,29.0,7.46,38.94,credit_card,3.0,5.0,-3.0,0.0
1654967238,428964e746cbd974ac94be994a5c17c6,1.0,54227071,735201692,2814238318,2018-08-09,delivered,49.9,15.45,65.35,credit_card,1.0,11.0,-7.0,0.0
2248489911,8b7c604fd9d73cf8e3f0d5389e3022ac,1.0,1762120578,3601059045,3633342575,2018-07-21,delivered,13.99,7.39,21.38,boleto,1.0,5.0,-5.0,0.0
4005764734,749890e9e1720de87c27367481a3d111,1.0,2109590882,2796595842,2395155220,2018-07-30,delivered,189.0,24.47,213.47,credit_card,5.0,7.0,-21.0,0.0
2712835621,2fceb850b57ede815933d3554ae792fe,1.0,4028564541,4054418249,1422228924,2018-07-30,delivered,66.9,13.13,0.0,unknown,0.0,4.0,-6.0,0.0
4007034768,c5d37fd7edf7a0833228d03ce7eb7531,1.0,2222901417,830586459,3968462480,2018-08-15,delivered,97.0,26.98,123.98,credit_card,2.0,6.0,-10.0,0.0
310828269,de64325a3ec242c2264f553d946274ae,1.0,3379035259,3216694513,3774023096,2018-07-23,delivered,128.0,107.23,235.23,credit_card,3.0,15.0,-3.0,0.0
1827071293,9e52bb433e0c3da92cd75849bc446fac,1.0,367587821,584219619,1622092360,2018-07-22,delivered,165.0,21.43,186.43,credit_card,2.0,5.0,-13.0,0.0
858588353,86399a62def7e6b76d52b5cfd4cb7276,1.0,177298531,889949455,1195323413,2018-08-12,delivered,58.0,22.34,80.34,credit_card,3.0,10.0,-5.0,0.0
2344084341,0a36bd172604d49ae57f2ae440a0dc70,1.0,106326516,3690612443,727074973,2018-07-27,delivered,199.99,28.35,228.34,debit_card,1.0,13.0,-34.0,0.0
2690141879,7f86cca3de139cdba174aa276ec11612,1.0,1180222177,2495106546,2580370799,2018-07-17,delivered,139.9,17.91,157.81,boleto,1.0,8.0,-26.0,0.0
527855789,7ac0ea1aae0c98fd853d0baf7108099c,1.0,275554490,3689882842,1125369443,2018-07-01,delivered,59.9,15.52,75.42,boleto,1.0,10.0,-12.0,0.0
761471167,7ac0ea1aae0c98fd853d0baf7108099c,2.0,275554490,3689882842,1125369443,2018-07-01,delivered,59.9,15.52,75.42,boleto,1.0,10.0,-12.0,0.0
1781111764,49e84824ae503af008a7cc379ebab409,1.0,3911036268,1277571969,1763790356,2018-07-28,delivered,170.0,21.46,191.46,credit_card,6.0,11.0,-14.0,0.0
3339797277,49e84824ae503af008a7cc379ebab409,2.0,3911036268,1277571969,1763790356,2018-07-28,delivered,170.0,21.46,191.46,credit_card,6.0,11.0,-14.0,0.0
3565853195,2f745f754793012b39e7806795178857,1.0,3632714653,2528468773,2490225171,2018-08-03,delivered,42.0,15.39,57.39,credit_card,1.0,6.0,-14.0,0.0
1953254527,54d4c91139989884004cead3291a4a32,1.0,277259960,128117890,3734640654,2018-08-08,delivered,49.9,13.69,63.59,credit_card,6.0,5.0,-7.0,0.0
190161684,5139f51749d25619bb9e6153e11a18aa,1.0,2641045402,3489777262,3485175421,2018-08-13,delivered,74.0,14.83,0.0,unknown,0.0,8.0,-1.0,0.0
818180825,5139f51749d25619bb9e6153e11a18aa,2.0,2641045402,3489777262,3485175421,2018-08-13,delivered,74.0,14.83,0.0,unknown,0.0,8.0,-1.0,0.0
815859109,d22d34dc3b27dd6647daeddbcc570636,1.0,2054676727,1301888023,2137876450,2018-08-06,delivered,765.0,41.69,806.69,boleto,1.0,3.0,-4.0,0.0
148690232,9d35fd8f543fd6c4f8369add0105e531,1.0,332066710,1259716184,53223181,2018-07-30,delivered,27.9,37.11,65.01,boleto,1.0,7.0,-35.0,0.0
2630410752,b2ab8e46c0531fd546ec40b146724c46,1.0,1843805728,486554141,47085388,2018-08-04,delivered,45.0,7.9,52.9,boleto,1.0,9.0,-1.0,0.0
3273473393,43db2bc49fcbe07b3ee17f03949557f4,1.0,1937965388,3489777262,3485175421,2018-07-03,delivered,79.9,14.87,94.77,credit_card,6.0,7.0,-10.0,0.0
1268169342,6c7e8d67d9bf60c5baf05bb0193b4908,1.0,4074904279,2896681953,53223181,2018-08-13,delivered,102.49,13.38,115.87,boleto,1.0,5.0,-5.0,0.0
2266642940,d9e110790efe2b61a32e2b343905ae90,1.0,3858092279,2203887488,2023461531,2018-07-28,delivered,99.0,15.79,114.79,credit_card,1.0,5.0,-7.0,0.0
472396273,1fc71eb4a30dced088d988c57e751078,1.0,2351736309,678160341,2047495738,2018-07-17,delivered,19.9,18.24,38.14,credit_card,3.0,7.0,-10.0,0.0
3899949251,c5c9e31d0a32df5f612ca8f9b04f8574,1.0,1245681302,2189978395,3665199732,2018-07-25,delivered,495.0,59.94,554.94,boleto,1.0,15.0,-13.0,0.0
3174766825,2542fe494d4b37b79ed85377e12c53a6,1.0,2336449435,271482854,2622583364,2018-08-03,delivered,149.9,19.15,169.05,credit_card,7.0,11.0,-7.0,0.0
3247382801,87bad102fdebff40d7f35773874f5c5d,1.0,2705110632,3626946009,605810449,2018-07-05,delivered,39.99,18.38,58.37,credit_card,1.0,29.0,7.0,1.0
3207309359,64dc7842b184ebd280aef040ab951134,1.0,3976592626,2434373557,4120033478,2018-07-04,delivered,159.9,20.31,180.21,boleto,1.0,7.0,-14.0,0.0
602485065,5789c1b03492b72bc448c0d523eb2e36,1.0,1528570617,553667404,2880307388,2018-07-11,delivered,79.9,19.75,99.65,credit_card,4.0,22.0,-4.0,0.0
4029452015,29d86db6d5cb58b37df26cfa3efb17bb,1.0,2725540492,1682062165,2609317684,2018-07-30,delivered,318.98,20.33,339.31,credit_card,1.0,7.0,-9.0,0.0
1435180602,88ebb2a5aa88ce5fd1f73a821e27bb43,1.0,3343020699,729967885,998795873,2018-08-21,delivered,164.99,21.43,186.42,credit_card,3.0,8.0,-19.0,0.0
2096297734,be67d695978287b15a519b4d73c6898e,1.0,3464646452,2022096649,2947136883,2018-07-31,delivered,118.8,15.14,133.94,credit_card,2.0,9.0,1.0,1.0
1243416609,800d19e2eed430cbd8e9bcb12087794b,1.0,206746993,473219161,819761952,2018-08-13,delivered,29.0,7.94,36.94,debit_card,1.0,1.0,-6.0,0.0
231500811,896b228e1623e6b8f20f2b3782750d48,1.0,3703671869,1010405546,53223181,2018-07-27,delivered,29.49,7.47,36.96,credit_card,2.0,4.0,-6.0,0.0
2401878003,5f78b53dcbc5aa24a395bc521fbf4abd,1.0,2773645525,1245653087,819761952,2018-08-16,delivered,43.0,18.4,61.4,boleto,1.0,12.0,-7.0,0.0
3086335927,49c4763845a16623e106403f1655c063,1.0,3555317248,2494790298,2179385560,2018-07-18,delivered,448.7,23.09,471.79,credit_card,8.0,9.0,-12.0,0.0
2650621180,cdf7511b632d2a9b53d70b1e24a45e70,1.0,1199913172,4208494697,1813314038,2018-07-04,delivered,17.9,7.15,23.578975834292287,credit_card,3.0,3.0,-23.0,0.0
1232190480,cdf7511b632d2a9b53d70b1e24a45e70,2.0,1199913172,1606021006,596468350,2018-07-04,delivered,69.0,20.42,90.8910241657077,credit_card,3.0,3.0,-23.0,0.0
3147760147,ad8ba259cbff3b36ec0a6c88e0d78443,1.0,3586363948,2297739730,1553669565,2018-08-25,delivered,35.9,14.56,50.46,credit_card,5.0,5.0,-20.0,0.0
543335101,98d0d521842189a3056fc1ce2fc08f9f,1.0,3859953453,1393903013,91113541,2018-07-05,delivered,39.9,15.35,55.25,credit_card,2.0,4.0,-14.0,0.0
2039221259,2f8eea85236019981baf4408c9123ff2,1.0,3642328958,1870358564,357383673,2018-07-31,delivered,79.0,26.85,105.85,credit_card,2.0,5.0,-15.0,0.0
2392615446,908227fe95698325710fe450d4b7018c,1.0,1390483174,3918492844,596468350,2018-08-05,delivered,69.0,14.79,83.79,credit_card,2.0,4.0,-5.0,0.0
1192626612,0a7ef385ee9080d0edef043521ec3114,1.0,1124119022,592096461,2304947736,2018-08-05,delivered,78.0,18.65,96.65,credit_card,4.0,11.0,-7.0,0.0
2606668211,87c883900b2dc61189bb316c6c00250d,1.0,1109312540,396324549,2288027518,2018-08-04,delivered,175.0,28.18,203.18,credit_card,3.0,5.0,-12.0,0.0
3363479302,12052ac6aa067434388199224c0f11bc,1.0,2273922952,765519031,1577801571,2018-07-31,delivered,89.99,27.58,117.57,credit_card,2.0,9.0,-19.0,0.0
265724952,e0e836a1f8ee9e25d78d68727016e70d,1.0,1934920766,3532713778,2681412629,2018-07-20,delivered,84.99,7.86,92.85,credit_card,3.0,3.0,-9.0,0.0
2177831126,25d6858f3b1d2f332623bdccb12db9eb,1.0,3955961277,3621970897,581044507,2018-08-04,delivered,155.0,19.19,174.19,voucher,1.0,5.0,-19.0,0.0
2996435566,856d0618b7c959da87efc85a6c68c463,1.0,730385899,1816939174,1550185782,2018-07-18,delivered,89.99,23.43,113.42,credit_card,8.0,6.0,-20.0,0.0
3319696148,68764c1cae62d3a314f53f05475f5ca7,1.0,2039828636,514014334,1527800984,2018-08-22,delivered,189.99,14.91,204.9,credit_card,1.0,6.0,-7.0,0.0
1857002396,6ff14c785c89530b9a33206e62253d05,1.0,3147214369,1635314589,1919968767,2018-08-18,delivered,110.32,8.03,118.35,credit_card,8.0,5.0,-5.0,0.0
2928565320,6ff14c785c89530b9a33206e62253d05,2.0,3147214369,4179654408,1919968767,2018-08-18,delivered,110.32,8.03,118.35,credit_card,8.0,5.0,-5.0,0.0
150081932,7ab1cf6be66796dee470220e6396502b,1.0,1999055391,3478202829,918571473,2018-07-14,delivered,155.97,8.35,164.32,boleto,1.0,12.0,-5.0,0.0
3809105442,7a892f60ab55f0706eb2386da59a4849,1.0,598823871,2353784209,2612393066,2018-08-21,delivered,69.9,23.29,93.19,credit_card,1.0,6.0,-9.0,0.0
2823332306,9a838b8807fdd90c94d08ed164db0039,1.0,3335218900,1073358592,1612681572,2018-07-02,delivered,105.0,43.02,148.02,credit_card,2.0,11.0,-18.0,0.0
3450881623,ceb35b18f6b84c1c75f02859ce3160d9,1.0,2928322060,2105927926,1579174796,2018-07-28,delivered,14.0,1.89,25.63347280334728,credit_card,1.0,8.0,-9.0,0.0
2918127456,ceb35b18f6b84c1c75f02859ce3160d9,2.0,2928322060,393529015,3734640654,2018-07-28,delivered,16.9,18.91,30.94326359832636,credit_card,1.0,8.0,-9.0,0.0
1412230902,ceb35b18f6b84c1c75f02859ce3160d9,3.0,2928322060,3027465166,3734640654,2018-07-28,delivered,16.9,18.92,30.94326359832636,credit_card,1.0,8.0,-9.0,0.0
1371133676,3dd4f42a9b185cd0b083246bae24090c,1.0,2041329802,2422745456,3796303809,2018-08-01,delivered,69.9,8.65,78.55,credit_card,1.0,2.0,-3.0,0.0
94254384,2d4128c16198542b771a2487095657c3,1.0,3647023741,71649296,212815993,2018-08-20,delivered,69.99,7.91,77.9,boleto,1.0,3.0,-5.0,0.0
823841645,479b6ef981f240df12226a5ba0abffef,1.0,3365854329,2807106037,2339751197,2018-07-22,delivered,127.26,13.19,140.45,credit_card,3.0,4.0,-5.0,0.0
1635241842,b4501b36d5c7558b4364a961168f8bfd,1.0,2542554934,858237172,2304947736,2018-07-23,delivered,39.0,18.37,57.37,boleto,1.0,7.0,-17.0,0.0
1457383607,b4501b36d5c7558b4364a961168f8bfd,2.0,2542554934,858237172,2304947736,2018-07-23,delivered,39.0,18.37,57.37,boleto,1.0,7.0,-17.0,0.0
3563149195,a42283397a151200700834c740a51a37,1.0,1523432114,4252063408,3671282910,2018-07-30,delivered,32.66,8.98,41.64,credit_card,1.0,1.0,-7.0,0.0
724124430,51d70226d271148b34f0ae2a6aaef7e8,1.0,3267773491,457248455,1868809992,2018-08-06,delivered,150.0,16.02,178.03,credit_card,6.0,11.0,0.0,0.0
534129211,51d70226d271148b34f0ae2a6aaef7e8,2.0,3267773491,1159501270,1868809992,2018-08-06,delivered,150.0,40.04,178.03,credit_card,6.0,11.0,0.0,0.0
656122839,75e3a145a842715ed463a3a4ca34e489,1.0,226961117,290709554,3497601394,2018-08-14,delivered,139.0,25.32,164.32,credit_card,15.0,6.0,-10.0,0.0
2081964794,b82334e399ad815225d7d781a906714b,1.0,1525041430,1828530444,3103320871,2018-07-30,delivered,98.0,18.79,116.79,credit_card,2.0,3.0,-7.0,0.0
3456899575,5396a52ab4998b4d8ccb51b73cbc35d1,1.0,748849390,3322430381,1524676129,2018-08-25,delivered,39.9,18.38,58.28,credit_card,2.0,5.0,-12.0,0.0
378423173,d54ac520ded2abbe3b4ada40dfdecc96,1.0,162089303,3439775381,357383673,2018-08-16,delivered,69.9,17.62,87.52,credit_card,1.0,7.0,-13.0,0.0
2861102469,da9e071e6f18a649211bbb97bd81380c,1.0,601680137,1090682122,3129531441,2018-07-12,delivered,30.0,7.47,37.47,credit_card,1.0,1.0,-7.0,0.0
2126427422,a9d1327838b1c183fc288f0d2bf23d32,1.0,3765722136,3465000677,91113541,2018-08-12,delivered,149.0,24.73,173.73,credit_card,8.0,2.0,-2.0,0.0
2094574205,2b46723e0416af4c04c758c77bbf9279,1.0,4003880452,2765592877,935749508,2018-08-02,delivered,56.99,13.98,70.97,credit_card,2.0,5.0,-5.0,0.0
1026471952,61c3c1cdd42ccd14931a2fe11d77e2a7,1.0,3756593967,1912631770,989903952,2018-07-30,delivered,57.99,19.6,77.59,credit_card,4.0,5.0,-13.0,0.0
1310000756,db7374d1f9c8965e0fbbc1fd1cc916fe,1.0,1701130097,548607958,2304947736,2018-08-14,delivered,49.0,9.49,58.89382978723405,boleto,1.0,6.0,-24.0,0.0
2854110396,db7374d1f9c8965e0fbbc1fd1cc916fe,2.0,1701130097,2184882008,2304947736,2018-08-14,delivered,45.0,9.49,54.08617021276597,boleto,1.0,6.0,-24.0,0.0
1776084877,88aef6eed6c5cf608b6e57b402ca30ca,1.0,3657381212,394482854,4213492600,2018-08-22,delivered,135.0,8.21,143.21,credit_card,2.0,6.0,-2.0,0.0
2487990509,de821e662179b99c81c5b431a03e16b4,1.0,3168744724,3388342263,1579174796,2018-08-08,delivered,19.9,18.24,38.14,credit_card,3.0,6.0,-10.0,0.0
433914874,494f99ef42110a8d40dc585b177f2151,1.0,4272829291,302400981,2304947736,2018-08-09,delivered,49.0,7.6,56.6,credit_card,1.0,2.0,-4.0,0.0
520295825,c9e7721790d06c21ff6fcd2dee7a2f73,1.0,1942576443,2579951424,2592359954,2018-07-04,delivered,112.9,8.05,120.95,credit_card,1.0,1.0,-11.0,0.0
3080861824,9675440ebf61a1a3482cc6308e3ebd28,1.0,640273871,391638671,2304947736,2018-08-18,delivered,75.0,7.79,82.79,credit_card,8.0,9.0,5.0,1.0
536057045,c37d41945512f0cfbcdd0f085bbd04d8,1.0,2529389284,2947112890,3245525768,2018-07-13,delivered,109.77,15.77,127.94017844022252,boleto,1.0,11.0,-9.0,0.0
4162039430,c37d41945512f0cfbcdd0f085bbd04d8,2.0,2529389284,1560224462,3245525768,2018-07-13,delivered,80.77,15.77,94.13982155977747,boleto,1.0,11.0,-9.0,0.0
2565698570,1daef9cebfe701d5500c5ce43a271165,1.0,1825746920,2374253415,2880307388,2018-07-17,delivered,79.9,18.66,98.56,voucher,1.0,14.0,-15.0,0.0
1740086719,50021fe1c383504485a0b12adcee0765,1.0,1915028541,1299590851,2312430349,2018-07-20,delivered,89.9,19.82,109.72,debit_card,1.0,6.0,-18.0,0.0
1686661796,ad9281842627509a55b3ec05be4588a2,1.0,3089144463,812674488,1716536501,2018-08-08,delivered,49.9,11.37,61.27,credit_card,2.0,5.0,-2.0,0.0
1827644487,047250e11ece4201a2083bc3b62866bf,1.0,3562464246,1671105628,3326062316,2018-08-11,delivered,34.9,8.4,0.0,unknown,0.0,9.0,-8.0,0.0
3574338892,2e1f4c38207ae1b8011bbbfa7b96c34e,1.0,3745253248,2872153895,181377286,2018-07-08,delivered,33.0,19.42,52.42,boleto,1.0,5.0,-14.0,0.0
1112604456,79847bdf9821dfcc7a036271d0c6044b,1.0,436693344,2930237710,989880648,2018-07-05,delivered,199.99,10.09,210.08,credit_card,1.0,1.0,-12.0,0.0
2202552782,27ba5b776eb297cc91015bae7bce34d0,1.0,2696770382,1251332329,2304947736,2018-08-10,delivered,35.0,7.51,42.51,credit_card,3.0,1.0,-6.0,0.0
441918739,5e6032de9f8c94b21aeeb5dcdaed8773,1.0,2159980928,2992823587,1914769873,2018-07-21,delivered,129.49,13.21,142.7,credit_card,1.0,6.0,-4.0,0.0
404889705,a0e0ab62ae4f2dad1ca6f19103dba9a6,1.0,2769742978,1902131736,2622583364,2018-07-21,delivered,96.0,18.77,114.77,boleto,1.0,6.0,-13.0,0.0
3800741460,789224c8d5447b2a3ae06a6c2ec5258d,1.0,1862620280,1325869351,1884653127,2018-07-06,delivered,81.9,9.88,91.78,credit_card,1.0,5.0,-8.0,0.0
1016320197,25efad911c3ff50b495d8cc09dc32631,1.0,278044179,382228588,2997337676,2018-07-30,delivered,527.9,19.99,547.89,boleto,1.0,23.0,-21.0,0.0
4284668762,4c612311c4c424c8ccf682de9b443659,1.0,290890833,3898251050,96764808,2018-08-09,delivered,14.9,12.79,27.69,boleto,1.0,6.0,-11.0,0.0
2580116563,ac3143c0b6db91dd3ca4ab4d8a8243eb,1.0,2372778519,3806635715,3557978736,2018-08-20,delivered,299.9,72.15,353.3699394613294,credit_card,4.0,6.0,-8.0,0.0
2411172744,ac3143c0b6db91dd3ca4ab4d8a8243eb,2.0,2372778519,1003364873,3557978736,2018-08-20,delivered,509.5,72.16,600.3400605386707,credit_card,4.0,6.0,-8.0,0.0
2580227527,a43d72884af5f964762b9070af86b567,1.0,3839368916,2611165937,3267771422,2018-07-18,delivered,769.9,67.41,837.31,credit_card,10.0,8.0,-17.0,0.0
2190878730,57aca838ac598c9289dc89f0ef979700,1.0,1335593483,2200745472,2629314654,2018-08-06,delivered,17.99,18.23,36.22,boleto,1.0,9.0,-5.0,0.0
2994561101,128a17800e8fc3801c814f3f921418b0,1.0,2423375715,1009983570,1579174796,2018-07-29,delivered,54.99,13.97,68.96,boleto,1.0,3.0,-5.0,0.0
3225048863,ae2534a5b52aefc2aee11e48ea987cbd,1.0,631900054,1729172133,3366139657,2018-08-07,delivered,79.99,37.47,117.46,credit_card,10.0,8.0,-8.0,0.0
4038140094,9029828c46806a8c1e1570eeba9bf9b1,1.0,2246521847,3968975148,3633342575,2018-07-27,delivered,15.45,15.23,30.68,credit_card,2.0,7.0,-11.0,0.0
481473597,5eaef5e183ecba93ec5bbfac367d0781,1.0,1258376999,1281484855,2947136883,2018-08-09,delivered,118.8,20.02,138.82,credit_card,2.0,8.0,-18.0,0.0
173128637,69be9dba6e0abc2941fc4b888d414fc5,1.0,2531622716,3959743047,687121961,2018-08-04,delivered,84.99,52.95,137.94,credit_card,1.0,10.0,-19.0,0.0
2941930002,da623e7139d6c03919f9e5bac910bbd3,1.0,647629942,315293809,1025327516,2018-08-17,delivered,25.0,8.34,33.34,boleto,1.0,4.0,-1.0,0.0
4028703493,b79c105a20e7d6c5354e50f16dc2baec,1.0,869446690,2113594583,1436988880,2018-07-31,delivered,148.0,57.81,205.81,credit_card,7.0,10.0,-11.0,0.0
1417328212,6445a8b97a5e66d5c72eec0cb6650141,1.0,485723840,2634542375,2358549127,2018-07-03,delivered,829.0,28.6,857.6,credit_card,3.0,7.0,-22.0,0.0
3322650486,1960190ca65fb64227cf890a91874094,1.0,3251300719,3278397274,3404539086,2018-08-03,delivered,79.9,8.72,88.62,credit_card,5.0,5.0,-1.0,0.0
4217088958,1960190ca65fb64227cf890a91874094,2.0,3251300719,3278397274,3404539086,2018-08-03,delivered,79.9,8.72,88.62,credit_card,5.0,5.0,-1.0,0.0
3851708908,85669fb33dd055759b02aceef5413b3e,1.0,1621532509,2691010577,2775148626,2018-08-14,delivered,15.49,8.29,23.78,boleto,1.0,6.0,-4.0,0.0
2445681603,cb668af8e8de760052440b117748f7e6,1.0,582161010,48271333,2870196462,2018-07-18,delivered,69.9,17.42,87.32,boleto,1.0,8.0,-13.0,0.0
755587875,b539f51f7cf6a9c1a871d2bb898cdd27,1.0,2433494543,3972491281,3314703330,2018-08-16,delivered,48.0,77.42,125.42,credit_card,10.0,5.0,-9.0,0.0
1659686279,d7140ab4028807186f9b84fe9f875506,1.0,1821778874,3360975048,3446539219,2018-08-10,delivered,107.53,13.41,120.94,boleto,1.0,10.0,-3.0,0.0
967693271,bff2299c68d30f0c95671ff860e1c4f3,1.0,3311407305,4260245929,1692063826,2018-08-20,delivered,129.0,18.7,147.7,credit_card,1.0,3.0,-12.0,0.0
2914574289,69294a1f2dbe29a54c3a9c2421831d14,1.0,1385311215,2926703143,2520605551,2018-08-03,delivered,62.0,14.01,76.01,credit_card,1.0,5.0,-5.0,0.0
721602688,32ac00d8c91b3cc4ba82a3444927032d,1.0,3795323294,3422626364,447945570,2018-08-19,delivered,34.99,26.55,61.54,boleto,1.0,10.0,-14.0,0.0
769495637,6df0e5a8b0965f06d2e1219c846e1ad8,1.0,2841306957,1277571969,1763790356,2018-07-29,delivered,170.0,10.32,180.32,credit_card,1.0,9.0,-6.0,0.0
507667570,1b27ec73386e488de66dde240800f5e3,1.0,650102810,1971232766,727074973,2018-07-30,delivered,199.99,22.7,222.69,credit_card,1.0,10.0,-6.0,0.0
766678748,ae4b3fa4cd849e5cc41f1faa613d28e2,1.0,519755414,3919087770,292598503,2018-08-21,delivered,104.97,18.54,123.51,credit_card,10.0,2.0,-11.0,0.0
2641022796,e175cbd518afe4a80b3f5f884ab05450,1.0,1741084465,1357953438,196831707,2018-07-31,delivered,259.99,83.13,343.12,boleto,1.0,13.0,-7.0,0.0
3199900226,5b9e9502eca103a28ea22a94c65e3950,1.0,3692541856,1450525728,123833255,2018-08-06,delivered,29.99,15.31,45.3,credit_card,1.0,21.0,7.0,1.0
4220338266,ca56cc083a7aeed15fdfd437874cd0e3,1.0,1804402625,4164302863,4194263931,2018-08-13,delivered,95.5,14.97,110.47,credit_card,1.0,8.0,-14.0,0.0
1559437524,8ab9b41f4fa44e65eabf1c4139e415a6,1.0,3668540036,1727715017,2949449251,2018-07-16,delivered,73.0,18.61,91.61,credit_card,1.0,7.0,-17.0,0.0
2422630732,38e44f1c4cba91d352a62abf15ecf119,1.0,1255969373,1845213698,3597985088,2018-07-30,delivered,59.9,11.44,71.34,credit_card,1.0,4.0,-3.0,0.0
3716174488,644e4fc3f5cdee08df44f2534319fac8,1.0,3898934220,4057943097,539986243,2018-07-02,delivered,179.9,102.57,282.47,credit_card,10.0,9.0,-26.0,0.0
1941752218,15d849612f479d808dc030e4e1ba39d6,1.0,2627981477,1939999160,2384848440,2018-07-22,delivered,129.9,22.66,152.56,credit_card,7.0,8.0,-7.0,0.0
2769529490,98546163385352e1876cead1613db3d1,1.0,4083433843,1808997745,738004747,2018-07-28,delivered,169.0,87.77,256.77,credit_card,10.0,5.0,-13.0,0.0
3166367799,8d87a1565de3eff8cb87fcacd8ba101b,1.0,2109529892,3684710321,3734320862,2018-08-04,delivered,59.33,14.0,73.29234661287612,credit_card,10.0,6.0,-7.0,0.0
958405358,8d87a1565de3eff8cb87fcacd8ba101b,2.0,2109529892,342719963,3734320862,2018-08-04,delivered,59.65,14.0,73.68765338712389,credit_card,10.0,6.0,-7.0,0.0
1882390882,17ca01c238bad17cd6c09179888b6d7f,1.0,1279446705,457248455,1868809992,2018-07-31,delivered,150.0,16.35,166.35,credit_card,5.0,2.0,-5.0,0.0
912347326,17ca01c238bad17cd6c09179888b6d7f,2.0,1279446705,457248455,1868809992,2018-07-31,delivered,150.0,16.35,166.35,credit_card,5.0,2.0,-5.0,0.0
4009097867,17ca01c238bad17cd6c09179888b6d7f,3.0,1279446705,457248455,1868809992,2018-07-31,delivered,150.0,16.35,166.35,credit_card,5.0,2.0,-5.0,0.0
2230248827,17ca01c238bad17cd6c09179888b6d7f,4.0,1279446705,457248455,1868809992,2018-07-31,delivered,150.0,16.35,166.35,credit_card,5.0,2.0,-5.0,0.0
1184045550,17ca01c238bad17cd6c09179888b6d7f,5.0,1279446705,457248455,1868809992,2018-07-31,delivered,150.0,16.35,166.35,credit_card,5.0,2.0,-5.0,0.0
1479569858,17ca01c238bad17cd6c09179888b6d7f,6.0,1279446705,457248455,1868809992,2018-07-31,delivered,150.0,16.35,166.35,credit_card,5.0,2.0,-5.0,0.0
3857587639,6a2bbff940a0666437c99b8e604f54d5,1.0,1613024184,925581594,1379301944,2018-07-11,delivered,26.0,8.87,34.87,credit_card,1.0,2.0,-7.0,0.0
343071979,b82f05ed1c1a8045489ff9ee86415c9c,1.0,1875633178,585489667,3380378035,2018-08-19,delivered,69.9,13.15,83.05,credit_card,2.0,10.0,0.0,0.0
2926617617,88594435967726f387be4e2e6db45f41,1.0,1652771032,3423649695,2053349188,2018-07-30,delivered,29.6,8.96,0.0,unknown,0.0,7.0,-2.0,0.0
2509885939,12ada6ec0be92b66bd3392b1764a4588,1.0,1618534563,3569719807,3147574442,2018-08-04,delivered,149.0,51.33,200.33,boleto,1.0,9.0,-8.0,0.0
1585905643,12ada6ec0be92b66bd3392b1764a4588,2.0,1618534563,2896614241,3147574442,2018-08-04,delivered,149.0,51.33,200.33,boleto,1.0,9.0,-8.0,0.0
3446757792,132c1bd080e7310cff7fac26d6d3ee31,1.0,1850454822,1316606584,3129531441,2018-07-20,delivered,119.99,18.64,138.63,credit_card,2.0,10.0,-18.0,0.0
1657316245,5410087995e1ebb53c26ce8e52ff29e0,1.0,2502253754,2051680037,3383774233,2018-07-14,delivered,15.9,19.38,23.85456022944551,credit_card,5.0,6.0,-14.0,0.0
2676016423,5410087995e1ebb53c26ce8e52ff29e0,2.0,2502253754,2051680037,3383774233,2018-07-14,delivered,15.9,19.38,23.85456022944551,credit_card,5.0,6.0,-14.0,0.0
5195180,5410087995e1ebb53c26ce8e52ff29e0,3.0,2502253754,3728169643,1813314038,2018-07-14,delivered,39.9,9.69,59.86144359464628,credit_card,5.0,6.0,-14.0,0.0
1577660892,5410087995e1ebb53c26ce8e52ff29e0,4.0,2502253754,2907161537,1813314038,2018-07-14,delivered,32.9,3.88,49.35943594646272,credit_card,5.0,6.0,-14.0,0.0
2452621526,87049d4b9b8517e7f78b3724f698c4a1,1.0,1668030719,3946540260,2694359720,2018-07-05,delivered,69.86,8.23,78.09,credit_card,1.0,2.0,-12.0,0.0
1413574426,70c13d94aa6f2f57d27a7babb9f0d215,1.0,2811540646,3435060717,102965918,2018-08-26,delivered,27.9,7.46,35.36,credit_card,1.0,2.0,-6.0,0.0
3348239699,0d5286ba45f14f5c1d188ccfe21a79c4,1.0,736235461,3566129429,1763790356,2018-07-14,delivered,295.0,29.35,324.35,boleto,1.0,11.0,-15.0,0.0
14045347,37c495d368ea5de5c25f2c5be7261ce8,1.0,457347523,3489777262,3485175421,2018-07-26,delivered,74.0,14.83,88.83,boleto,1.0,8.0,-6.0,0.0
147469554,5adea766ca8f3521f957b27154b09761,1.0,2740027057,405105781,487369962,2018-07-28,delivered,7.0,15.23,22.23,credit_card,4.0,11.0,-6.0,0.0
2750764186,5adea766ca8f3521f957b27154b09761,2.0,2740027057,1679216533,487369962,2018-07-28,delivered,7.0,15.23,22.23,credit_card,4.0,11.0,-6.0,0.0
765020893,226e0396e8ace4776eaf471b2d6abf89,1.0,2279348203,1819289724,819761952,2018-08-09,delivered,34.0,19.43,53.43,credit_card,1.0,7.0,-7.0,0.0
3766508592,6ab1e9ffa5914f8b0f2c4f4eb98e5a2f,1.0,1594441820,1826971641,1480205621,2018-08-03,delivered,359.0,39.42,398.42,credit_card,5.0,14.0,-19.0,0.0
2412915438,3b61aab5de69abc1731138bd104a777f,1.0,3212975231,251536996,4253320293,2018-08-25,delivered,999.99,24.77,1024.76,debit_card,1.0,4.0,-22.0,0.0
1396676217,2be45f506aff5e82c64c2b808fe8a93e,1.0,761920968,2024342820,2278069784,2018-07-17,delivered,33.33,14.53,47.86,credit_card,1.0,8.0,-8.0,0.0
3730390894,4f6f8c75279983d2c39ca23fca81ffbc,1.0,188324294,358211385,3397218519,2018-07-27,delivered,74.5,15.82,90.32,credit_card,1.0,5.0,-7.0,0.0
1663962310,e086a8e8919e918a3f1968ec76281bcc,1.0,275117506,880070998,2622583364,2018-08-04,delivered,115.9,13.47,129.37,credit_card,4.0,8.0,-1.0,0.0
203655968,b32226e3b83849c23551e39452d562cd,1.0,3250136264,3322342193,3570815075,2018-07-25,delivered,89.0,17.55,106.55,voucher,1.0,9.0,-14.0,0.0
1486121902,10251da35626072605d693e816f297ca,1.0,1224993598,3513669726,900310379,2018-08-13,delivered,98.9,14.99,113.89,credit_card,4.0,3.0,-5.0,0.0
717768973,7daad55127fc91c7f63ae6bd53fe7187,1.0,1580910754,430596591,1628249471,2018-07-22,delivered,38.95,18.37,57.32,credit_card,3.0,4.0,-38.0,0.0
1148999456,7daad55127fc91c7f63ae6bd53fe7187,2.0,1580910754,430596591,1628249471,2018-07-22,delivered,38.95,18.37,57.32,credit_card,3.0,4.0,-38.0,0.0
1577277959,7daad55127fc91c7f63ae6bd53fe7187,3.0,1580910754,430596591,1628249471,2018-07-22,delivered,38.95,18.37,57.32,credit_card,3.0,4.0,-38.0,0.0
74338886,72705672ab6238e6354d9889c34ec409,1.0,1841261543,3597827579,487369962,2018-07-04,delivered,19.99,7.79,25.18246748916305,boleto,1.0,5.0,-9.0,0.0
2382897919,72705672ab6238e6354d9889c34ec409,2.0,1841261543,4169125413,487369962,2018-07-04,delivered,39.99,7.79,50.37753251083695,boleto,1.0,5.0,-9.0,0.0
1547016684,89a6292b97c0dd8f29261b64ad8aabf7,1.0,1348143873,3300087472,1350631362,2018-07-07,delivered,88.9,23.34,112.24,credit_card,1.0,16.0,-8.0,0.0
1141271799,7c6a24cab7128145feb51412987798c6,1.0,2429654189,3687378120,2554243760,2018-07-16,delivered,24.7,15.27,39.97,boleto,1.0,7.0,-8.0,0.0
1427811728,565c6c5797c586709ed3a67c9abc0223,1.0,879134423,1672925611,854629258,2018-07-24,delivered,74.99,30.33,105.32,boleto,1.0,28.0,11.0,1.0
2363484756,15e76da51e30092973501aec21769ee2,1.0,3321321655,1819289724,819761952,2018-07-04,delivered,35.0,13.83,48.83,credit_card,1.0,6.0,-14.0,0.0
250086415,12fb8b575f3f6d58ccbafba1294177e5,1.0,1479725032,1053813247,2090364660,2018-08-25,delivered,12.99,7.39,20.38,boleto,1.0,4.0,-1.0,0.0
2109352650,07b1682544dc5cbc0eb87fb56e1374b5,1.0,896706954,3749776846,2312430349,2018-08-09,delivered,89.7,18.73,108.43,credit_card,2.0,7.0,-3.0,0.0
2840456380,dae7f9d0e25515e268456f392f53751e,1.0,3712666976,3548064169,1868809992,2018-07-19,delivered,35.0,9.0,44.0,credit_card,1.0,4.0,-8.0,0.0
79452062,dae7f9d0e25515e268456f392f53751e,2.0,3712666976,3548064169,1868809992,2018-07-19,delivered,35.0,9.0,44.0,credit_card,1.0,4.0,-8.0,0.0
2517059590,ab30819331b8ee6115370bcfa01a8350,1.0,471091335,3268251162,2402947140,2018-08-09,delivered,198.0,24.33,222.33,credit_card,4.0,6.0,-7.0,0.0
1849423932,ab30819331b8ee6115370bcfa01a8350,2.0,471091335,3268251162,2402947140,2018-08-09,delivered,198.0,24.33,222.33,credit_card,4.0,6.0,-7.0,0.0
1787355893,2555b76d4dee02026ccde36884f09c84,1.0,2810594579,658887604,1216574102,2018-08-14,delivered,189.0,37.65,226.65,credit_card,5.0,1.0,-6.0,0.0
740563458,11fb3a6f90bfba7e4b6717e62fe6cbc1,1.0,4068614183,719864865,3267771422,2018-08-07,delivered,129.9,9.66,139.56,credit_card,1.0,7.0,5.0,1.0
3413667062,b2f832c9f6b30237f231cfc09f82ffbc,1.0,677146474,305276024,123833255,2018-08-25,delivered,30.0,8.37,0.0,unknown,0.0,3.0,-2.0,0.0
1503068474,5b5e27caef5edb9446df0a7c106285dd,1.0,2684861899,297425487,1390565892,2018-07-04,delivered,225.0,21.53,246.53,credit_card,8.0,16.0,-23.0,0.0
1639826923,d4eff6641558ecdca48ded390ea2e5a9,1.0,1426514917,1496487146,2031026716,2018-07-26,delivered,98.8,7.95,106.75,credit_card,8.0,6.0,-8.0,0.0
1505570154,bd971b573fb91b8be91c02b0fc251b98,1.0,2815035365,251318819,2490360540,2018-08-10,delivered,199.9,16.5,216.4,credit_card,10.0,10.0,-3.0,0.0
2660366808,3731eefa80338e5d69ddd2128dd45fb2,1.0,2223534536,4271733470,353620887,2018-07-23,delivered,429.9,38.36,468.26,credit_card,1.0,7.0,-13.0,0.0
1696213660,2328df85ce27982b435b1e7fb55dd209,1.0,2029670402,1567030015,2812297156,2018-08-17,delivered,330.0,39.22,369.22,credit_card,3.0,13.0,-13.0,0.0
1667447186,ceae0f133957c3337b7f630eb8bf80d9,1.0,2480567449,480170431,3594307950,2018-07-15,delivered,138.98,24.84,163.82,credit_card,2.0,5.0,-18.0,0.0
2068953835,a64c6d4c6a92082d56ab95ea8115f26c,1.0,2178098739,1279504186,1521578955,2018-07-08,delivered,38.9,15.37,54.27,credit_card,1.0,8.0,-11.0,0.0
861304472,d91d81e30f336d49cc31106d5373842f,1.0,2785042435,3607217548,519564207,2018-08-20,delivered,134.99,23.75,158.74,credit_card,2.0,5.0,-5.0,0.0
785780533,55f4f83d7685e3e84fe9ee9fdc7c953c,1.0,4395367,649869534,3357702733,2018-08-13,delivered,79.9,14.14,94.04,credit_card,2.0,4.0,-6.0,0.0
3801016785,77afc8cdc7d93975016850b0b1b02c90,1.0,485406877,764302594,1544198991,2018-08-15,canceled,129.0,39.5,168.5,credit_card,1.0,,,
781735691,2437dfd68fb453ad27e1898c8b1fe868,1.0,3169488497,224851702,3633342575,2018-07-22,delivered,13.9,18.23,32.13,credit_card,1.0,5.0,-12.0,0.0
1847401973,04f87887045aa20403546af3facb8ad1,1.0,387486189,1672925611,854629258,2018-07-20,delivered,72.99,88.02,161.01,credit_card,2.0,12.0,-14.0,0.0
107602512,07156fa55794dec196d72e6d8b07339a,1.0,2228457028,1626959047,447945570,2018-08-18,delivered,120.49,13.14,133.63,credit_card,4.0,9.0,0.0,0.0
3274886122,e00a6c9e0c7028b7284c5082d59ae5f6,1.0,2839165877,897577795,737969628,2018-07-11,delivered,114.9,23.6,0.0,unknown,0.0,11.0,-4.0,0.0
218836817,bc51cd3b8ddb527aa8044bc4198aed29,1.0,2833130587,1705452331,1017497319,2018-08-03,delivered,28.0,8.36,36.36,credit_card,3.0,1.0,-4.0,0.0
2562619076,bfd57b73f299e0d78761611486a49de9,1.0,395922358,758948723,2580370799,2018-07-25,delivered,129.9,8.49,138.39,credit_card,1.0,6.0,-15.0,0.0
2688996976,c8020c10d5a223f0ec75df2818b966de,1.0,3441881415,2180841841,4055463965,2018-07-26,delivered,35.9,24.6,60.5,voucher,1.0,14.0,-20.0,0.0
2953208339,458f5a6d4163d5b6de33cda5ec82ef10,1.0,1973796820,366625166,1480205621,2018-07-09,delivered,194.9,52.08,246.98,voucher,2.0,14.0,-8.0,0.0
1508207730,c1101a911387fc42d24230c28f75f016,1.0,1538964522,1446864936,3826842713,2018-07-30,delivered,75.0,24.88,99.88,credit_card,2.0,14.0,-10.0,0.0
1180998166,1889186724ca4001eccd1dab24cae9bf,1.0,1032060082,4014108695,3103215707,2018-07-17,delivered,59.99,21.72,81.71,credit_card,4.0,10.0,-11.0,0.0
2948615716,b17db006a1076de65b757bf690c24d16,1.0,3186548918,1058717146,123833255,2018-07-16,delivered,29.0,19.11,48.11,credit_card,2.0,11.0,-13.0,0.0
1344308515,be672f99f61bb90b0430f407ba4378cb,1.0,792038590,2203887488,2023461531,2018-08-21,delivered,99.0,8.85,107.85,credit_card,1.0,1.0,-2.0,0.0
1645330220,0f38051157b7ad1d4e0b6c5d20de6ae7,1.0,2373461681,2868892017,3115096273,2018-07-31,delivered,20.0,18.83,35.72054588706648,boleto,1.0,6.0,-9.0,0.0
301403344,0f38051157b7ad1d4e0b6c5d20de6ae7,2.0,2373461681,2868892017,3115096273,2018-07-31,delivered,20.0,18.83,35.72054588706648,boleto,1.0,6.0,-9.0,0.0
3317114327,0f38051157b7ad1d4e0b6c5d20de6ae7,3.0,2373461681,3647223664,2278069784,2018-07-31,delivered,19.87,6.28,35.48836233880056,boleto,1.0,6.0,-9.0,0.0
4280177765,0f38051157b7ad1d4e0b6c5d20de6ae7,4.0,2373461681,2868892017,3115096273,2018-07-31,delivered,20.0,18.83,35.72054588706648,boleto,1.0,6.0,-9.0,0.0
1849981521,c3fd18a4aeb8e2d589b0248ce60e91b7,1.0,3552419569,4059015285,1921184264,2018-08-14,invoiced,129.99,11.93,141.92,credit_card,4.0,,,
2730977771,49e24f3b7bd666cfb8fcedefdf35785b,1.0,4231879571,4152142596,1480205621,2018-07-20,delivered,549.0,16.5,565.5,credit_card,8.0,7.0,-7.0,0.0
2762763568,c7649c79ea8177e6ff2817c7dac6343f,1.0,4175768714,3838040118,1734769477,2018-07-26,delivered,199.9,18.53,218.43,credit_card,8.0,6.0,-9.0,0.0
3301805071,9b9ea4df4ca67f5e1e7867b56944dd55,1.0,1995696754,914900306,2304947736,2018-07-16,delivered,59.0,13.07,72.07,boleto,1.0,4.0,-10.0,0.0
443341771,1a0ebef87017257e3f6c7f10e82b20b6,1.0,1447598228,1613507608,487055631,2018-07-25,delivered,95.0,23.47,118.47,credit_card,5.0,8.0,-15.0,0.0
2593129812,4870f8be587a9e5643156fb4f22d02e2,1.0,3467712138,4146794544,1008270582,2018-07-18,delivered,72.0,23.3,95.3,credit_card,8.0,13.0,-9.0,0.0
480709228,57bc9b432f93fd30a3cc83952ccbf267,1.0,1708877573,1920796201,2173695781,2018-08-25,delivered,89.99,23.62,113.61,credit_card,1.0,4.0,-7.0,0.0
4064906577,31827c49aa741fe6dc05ad3f63fef4e6,1.0,1040801513,2562824348,3485175421,2018-07-05,delivered,69.9,14.8,84.7,credit_card,1.0,7.0,-12.0,0.0
2199342798,c12bef4c2199585f7a1f2c92fdac3827,1.0,201451466,1965132122,1755005248,2018-08-06,delivered,69.9,18.29,88.19,credit_card,3.0,6.0,-3.0,0.0
3347821569,6cbc65eb4b9f5320a527cafaf73b7ea1,1.0,3712983781,1045357713,3659481684,2018-08-23,delivered,25.89,8.69,34.58,credit_card,1.0,2.0,-3.0,0.0
3228147572,c0199e1948471c7a3067b98fa16d16c5,1.0,4232961713,2326227935,85361230,2018-08-14,delivered,69.9,9.18,79.08,credit_card,4.0,2.0,-5.0,0.0
3048247263,092dd56170a9fa63acf80b11ef09f095,1.0,1811785504,2972969388,3419447,2018-08-21,delivered,55.9,7.65,63.55,credit_card,1.0,1.0,-5.0,0.0
928131250,3fe47ae1928a1f0f0dd7e456c400da7b,1.0,1431091545,3627388149,4163232810,2018-07-18,delivered,12.99,18.23,31.22,credit_card,1.0,13.0,-16.0,0.0
3579104372,59c0d4b067270f98e28b82c5ce59db9c,1.0,3221103233,3382406919,292598503,2018-08-19,delivered,69.97,27.47,97.44,credit_card,1.0,2.0,-9.0,0.0
3433658396,706617489351ee37878ad03403622f41,1.0,2477701671,2746034656,261066546,2018-08-06,delivered,116.9,18.92,135.82,credit_card,5.0,3.0,-8.0,0.0
2272205977,bbc87de149eab80106f390cd7014c3ad,1.0,1634210817,4102193398,2681412629,2018-07-20,delivered,79.99,7.82,87.81,credit_card,8.0,10.0,-2.0,0.0
1125157562,0af07373c6e0f41a0660087bf63d7c64,1.0,2943833656,1045357713,3659481684,2018-08-02,delivered,25.89,18.28,44.17,credit_card,2.0,14.0,2.0,1.0
66870599,48c2eddb1be16ce90bf4a7f93f815b34,1.0,2375891617,592096461,2304947736,2018-07-07,delivered,78.0,37.46,115.46,credit_card,2.0,15.0,-15.0,0.0
1421782548,37754393d4f73d9ef01dc61d6bac379b,1.0,3044033756,545984355,819761952,2018-07-16,delivered,99.9,27.0,126.9,credit_card,2.0,8.0,-13.0,0.0
579152960,192d18749b5744f1eff4f1661aeaa731,1.0,3846325416,1461476112,2622583364,2018-08-20,delivered,106.0,13.41,119.41,credit_card,5.0,3.0,-6.0,0.0
890049601,72e879557ec303f7f0e457cac42648c1,1.0,4190534724,1802206990,1925879045,2018-08-08,delivered,49.9,9.28,59.18,credit_card,1.0,8.0,3.0,1.0
3947840266,207ea151b652a5aa335e64d908d9e0ed,1.0,1738952199,1506482063,2746700703,2018-07-15,delivered,17.9,17.93,35.83,credit_card,1.0,18.0,-10.0,0.0
1386498993,31b0ad9590cbb7cce97820802ad69c6b,1.0,4172525525,1643602233,2580370799,2018-08-15,delivered,269.9,16.99,286.89,credit_card,3.0,12.0,-4.0,0.0
1999011725,a395628c3a4edf913a8abd71556e87f9,1.0,4262965516,3959853652,2880307388,2018-08-07,delivered,129.95,60.14,190.09,credit_card,4.0,14.0,-7.0,0.0
1589020276,10475e2c60a553298676870162a6bed5,1.0,2596002312,870882749,1675260091,2018-08-10,delivered,20.9,18.25,39.15,boleto,1.0,6.0,-24.0,0.0
1138291864,6227965ecb8a92f39dae66cf5f09736c,1.0,2125322939,899860769,53223181,2018-07-27,delivered,27.9,7.46,35.36,credit_card,1.0,3.0,-1.0,0.0
2129358043,55b0d8973155b2b01e1849cd54bb8d89,1.0,899776231,211704435,1018330744,2018-07-07,delivered,28.99,18.3,0.0,unknown,0.0,9.0,-15.0,0.0
3636078943,80260d682079b6090c8285b398c50d97,1.0,2476911261,2800674017,181572516,2018-08-23,delivered,24.99,11.2,36.19,credit_card,1.0,4.0,-1.0,0.0
3684170677,68b77ee56caee09a1bfcb38270c05173,1.0,2494431083,1763443645,1894514916,2018-07-18,delivered,1499.0,69.72,1568.72,credit_card,10.0,5.0,-16.0,0.0
3591234392,0ef649628b81b1b6562026090e37b98b,1.0,4017843810,2609951366,4109428959,2018-08-13,delivered,11.87,7.39,19.26,credit_card,1.0,15.0,0.0,0.0
3984135470,1248580ae351357ac7a36fc314df5268,1.0,320641000,1613130866,3514986460,2018-07-24,delivered,319.99,24.52,344.51,credit_card,2.0,7.0,-14.0,0.0
61707627,8ec29b681fd22a8225b16acff79330a0,1.0,2619285349,29974906,3366215599,2018-07-18,delivered,129.9,63.19,193.09,boleto,1.0,11.0,-15.0,0.0
1666627346,cd896f1a6e1a6dd77ebc7cd87c831066,1.0,622441608,2128215339,2340679812,2018-07-26,delivered,51.89,17.29,69.18,credit_card,3.0,11.0,-14.0,0.0
630842305,d9c7513b739ea789b1724a5e75695f90,1.0,1878029171,1425614791,3485175421,2018-07-07,delivered,79.9,23.36,103.26,credit_card,1.0,6.0,-27.0,0.0
3764829000,d77f5a013b0d47e99197422a47b3b139,1.0,3884773069,1804825450,2541707223,2018-08-14,delivered,199.9,18.33,218.23,credit_card,5.0,12.0,-14.0,0.0
2373916225,0f63c3a2e4c3e3ba27c7452c1f83621c,1.0,487186470,386456778,4027947388,2018-07-30,delivered,220.7,28.5,249.2,boleto,1.0,16.0,-6.0,0.0
3421947171,41c843dab306ff15365492a2dd8c3cef,1.0,2352677454,3159411774,1616220342,2018-08-04,delivered,119.99,18.94,138.93,credit_card,2.0,4.0,-8.0,0.0
3128712912,ab6e1678559b60b6e6a7db4837d6664d,1.0,62239385,2962835672,3787872925,2018-07-23,delivered,383.5,17.0,400.5,credit_card,2.0,4.0,-12.0,0.0
1970094829,4eee637d6e745237adf560dec7ae412e,1.0,2449437218,764710092,2467824051,2018-07-27,delivered,119.9,23.64,143.54,credit_card,2.0,5.0,-20.0,0.0
888450199,386a7bf9de133efa1516c4145330f3a6,1.0,3639813645,1241208376,2023461531,2018-07-30,delivered,74.99,15.63,90.62,boleto,1.0,4.0,-13.0,0.0
2677380527,7e3b7b3527cce28aa98702e05fda566e,1.0,3887041877,3372875552,3371283952,2018-08-07,delivered,77.74,45.41,123.15,credit_card,8.0,7.0,-6.0,0.0
1800091526,3be95134673694dafe888962e636f0ce,1.0,2244411345,3873886915,1277691880,2018-07-16,delivered,47.9,16.53,64.43,boleto,1.0,6.0,-14.0,0.0
3448905449,ac2403ebd2706b3bd5399ac7ef4ea9e7,1.0,2202253823,3021895620,3016875889,2018-07-15,delivered,89.9,16.82,106.72,credit_card,8.0,8.0,-15.0,0.0
1930082583,b2a3423735119b088bc62dd62cf053a8,1.0,2786543996,2376702565,3681701886,2018-08-02,delivered,149.9,8.31,158.21,credit_card,1.0,11.0,4.0,1.0
2277707863,80db40134db34fa301d8a9c17b307a00,1.0,50415940,2429489624,2908286125,2018-08-04,delivered,2090.0,65.35,2155.35,debit_card,1.0,10.0,-20.0,0.0
1343970876,4d9190887b47ff1b89c657c788c038f6,1.0,1619543821,1171928057,484457503,2018-08-10,delivered,38.5,15.37,41.07,voucher,1.0,4.0,-9.0,0.0
3669403827,74d9e9683c40581c6efb5d3ef994c902,1.0,3948914402,2216978836,2023461531,2018-08-10,delivered,29.99,8.37,38.36,boleto,1.0,13.0,8.0,1.0
4129022345,a8cdf6bc7ab2e5f5ec6d5dc977c3c295,1.0,578275816,1784163741,2213313366,2018-08-15,delivered,12.5,18.23,30.73,credit_card,3.0,5.0,-13.0,0.0
4038275215,a9ef90b7e8572edf6aa35360c03236e5,1.0,370386217,3824662134,1125369443,2018-08-18,delivered,49.9,16.54,66.44,debit_card,1.0,9.0,-8.0,0.0
3251941939,7229fca9b269915fc63b44434d20828a,1.0,1821973143,3073195398,3594951384,2018-08-15,delivered,1999.0,99.4,2098.4,credit_card,10.0,5.0,-10.0,0.0
2020480106,3bce97659e11778172e62ac0b440cb6c,1.0,2050160657,1257249019,1870756114,2018-07-25,shipped,119.9,20.03,139.93,credit_card,4.0,,,
3138784556,b06a6fd759132f4b7e369314ab5ae2d5,1.0,1788716301,3854635311,1579174796,2018-08-21,delivered,53.0,19.56,72.56,boleto,1.0,7.0,-1.0,0.0
828385659,d028d198f371aec5c0bbcadfc46c943c,1.0,4129612067,1383727448,1813314038,2018-07-18,delivered,15.9,18.23,34.13,credit_card,3.0,5.0,-16.0,0.0
2676573323,7313807dc1071728db193910181486d8,1.0,1646009732,3336840078,3670166590,2018-07-10,delivered,29.99,7.47,37.46,credit_card,1.0,1.0,-7.0,0.0
841089751,6cdd8e55d732c4757465f8eb53d4a8a0,1.0,2686113048,3226065187,2304947736,2018-07-04,delivered,35.0,7.51,42.51,credit_card,2.0,2.0,-11.0,0.0
3809351708,9f454dbf0163ac092c95a1e3cf9535cf,1.0,3067518132,561830774,549759410,2018-07-06,delivered,57.0,15.5,72.5,credit_card,4.0,6.0,-15.0,0.0
3083288929,733abca4b3372182a6c955ed064b0929,1.0,1252880634,1819225402,2154043224,2018-08-01,delivered,42.9,18.4,61.3,credit_card,5.0,8.0,-4.0,0.0
81346152,865632b4b7bd773e94d482105b596672,1.0,248168131,4157278916,1553669565,2018-08-12,delivered,65.9,19.65,85.55,credit_card,1.0,9.0,-15.0,0.0
919685490,6931075877d7cbb8cc81cad6c66d67c7,1.0,3324610952,3456254014,3942029387,2018-07-08,delivered,169.99,12.92,182.91,credit_card,1.0,4.0,-8.0,0.0
3336880495,2a5c7850b48cf4e26405577d4d2e78e6,1.0,3698642362,4055893161,4033467469,2018-08-10,delivered,29.9,12.87,42.77,voucher,1.0,5.0,-12.0,0.0
3740492993,d6c43cc94c51d9176828e42155f97127,1.0,86110345,519584093,2826113646,2018-08-15,delivered,779.0,27.38,806.38,credit_card,6.0,8.0,-5.0,0.0
2577816940,3fd0aee5e461a0922a15e3747a042332,1.0,3182366486,174750780,523493826,2018-08-05,delivered,122.99,84.63,207.62,boleto,1.0,10.0,-18.0,0.0
795199406,3b4036c28cd5f750d7d1041c6eab8f86,1.0,1489491918,2817707932,47085388,2018-08-03,delivered,45.0,17.25,62.25,credit_card,1.0,5.0,-14.0,0.0
1437416804,3a99e79dbc864f031d94b7f7957b34a5,1.0,1729983080,2725994338,2304947736,2018-08-20,delivered,189.0,8.58,197.58,credit_card,3.0,4.0,1.0,1.0
3897074015,af79819a5f90540c8d9a0eb9a4ed589c,1.0,2060921107,43367298,2286617973,2018-07-03,delivered,16.4,18.23,34.63,boleto,1.0,6.0,-20.0,0.0
2855762757,ad2e046d1a59ee49ddf9ae258360b81b,1.0,308605184,1205176810,1765806340,2018-08-15,delivered,119.0,16.13,135.13,credit_card,5.0,8.0,1.0,1.0
4098854747,7a2f802f8cd01aa62fb904b952932edf,1.0,3802694399,282847940,368619248,2018-08-02,delivered,735.0,22.95,757.95,credit_card,6.0,6.0,-14.0,0.0
151343750,44d48877c193df24fccfd55feefe7521,1.0,2003796712,1087857175,2208217379,2018-08-10,delivered,14.99,7.39,22.38,credit_card,1.0,4.0,-1.0,0.0
2300958697,c796b93238b8e2269a4f43ce3324ab08,1.0,2162051437,2667364133,1367109462,2018-08-12,delivered,249.0,88.33,337.33,credit_card,3.0,9.0,-10.0,0.0
2977739686,38be3479258281d5a9f612704f4546b8,1.0,1569874959,4067649685,618561824,2018-08-25,delivered,106.9,8.91,115.81,credit_card,1.0,4.0,-4.0,0.0
1806883327,c3541701eba57c21eb83f35f6eb1094b,1.0,2820648763,3818021243,2023461531,2018-07-17,delivered,289.0,17.12,306.12,credit_card,4.0,3.0,-18.0,0.0
3831561338,1b7120c62e8d21f1ee396c4c465101ed,1.0,3078220699,3893071266,4203403583,2018-07-27,delivered,49.0,7.6,56.6,credit_card,1.0,10.0,-8.0,0.0
3178174102,35d4cbc28ef2f56e83393787417a3b5c,1.0,2287457651,3545542421,2812297156,2018-07-23,delivered,411.0,73.09,484.09,credit_card,7.0,11.0,-13.0,0.0
3625963430,58862b6204545c832643872387966329,1.0,442004524,720284162,3799418531,2018-08-08,delivered,220.0,24.34,244.34,credit_card,1.0,8.0,-28.0,0.0
1311272067,5c0623ce8050c2cddeec3575bfbe0a53,1.0,3117339385,1438989271,2744735886,2018-07-25,delivered,109.9,7.03,157.32999999999998,credit_card,8.0,9.0,-18.0,0.0
655303873,5c0623ce8050c2cddeec3575bfbe0a53,2.0,3117339385,3850230641,2744735886,2018-07-25,delivered,109.9,87.83,157.32999999999998,credit_card,8.0,9.0,-18.0,0.0
1308631576,594d1d0caf1a2bb2d2d95058d9e318cc,1.0,501882524,3004605591,357383673,2018-07-25,delivered,159.9,19.22,179.12,credit_card,8.0,8.0,-19.0,0.0
555837765,594d1d0caf1a2bb2d2d95058d9e318cc,2.0,501882524,3004605591,357383673,2018-07-25,delivered,159.9,19.22,179.12,credit_card,8.0,8.0,-19.0,0.0
2731649015,48b04c2b15ef11dac475795682a3d991,1.0,3761624365,4142540263,3909645171,2018-08-27,delivered,36.9,9.01,45.91,credit_card,1.0,2.0,-2.0,0.0
401395680,ae939729c93b0ecd65e284740cb48997,1.0,4076816761,762556969,4275876195,2018-07-02,delivered,129.97,19.01,148.98,debit_card,1.0,8.0,-19.0,0.0
2748066787,3202d54e102ee571b92aaba84b2a7696,1.0,3483291373,1715952204,2023461531,2018-07-31,delivered,99.0,8.85,107.85,debit_card,1.0,1.0,-1.0,0.0
986842510,aea07e49bd6cb10236c4f58a429d3591,1.0,3433947673,4234796284,3995891762,2018-08-06,delivered,113.89,23.6,137.49,credit_card,1.0,15.0,4.0,1.0
3186224224,b812f8fd67c86d89510590abea7696d1,1.0,2282739839,3098424438,175667087,2018-07-30,delivered,81.0,18.37,99.37,credit_card,1.0,4.0,-10.0,0.0
465964138,cfd90c0fc3f3b1ebc3dc7a5a20181d37,1.0,1068035314,2254554039,4194263931,2018-08-16,delivered,125.0,14.22,139.22,credit_card,1.0,14.0,-11.0,0.0
3378957589,ad8c386772f88caabcff4e2a8bee26d3,1.0,1261245530,1398594763,392238237,2018-08-19,delivered,74.8,18.32,93.12,debit_card,1.0,5.0,-10.0,0.0
1732908739,618b8ec3c995dcd438feea3300bba0cf,1.0,1470669312,3924580625,4194263931,2018-07-25,delivered,65.9,22.39,88.29,boleto,1.0,21.0,-9.0,0.0
3205695656,1b5339b3d49c30108e0aa8c2c2cbbbd8,1.0,835964599,1205223205,3103215707,2018-08-03,delivered,259.99,19.92,279.91,boleto,1.0,7.0,-12.0,0.0
4146202504,59a28b77022aecabe93b43fa323de71b,1.0,530443000,899860769,53223181,2018-07-30,delivered,27.9,7.46,35.36,credit_card,1.0,3.0,-5.0,0.0
1227196764,88768bc53525534c6a8016a7318be286,1.0,485766262,3925803884,1026558515,2018-08-20,delivered,179.9,19.36,199.26,credit_card,3.0,8.0,-6.0,0.0
1190115268,140e0c65673552d3d1832a4d8e16d6e9,1.0,561482285,1241208376,2023461531,2018-07-10,delivered,69.99,8.65,78.64,debit_card,1.0,2.0,-6.0,0.0
4293820893,b70f6b5a22ff6a89a473176bce5c5f88,1.0,3763725702,4207649923,1040030263,2018-08-07,delivered,45.0,12.98,57.98,boleto,1.0,5.0,-15.0,0.0
3519672736,70dd6272528235d8324f3d154b94861f,1.0,3990440349,1802206990,1925879045,2018-07-30,delivered,46.9,9.26,56.16,boleto,1.0,4.0,1.0,1.0
2377600324,5b30d3d26fa80138cf0eeaedf8a3a1a5,1.0,1950256935,1139946119,2775148626,2018-08-14,delivered,44.49,9.06,53.55,credit_card,2.0,1.0,-9.0,0.0
4243864476,a59244db9c00a55a76803349b21f244d,1.0,985982975,1186560943,261066546,2018-07-24,delivered,28.89,29.47,36.17069469835466,boleto,1.0,6.0,-9.0,0.0
4041992021,a59244db9c00a55a76803349b21f244d,2.0,985982975,2036129729,261066546,2018-07-24,delivered,118.8,7.75,148.73930530164532,boleto,1.0,6.0,-9.0,0.0
3557732571,d7a4dd36126c5376d72caabe9d482682,1.0,1482752563,3983671124,2851853482,2018-07-17,delivered,59.99,18.52,78.51,credit_card,7.0,7.0,-9.0,0.0
2200266613,43cc7aac762dbd5d93a8354a946d85d9,1.0,2149354244,1205176810,1765806340,2018-08-05,delivered,119.0,21.47,140.47,boleto,1.0,5.0,-7.0,0.0
1735396783,5ed946893f9d36c172fc9bbbf31fcf0d,1.0,3167636912,2973009132,2880307388,2018-07-31,delivered,79.9,19.75,99.65,credit_card,1.0,23.0,7.0,1.0
1464408066,354a8fcde21bec79e0aa3a50dd54d72f,1.0,1535881218,1668855605,364684223,2018-07-15,delivered,99.9,19.99,119.89,credit_card,2.0,12.0,-33.0,0.0
1003856681,a7cf730b181e6cad8b924251402d001b,1.0,1364923833,1322388444,41857459,2018-07-30,delivered,99.9,15.8,115.7,credit_card,4.0,11.0,0.0,0.0
2812085283,c6a2bdf8fa25475ae4031f5138c716fc,1.0,4003403558,3896557983,1464160362,2018-08-14,delivered,39.8,56.61,96.41,credit_card,1.0,2.0,-7.0,0.0
3584867776,c6e387c037a56bdb072d10c85f3f9fef,1.0,4268277720,1282702158,728604636,2018-08-05,delivered,75.9,23.33,99.23,credit_card,4.0,8.0,-1.0,0.0
3489085073,529abc5277ea995c10bae0fa1ffbe39b,1.0,398556203,2906231998,605810449,2018-08-21,delivered,34.99,13.83,48.82,boleto,1.0,4.0,-5.0,0.0
2665992324,d6f91def52c69db1d3e017ced033ba87,1.0,160872335,2807106037,2339751197,2018-07-09,delivered,127.26,19.19,146.45,credit_card,4.0,4.0,-10.0,0.0
207172053,8c0d6c9f5d9beccd28f857ceb4ae162a,1.0,2442769156,2160789852,528827331,2018-08-03,delivered,101.0,19.9,120.9,voucher,1.0,10.0,-2.0,0.0
442292445,04e86e883a36a0775ecb4f34f581770d,1.0,3349173389,683563036,2810786206,2018-08-20,delivered,19.9,15.21,35.11,credit_card,1.0,7.0,-8.0,0.0
1177145855,25c0c95ad63107ee2478a09c851a6a67,1.0,380836631,2974088895,3523000694,2018-07-11,delivered,89.88,18.73,108.61,credit_card,2.0,18.0,-17.0,0.0
2936713082,25c0c95ad63107ee2478a09c851a6a67,2.0,380836631,2974088895,3523000694,2018-07-11,delivered,89.88,18.73,108.61,credit_card,2.0,18.0,-17.0,0.0
1073234165,65a8df3dfc633bab93334857a125db21,1.0,2645321832,1641330879,2173695781,2018-07-21,delivered,99.99,50.99,150.98,credit_card,5.0,10.0,-17.0,0.0
2352020076,97d3870e43e40f4dcac70eec95a6b146,1.0,2402444097,4241422275,2012735916,2018-08-10,delivered,99.0,44.61,143.61,credit_card,2.0,13.0,-26.0,0.0
2651716718,529a65336debb1c3e3327d7d67dc733d,1.0,1602981193,592096461,2304947736,2018-08-22,delivered,77.0,18.64,95.64,credit_card,3.0,8.0,-15.0,0.0
434496245,3384b2cb08c73583bc2aaa2aa30fa754,1.0,1935900899,2648751556,2023461531,2018-08-19,delivered,59.99,7.68,67.67,boleto,1.0,3.0,-2.0,0.0
2920389231,c5ba516dae0f7c34ba8ad92dad570249,1.0,3443161950,2005746130,3485175421,2018-08-26,delivered,51.9,14.67,66.57,credit_card,1.0,2.0,-8.0,0.0
1362911246,67660568d9fc745c94e03b88efcf3571,1.0,1180985689,1888395438,2303787513,2018-08-05,delivered,90.0,19.82,109.82,credit_card,4.0,5.0,-19.0,0.0
1321670201,3e08073801107359115073f8d03b595b,1.0,1369228610,4087587368,3868861908,2018-08-12,delivered,120.0,14.32,134.32,debit_card,1.0,2.0,-13.0,0.0
3295953673,00a379dfab816a83741012b71b264098,1.0,1197176579,702639118,2629314654,2018-08-03,delivered,15.99,7.39,23.38,credit_card,1.0,6.0,2.0,1.0
1613018791,494b56f3cd3d768dcc9451e48c8ee165,1.0,2774570315,2948996166,520545560,2018-08-23,delivered,16.9,18.23,35.13,boleto,1.0,6.0,-23.0,0.0
704458941,d8a38160525fa277b48b3502ad5ae5cf,1.0,3041292969,1529402584,3522250725,2018-08-02,delivered,45.97,19.51,65.48,credit_card,1.0,7.0,-7.0,0.0
813639231,80aa9c31556571f08988f12dc07476e1,1.0,967313030,799122612,1585314166,2018-07-11,delivered,39.0,18.37,57.37,boleto,1.0,14.0,-15.0,0.0
2466283457,7e72ec73eb316f40183f574d738eb99e,1.0,2485601203,3269197516,3942029387,2018-08-06,delivered,240.0,15.99,255.99,credit_card,10.0,4.0,-5.0,0.0
2347125298,9160545c698bc7e9408b84405166f60e,1.0,1005274687,3649004383,960009223,2018-07-27,delivered,34.99,30.05,65.04,credit_card,1.0,7.0,-11.0,0.0
1266975649,9836847f32179c3ed12e8eb240440aa7,1.0,2068766365,1993281594,2384848440,2018-08-07,delivered,129.9,44.83,174.73,credit_card,4.0,21.0,-3.0,0.0
3511974362,a2b02026d2b1873d8e01ccfe3f8c62b0,1.0,3972741040,2615191162,53223181,2018-07-18,delivered,24.99,12.84,37.83,debit_card,1.0,5.0,-9.0,0.0
607329645,4957235ac475ee9ce4a593a8078c08b8,1.0,1039895508,1109450755,1008270582,2018-08-14,delivered,69.0,27.56,96.56,credit_card,3.0,7.0,-6.0,0.0
2965113720,c393997142861148ab156520bb0ed1fb,1.0,3158254712,2952777915,581044507,2018-08-08,delivered,146.01,22.95,168.96,credit_card,3.0,22.0,-19.0,0.0
2054664556,bb713fd5cb7b02db84e82bee9c98304e,1.0,3140663682,4284662130,3659481684,2018-07-13,delivered,38.89,17.2,56.09,credit_card,2.0,10.0,-6.0,0.0
2233105435,63c3ce671d34493be2e342ac33a8249f,1.0,1959351643,182278101,1540428892,2018-08-07,delivered,98.7,18.79,117.49,credit_card,2.0,5.0,-9.0,0.0
1370212084,07a78584049fe9dca82ae7bf5717d8b9,1.0,1248972724,2467692187,196831707,2018-08-02,delivered,265.0,24.57,289.57,credit_card,1.0,6.0,1.0,1.0
80735764,450b2dfcd82c6f60f6ea30628ebf2945,1.0,3859644699,2047176494,1803873909,2018-07-11,delivered,169.0,15.49,184.49,credit_card,3.0,5.0,-10.0,0.0
3681101482,8b2098d15b08a80b4d24395b44cb2a42,1.0,1584945096,2283860257,2580370799,2018-08-19,delivered,44.9,13.65,58.55,credit_card,1.0,8.0,-2.0,0.0
1045624830,d982abd090f18bcf182f0a41284696c1,1.0,919466198,3435221613,3853443854,2018-08-16,delivered,29.9,15.13,0.0,unknown,0.0,5.0,-14.0,0.0
3451033830,d7362aa5fe91fbcde99a34eb3f592a36,1.0,2227553381,143113764,392238237,2018-08-10,delivered,159.9,36.35,196.25,credit_card,5.0,20.0,8.0,1.0
3347968942,777e839a3f71170e58385675ce610501,1.0,3848757121,2334581045,1361108180,2018-08-05,delivered,79.99,18.66,98.65,credit_card,2.0,8.0,-13.0,0.0
894975643,7cd9df8c03efcd7abf1f9d7156b392d5,1.0,3099932903,3573587702,4120033478,2018-08-08,delivered,118.9,9.17,128.07,boleto,1.0,5.0,-1.0,0.0
458063098,475c9b166482c7f26c38c7ae858d832a,1.0,2808779299,1087448062,406628979,2018-07-30,delivered,69.9,8.65,78.55,credit_card,1.0,2.0,-1.0,0.0
2914022039,7866f96b0496d61749bdc8664b22119e,1.0,2005059162,3720817000,2384848440,2018-08-26,delivered,139.9,27.96,167.86,credit_card,3.0,3.0,-15.0,0.0
2606043584,4cf8e5fafb46ec3ef4e9b76e9eb2bf25,1.0,888891806,3421675156,179864683,2018-08-21,delivered,57.9,18.56,76.46,credit_card,1.0,8.0,-21.0,0.0
561235065,935337c314d75668fe94f2a51ade79a3,1.0,1487251744,3525775204,935749508,2018-07-04,delivered,41.0,5.73,60.31990131578948,credit_card,4.0,6.0,-14.0,0.0
2468882317,935337c314d75668fe94f2a51ade79a3,2.0,1487251744,3857182574,3738344605,2018-07-04,delivered,9.9,11.46,14.565049342105263,credit_card,4.0,6.0,-14.0,0.0
1412713399,935337c314d75668fe94f2a51ade79a3,3.0,1487251744,3857182574,3738344605,2018-07-04,delivered,9.9,11.46,14.565049342105263,credit_card,4.0,6.0,-14.0,0.0
2155328199,b4c317bb5f8fb237f37171f190e8d332,1.0,1168730471,4228330150,2304947736,2018-07-17,delivered,89.0,15.72,104.72,credit_card,4.0,13.0,-15.0,0.0
2865685509,b2ba6dc36919f6194acddab3c69c65b5,1.0,3208439979,1309935087,3066591355,2018-08-07,delivered,60.99,7.69,68.68,credit_card,3.0,2.0,0.0,0.0
1970773478,d05d5881240a2b6f02e90a83bddc85cd,1.0,3411018973,2455099863,2629314654,2018-08-04,delivered,22.99,7.42,30.41,debit_card,1.0,9.0,4.0,1.0
4217227540,7ac220abf3a320355ee2493db7555d03,1.0,3719763652,914900306,2304947736,2018-07-16,delivered,59.0,37.32,96.32,credit_card,5.0,4.0,-20.0,0.0
2642588711,522eec5aa38ae3153b1c1a94e013947e,1.0,2116712204,218670650,2736754982,2018-07-05,delivered,44.99,18.42,63.41,boleto,1.0,4.0,-18.0,0.0
3405902131,71c56e89b74017d9b26611547346b7b8,1.0,953442290,882172476,2114821577,2018-08-08,delivered,54.0,18.48,72.48,credit_card,7.0,8.0,-7.0,0.0
2469085821,55881111d8b37a0e45cf97b156ae1943,1.0,1086009799,3460201094,2060950116,2018-08-01,delivered,49.0,19.32,57.38953622077425,credit_card,10.0,6.0,-7.0,0.0
1534945525,55881111d8b37a0e45cf97b156ae1943,2.0,1086009799,3621970897,2622583364,2018-08-01,delivered,162.9,6.04,190.79092755845156,credit_card,10.0,6.0,-7.0,0.0
2795451013,55881111d8b37a0e45cf97b156ae1943,3.0,1086009799,3460201094,2060950116,2018-08-01,delivered,49.0,19.32,57.38953622077425,credit_card,10.0,6.0,-7.0,0.0
875009622,6cda04e989dcb90b7a42f11b3638d824,1.0,3504820711,2126249511,1073829281,2018-07-24,delivered,23.97,7.43,31.4,boleto,1.0,2.0,-7.0,0.0
2480392069,79c96fac5fd38406b272b04b54d54083,1.0,3219830766,949013637,4194263931,2018-07-14,delivered,119.0,14.17,133.17,credit_card,1.0,6.0,-19.0,0.0
211923368,36b036769c93a2e59324ac996fb51e2b,1.0,512580675,4049433358,3468483859,2018-08-21,delivered,39.9,14.59,54.49,credit_card,4.0,6.0,-9.0,0.0
3015816979,a44d1d870123f5629ab393b99a94882d,1.0,3290578712,654936684,2533375300,2018-08-16,delivered,18.9,22.06,40.96,credit_card,1.0,10.0,-16.0,0.0
151561436,934838488a3fc133b3cb9b1f716c5937,1.0,4290988120,3452738577,2681412629,2018-07-20,delivered,49.99,18.45,68.44,credit_card,6.0,7.0,-14.0,0.0
3343689370,4cfe6efc40f9645ef7b88440a1c64149,1.0,83373413,302400981,2304947736,2018-08-04,delivered,49.0,7.6,56.6,boleto,1.0,14.0,10.0,1.0
2719516366,6726b6ce39bdad195755f019dd9bd4fb,1.0,3658789704,1378147945,4055463965,2018-07-03,delivered,28.9,23.35,52.25,credit_card,5.0,23.0,-13.0,0.0
2461130162,c5c8d33a3102ffa7d6fe4072ddf0ea8e,1.0,1364683307,2768804023,523493826,2018-08-03,delivered,64.99,19.37,0.0,unknown,0.0,10.0,-22.0,0.0
2519592062,ad9447ca1bb7d23ed83358f2235b5a56,1.0,4291789571,1913017858,4120033478,2018-08-07,delivered,199.9,24.55,224.45,boleto,1.0,13.0,-14.0,0.0
4108033395,62473d4e38d5bc1cbe9ba89c2e552183,1.0,2814860803,3223670663,1716536501,2018-08-22,delivered,48.9,19.53,68.43,boleto,1.0,8.0,-18.0,0.0
2254568029,0ea0b98a6722a5624e92e4fac9970b45,1.0,843514274,2807106037,2339751197,2018-07-23,delivered,127.26,27.19,154.45,debit_card,1.0,4.0,-14.0,0.0
2972907598,79265dc37c62974d65c0675a5501e127,1.0,3864721767,151692970,4151559108,2018-07-17,delivered,649.0,31.82,680.82,credit_card,2.0,26.0,-1.0,0.0
3007183381,76c4c846aae2dae9e87dfa492c3f5259,1.0,2065217593,3294414530,9861004,2018-08-06,delivered,49.9,27.52,64.04947445900191,credit_card,12.0,10.0,-15.0,0.0
1318465617,76c4c846aae2dae9e87dfa492c3f5259,2.0,2065217593,1573001490,84469676,2018-08-06,delivered,169.9,34.39,218.07626674517888,credit_card,12.0,10.0,-15.0,0.0
557102593,76c4c846aae2dae9e87dfa492c3f5259,3.0,2065217593,2950831749,2880307388,2018-08-06,delivered,119.85,34.4,153.8342587958192,credit_card,12.0,10.0,-15.0,0.0
1728919787,67babe0383a8449faeed6e1d37d8aa45,1.0,4231130282,838252655,1799866159,2018-07-10,delivered,119.99,33.32,153.31,credit_card,2.0,29.0,-21.0,0.0
3702940612,74c4ac3867f9fef27d2e9377a746f090,1.0,1942132636,1246454666,84469676,2018-07-10,delivered,149.9,27.35,177.25,credit_card,4.0,15.0,-5.0,0.0
1245569238,993da8482e658ec7f1d0c6d955604936,1.0,2553111687,1508925516,1902553100,2018-08-17,delivered,220.0,38.67,258.67,debit_card,1.0,6.0,-11.0,0.0
2853163761,993f3fc78c8cdf418bd5b0f7cfffcaa9,1.0,1275011544,99230834,2384848440,2018-08-15,delivered,129.9,22.66,152.56,credit_card,6.0,6.0,-6.0,0.0
3895945755,2140193e2b0829d9e294a5b08560a497,1.0,3222818283,406940050,2814304116,2018-08-20,delivered,44.9,18.41,63.31,credit_card,1.0,8.0,-13.0,0.0
1755389712,ce9c29eef68b7ebc6a4bc1014618bb4b,1.0,2218852877,3179268240,1868809992,2018-08-01,delivered,120.0,23.55,143.55,credit_card,5.0,5.0,-3.0,0.0
2551368037,d28d530e6f5f2e1fb58e616b097b23b8,1.0,1537218163,2665327557,3753803950,2018-08-05,delivered,84.3,13.93,98.23,credit_card,3.0,7.0,0.0,0.0
3158775495,d10768b753caf92effee124437f14321,1.0,3987982528,1121226584,1839874894,2018-07-04,delivered,1199.9,23.7,1223.6,credit_card,5.0,1.0,-13.0,0.0
145714533,47526268d1ca9101d88afed0fb430ed3,1.0,3417119524,3093642765,169704434,2018-08-19,delivered,49.9,9.1,59.0,credit_card,5.0,10.0,-4.0,0.0
1837344668,18f0e44c3101bf4288ae858b7be184af,1.0,1637406671,1368867325,796664912,2018-07-05,delivered,80.38,8.72,89.1,credit_card,3.0,5.0,-7.0,0.0
3169280605,18f0e44c3101bf4288ae858b7be184af,2.0,1637406671,1368867325,796664912,2018-07-05,delivered,80.38,8.72,89.1,credit_card,3.0,5.0,-7.0,0.0
1685164835,22c9adee57f279cc5b0741ddabc89e6b,1.0,2242792932,2257580866,2814304116,2018-07-19,delivered,99.9,18.8,118.7,debit_card,1.0,4.0,-15.0,0.0
4051631976,95a73758f9a0f238d54fbdcc11617ee4,1.0,3235207754,1470862899,2248653413,2018-08-01,delivered,85.0,16.79,101.79,boleto,1.0,5.0,-11.0,0.0
4037248176,35259d97f9642ac14994076aee098f39,1.0,2380108383,3336618263,208919382,2018-07-05,delivered,197.5,14.72,212.22,boleto,1.0,6.0,-15.0,0.0
572508822,dbecc01973f05c9adadfd6ae5f50f224,1.0,2624109739,3585351345,2368201577,2018-08-16,delivered,44.87,18.41,63.28,credit_card,1.0,6.0,-5.0,0.0
4206008178,665c6b8e3c77888e2a0c9b64ad905155,1.0,3603833582,708588631,3626123686,2018-07-16,delivered,149.0,19.95,168.95,debit_card,1.0,7.0,-11.0,0.0
210545782,cd4b3eb02a077e4c51607df950c8237b,1.0,205218120,3578553605,596468350,2018-08-18,delivered,39.0,23.07,62.07,boleto,1.0,5.0,-7.0,0.0
214413301,07e68b7ed834c392f26a154d8997115b,1.0,802917901,115840973,2622583364,2018-08-04,delivered,179.9,19.36,199.26,credit_card,2.0,6.0,-10.0,0.0
991085871,8f3eedb2479ad51a98647779fce346a1,1.0,342580292,2465603563,643988096,2018-08-10,delivered,299.99,88.69,388.68,boleto,1.0,7.0,-13.0,0.0
81296386,d1450bdadbdc63d63930446c31eb91e2,1.0,2959190510,695028506,4168739865,2018-07-17,delivered,54.99,19.58,74.57,credit_card,1.0,6.0,-10.0,0.0
3234111043,711526597d2e1f1b5ee9bf5c4af2c4cf,1.0,3162496485,1002559652,1868809992,2018-07-27,delivered,150.0,60.04,192.0275,credit_card,6.0,12.0,-14.0,0.0
2867950139,711526597d2e1f1b5ee9bf5c4af2c4cf,2.0,3162496485,457248455,1868809992,2018-07-27,delivered,150.0,24.02,192.0275,credit_card,6.0,12.0,-14.0,0.0
1527341678,711526597d2e1f1b5ee9bf5c4af2c4cf,3.0,3162496485,1002559652,1868809992,2018-07-27,delivered,150.0,60.04,192.0275,credit_card,6.0,12.0,-14.0,0.0
3948174533,711526597d2e1f1b5ee9bf5c4af2c4cf,4.0,3162496485,457248455,1868809992,2018-07-27,delivered,150.0,24.02,192.0275,credit_card,6.0,12.0,-14.0,0.0
550811803,27be2d9a863635e6a3c6b616cd179798,1.0,3935156993,188215737,1550185782,2018-07-27,delivered,249.99,14.05,264.04,credit_card,5.0,4.0,-1.0,0.0
1975380460,394d17c2b71a726e205caaeee3d2aa3d,1.0,2638839640,3973183363,2304947736,2018-08-03,delivered,49.0,8.5,57.5,credit_card,1.0,4.0,-1.0,0.0
4208605957,49acb5fc9c65246c7611d008c2304353,1.0,1565105201,734779691,3667124800,2018-08-03,delivered,64.9,7.71,72.61,credit_card,2.0,5.0,0.0,0.0
3331239532,7e8756804954a036bc7bba08ceade465,1.0,1534249100,3239363638,1868809992,2018-08-08,delivered,228.0,82.91,310.91,credit_card,6.0,12.0,-8.0,0.0
2895821789,01235dc626dcf13283207ba7f36a959a,1.0,254388455,2958843076,1856359935,2018-07-24,delivered,25.99,5.31,33.43,boleto,1.0,13.0,-3.0,0.0
4292451299,01235dc626dcf13283207ba7f36a959a,2.0,254388455,4107361782,1856359935,2018-07-24,delivered,25.99,9.57,33.43,boleto,1.0,13.0,-3.0,0.0
518476119,6bcee650c0948a4d061fbac64d157ba5,1.0,3497918064,1432745270,1919968767,2018-07-26,delivered,95.0,13.33,108.33,credit_card,5.0,7.0,-10.0,0.0
2922342230,3bfe23e972fbcc9388dac1afaa11eebd,1.0,2701349547,3299279091,123833255,2018-08-20,delivered,530.0,26.42,556.42,boleto,1.0,2.0,-1.0,0.0
4107135531,2680d53d669b7bcd1cfde553ffa78aba,1.0,1145778184,1147638632,123833255,2018-08-21,delivered,19.0,7.39,26.39,debit_card,1.0,2.0,-1.0,0.0
3521754131,829dd3ef512422255299763d6cce8f96,1.0,713089410,1960723500,355541326,2018-08-22,delivered,65.52,23.26,88.78,boleto,1.0,8.0,-5.0,0.0
2876483384,984d7b91d51b86ce72cbfffc2dcdb8d5,1.0,133356476,2497209898,581044507,2018-08-07,delivered,199.6,19.5,219.1,credit_card,8.0,13.0,-6.0,0.0
446999983,6fec846920d64dd20cad8adb75d01e8d,1.0,4035299083,2527715815,471171552,2018-08-02,delivered,79.9,23.36,103.26,credit_card,3.0,8.0,-7.0,0.0
3479917709,08d820f39b00e575ea55d845ac9a13c2,1.0,2736478723,713538621,2304947736,2018-08-18,delivered,29.0,7.46,36.46,credit_card,3.0,3.0,-3.0,0.0
326109656,4036f899610ca6b249129cf1b59ae8f5,1.0,3448113426,1240997094,853605052,2018-07-31,delivered,109.9,23.99,0.0,unknown,0.0,10.0,-33.0,0.0
2302278001,086986d3fe34c0417a41f76b14114fec,1.0,4000750338,1212063414,3040083723,2018-08-04,delivered,229.9,14.91,244.81,credit_card,4.0,2.0,-6.0,0.0
1074093745,b2463b22b6b50ca3444ffce1d8ea1754,1.0,2785810944,1716446680,4194263931,2018-07-10,delivered,139.0,14.31,153.31,boleto,1.0,10.0,-20.0,0.0
1772754826,46bd1a27e10461c5139b6c7fc349b6ec,1.0,4152799086,3915389518,3447476930,2018-07-25,delivered,89.0,15.72,104.72,credit_card,1.0,5.0,-22.0,0.0
1094880836,5cafde3fdf1a583c0a5d7fdc7b526ad1,1.0,3277339256,750239238,2100815658,2018-07-04,delivered,49.6,9.1,58.7,boleto,1.0,7.0,-7.0,0.0
2453878518,bf4753bf93e0d4b25fab22e045029e7e,1.0,1288414559,403182776,1553669565,2018-08-01,delivered,65.9,22.39,88.29,credit_card,3.0,8.0,-25.0,0.0
4157403607,3924f091293036f904fe4c2ef928defa,1.0,3858118000,1287384360,3681078781,2018-07-23,delivered,172.0,8.46,180.46,credit_card,1.0,10.0,-5.0,0.0
3619641933,020347f6d056bb4209b3ee4711d25f1a,1.0,1287096882,2659353721,2118540709,2018-07-24,delivered,105.0,23.89,128.89,boleto,1.0,12.0,-10.0,0.0
407022990,27dc874d0fc1a19c74ec77ca706be968,1.0,1255610723,1459163277,1379301944,2018-07-02,delivered,36.2,11.98,48.18,credit_card,1.0,2.0,-14.0,0.0
2876952645,6304164a7279cadbe75ba08fcf6357d6,1.0,1257593363,154739677,4053364721,2018-07-24,delivered,67.0,60.08,127.08,credit_card,2.0,9.0,-21.0,0.0
670134997,6304164a7279cadbe75ba08fcf6357d6,2.0,1257593363,154739677,4053364721,2018-07-24,delivered,67.0,60.08,127.08,credit_card,2.0,9.0,-21.0,0.0
605467376,4d7b4c89f8c9bb45857a3fa3eb4f0272,1.0,441806624,1943790943,53223181,2018-07-24,delivered,50.49,18.45,68.94,credit_card,1.0,6.0,-11.0,0.0
2937547158,2646f79bb52c439205971a6cc6d95ff5,1.0,3438823361,1618205783,819761952,2018-07-14,invoiced,75.0,19.72,94.72,credit_card,4.0,,,
1725452591,d75f81a722e2725c03b9fc87373305ab,1.0,874630430,2172992090,3861952746,2018-07-22,delivered,99.9,27.65,127.55,credit_card,4.0,8.0,-21.0,0.0
2161155485,bfbe4da70051b268f60475b51581c663,1.0,1585189509,166897074,604861625,2018-07-06,delivered,75.99,17.74,93.73,credit_card,8.0,5.0,-7.0,0.0
3375017964,c9edb7bc5d1bba89d462a4f94c79c078,1.0,2169113308,1997121583,2304947736,2018-08-03,delivered,78.0,51.13,129.13,credit_card,10.0,9.0,-4.0,0.0
2771937465,6a09c972c5374c18c043270ddf09b641,1.0,3943460787,2843280848,1527800984,2018-08-14,delivered,14.99,7.39,22.380000000000003,credit_card,1.0,1.0,-6.0,0.0
1918734100,6a09c972c5374c18c043270ddf09b641,2.0,3943460787,2843280848,1527800984,2018-08-14,delivered,14.99,7.39,22.380000000000003,credit_card,1.0,1.0,-6.0,0.0
2161499931,6a09c972c5374c18c043270ddf09b641,3.0,3943460787,2843280848,1527800984,2018-08-14,delivered,14.99,7.39,22.380000000000003,credit_card,1.0,1.0,-6.0,0.0
3441446741,6826d3cfe92e5af877d3d2088f03d8c5,1.0,2232835560,3070097800,866830663,2018-07-13,delivered,96.0,16.86,112.86,credit_card,4.0,10.0,-7.0,0.0
2022057143,6826d3cfe92e5af877d3d2088f03d8c5,2.0,2232835560,3070097800,866830663,2018-07-13,delivered,96.0,16.86,112.86,credit_card,4.0,10.0,-7.0,0.0
1723763169,6826d3cfe92e5af877d3d2088f03d8c5,3.0,2232835560,3070097800,866830663,2018-07-13,delivered,96.0,16.86,112.86,credit_card,4.0,10.0,-7.0,0.0
1515275345,3d8c679ea369975a1e4265dbc2289f72,1.0,2422360285,557983401,4120033478,2018-07-22,delivered,39.9,7.7,47.6,credit_card,4.0,4.0,-21.0,0.0
1634013993,6ce2f6c46900d2944aa402979ff81e6c,1.0,3856468936,685081976,1867257412,2018-07-23,delivered,93.99,23.46,117.45,credit_card,4.0,8.0,-10.0,0.0
979923237,01405161cfdf60dd80df1f393a2796d5,1.0,2680425513,4273928288,1242878050,2018-08-09,delivered,59.9,14.73,74.63,credit_card,4.0,10.0,-4.0,0.0
4029608809,a7a7cee8db5a07311875dd616cbad673,1.0,445947135,297247473,358900552,2018-08-05,delivered,31.9,18.32,50.22,credit_card,1.0,8.0,-6.0,0.0
1925116099,a7a7cee8db5a07311875dd616cbad673,2.0,445947135,297247473,358900552,2018-08-05,delivered,31.9,18.32,50.22,credit_card,1.0,8.0,-6.0,0.0
2162935447,6ae112d3d80d830e6e97b777b24b4c56,1.0,3961627540,745537936,1008270582,2018-07-24,delivered,199.9,19.7,219.6,boleto,1.0,6.0,-8.0,0.0
857423712,cede6783681ee6ca1c00eb85d602ead4,1.0,1999246892,1177862612,1868809992,2018-08-16,delivered,38.4,19.46,57.86,boleto,1.0,8.0,-10.0,0.0
1803727256,022f80b8a6f58b11018082b505f15c38,1.0,1936413672,3616676583,3267771422,2018-08-22,delivered,24.9,18.27,43.17,credit_card,4.0,7.0,-12.0,0.0
3779886914,55145ed5b3a494a64bc8a013c511191e,1.0,3454907523,3780846032,1521024051,2018-07-16,delivered,139.99,19.03,159.02,credit_card,3.0,9.0,-21.0,0.0
2006742125,8dbafac7422903530bd67f9cc974a094,1.0,177820827,2821796706,616872247,2018-08-17,delivered,44.88,19.5,64.38,credit_card,1.0,5.0,-9.0,0.0
587768308,27862fa69c55efccf16a971d36a8f7dc,1.0,1527283824,1930135429,3186732875,2018-08-18,delivered,132.8,25.28,158.08,credit_card,2.0,5.0,-12.0,0.0
2957229378,3fabb6abad830a556447ea8e809ae9b1,1.0,176248866,2162993696,3287902130,2018-08-11,delivered,99.8,19.89,119.69,credit_card,4.0,9.0,-8.0,0.0
828511315,db2591092d4d4eefdacc5957508a3af3,1.0,656412991,1506192027,4193115790,2018-07-19,delivered,38.9,11.29,0.0,unknown,0.0,4.0,-3.0,0.0
3216987885,45755149572c323be55506b108bcdbf9,1.0,595492429,2203887488,2023461531,2018-07-31,delivered,99.0,13.35,112.35,credit_card,1.0,6.0,-7.0,0.0
16348875,1fc5d622399fcd0bdb8d79644854448c,1.0,973843548,490122708,3466443720,2018-07-05,delivered,197.43,27.68,225.11,credit_card,4.0,14.0,-12.0,0.0
2748326412,92914b2daadca6d6a669a963ccc42c2d,1.0,3431765507,3880537531,2304947736,2018-08-20,delivered,54.0,7.64,61.64,voucher,1.0,2.0,-1.0,0.0
561940739,cadd4c5765abf658117f2cc7e2a639c2,1.0,2944329298,1259123718,2420294011,2018-08-10,canceled,119.0,11.85,130.85,credit_card,3.0,,,
2365278216,132ab6f8e1c86c21b064ee8832129bb1,1.0,1343108159,3456254014,3942029387,2018-08-17,delivered,169.99,23.99,193.98,boleto,1.0,10.0,-16.0,0.0
750794325,5c76d1348426fdd99247825f50c45a2d,1.0,2407409977,2466617493,3466443720,2018-08-01,delivered,142.14,23.8,165.94,credit_card,5.0,12.0,-29.0,0.0
2860524160,1577a74e526c643276397c8e3069b37a,1.0,3801045024,3999287784,2571258329,2018-08-20,delivered,30.0,18.31,48.31,credit_card,2.0,7.0,-17.0,0.0
259442384,b12634fbd8b98d3805320cca29dbdc9f,1.0,3609143341,2255105033,256972323,2018-08-13,delivered,69.0,13.82,0.0,unknown,0.0,3.0,-12.0,0.0
2335335116,5f3ce710839dcf62389d5187ece2d4e8,1.0,3722309689,718071674,1734769477,2018-07-25,delivered,29.9,7.47,37.37,boleto,1.0,2.0,-6.0,0.0
4166066947,5f3ce710839dcf62389d5187ece2d4e8,2.0,3722309689,750030509,1734769477,2018-07-25,delivered,29.9,7.47,37.37,boleto,1.0,2.0,-6.0,0.0
3439674535,7d38d0b8ab96504f2f2058ac3f01710f,1.0,3890495843,3727625020,1167975112,2018-07-06,delivered,148.0,24.19,172.19,credit_card,2.0,7.0,-26.0,0.0
39351911,cdf3be569e5ffb3e78f84d92c20336a7,1.0,1240881499,621720882,2053848117,2018-07-23,delivered,29.99,11.23,41.22,boleto,1.0,2.0,-5.0,0.0
3515970659,20e4793779b086b53af56a8ea4b94f71,1.0,3291381659,414564316,2857842454,2018-07-26,delivered,97.99,18.79,116.78,boleto,1.0,7.0,-12.0,0.0
3634163254,20e4793779b086b53af56a8ea4b94f71,2.0,3291381659,414564316,2857842454,2018-07-26,delivered,97.99,18.79,116.78,boleto,1.0,7.0,-12.0,0.0
2129426320,20e4793779b086b53af56a8ea4b94f71,3.0,3291381659,414564316,2857842454,2018-07-26,delivered,97.99,18.79,116.78,boleto,1.0,7.0,-12.0,0.0
3539509525,9b0608ab7dcbc73db0b62291f23c55bf,1.0,142511163,3123019817,2043647929,2018-08-03,delivered,92.99,22.58,115.57,boleto,1.0,20.0,-7.0,0.0
124649883,99d63f07f1159c807e4175e692a8a815,1.0,2790760490,749729580,498393463,2018-07-08,delivered,69.9,23.64,93.54,boleto,1.0,15.0,-10.0,0.0
1375173754,02014f2495eef0e869616829d481d743,1.0,4221985979,213385596,368619248,2018-08-22,delivered,1240.0,102.63,1342.63,credit_card,6.0,5.0,-8.0,0.0
4227074618,8accd50880b882387ddd4a36d0b1b7d4,1.0,1898433899,3911629916,368619248,2018-08-18,delivered,148.0,8.3,156.3,boleto,1.0,4.0,-2.0,0.0
685960775,43da1954a3ab906e70d25dff8fd0a3a0,1.0,2084848358,500206824,3639698146,2018-08-05,delivered,700.0,37.38,737.38,credit_card,8.0,15.0,0.0,0.0
3852858825,43da1954a3ab906e70d25dff8fd0a3a0,2.0,2084848358,500206824,3639698146,2018-08-05,delivered,700.0,37.38,737.38,credit_card,8.0,15.0,0.0,0.0
1476515575,c069094e56b975a886bc7c6817fe0887,1.0,282739045,3188601629,236054194,2018-08-20,delivered,95.2,16.86,112.06,credit_card,1.0,4.0,-7.0,0.0
2258682521,c9f1715aa7997f1ebfb8560a516d92fd,1.0,1927679961,1316129150,2997337676,2018-08-06,delivered,527.9,63.98,591.88,credit_card,4.0,17.0,-27.0,0.0
1442882048,b3717753b7626004c921e350a7638879,1.0,1175435770,1528604297,989903952,2018-07-02,delivered,59.9,23.57,83.47,credit_card,3.0,9.0,-29.0,0.0
1769723388,8c572f3e9b363e7ef4cc144968a64e9f,1.0,4014803385,3249126681,1579174796,2018-08-01,delivered,30.0,12.87,42.87,credit_card,1.0,8.0,-4.0,0.0
1855322864,e11c81f63f7e2ef0a0a22cbc781e8099,1.0,3225452172,2314714437,2636346249,2018-08-06,delivered,24.99,12.84,37.83,credit_card,1.0,8.0,-3.0,0.0
4231527739,d264d651c8218bc064f4b44d3c06d9a3,1.0,4201676063,171910624,342097555,2018-07-25,delivered,139.9,58.06,197.96,credit_card,10.0,5.0,-14.0,0.0
1713463178,02bd584dedf7373cb07b6540cadf9a76,1.0,34598710,1293382043,819761952,2018-08-04,delivered,54.0,23.18,77.18,credit_card,1.0,9.0,-14.0,0.0
3580772056,8e83e34d39ed0235b3460da4bd082fc8,1.0,2360196529,1000966602,4055463965,2018-07-19,delivered,28.9,15.3,44.2,credit_card,1.0,7.0,-18.0,0.0
4165373757,a2b29ceea06f28d1c71db5b2c9529820,1.0,4030969652,3525954124,1399826378,2018-07-23,delivered,52.9,23.52,76.42,credit_card,4.0,14.0,-15.0,0.0
2167599434,3e4fbccb16133fd341f745f8be520648,1.0,3585994596,2910560766,3383679924,2018-07-26,delivered,7.5,18.23,25.73,credit_card,1.0,11.0,-10.0,0.0
3016711754,a852cc31ae30e70e308d7e21bcc47990,1.0,4120991360,2699944850,549759410,2018-07-28,delivered,10.9,7.39,18.29,credit_card,1.0,3.0,-7.0,0.0
552350903,617700c0f437adbb60d8ab8ea6d9e3ab,1.0,3784444289,3990271357,3664770205,2018-08-02,delivered,179.9,19.36,199.26,credit_card,5.0,12.0,-3.0,0.0
2380452807,a0f8cdef3a3387782a94be2247a45238,1.0,2118299530,3470517503,1615213775,2018-07-02,delivered,56.1,19.58,75.68,credit_card,2.0,7.0,-23.0,0.0
1600930459,73863aca434e1d117e45109bea6f1937,1.0,789658632,3565717587,2821648493,2018-07-29,canceled,1669.87,171.88,1841.75,credit_card,2.0,,,
2866532523,7ee45000199ae00051ea0d2b996b66df,1.0,687028067,2751316048,520545560,2018-08-20,delivered,16.9,7.87,24.77,debit_card,1.0,2.0,-1.0,0.0
2857306454,4a21e3eb07861993fbaae74314b0d224,1.0,532731125,2605824800,3929842482,2018-07-22,delivered,1389.99,82.48,1472.47,credit_card,10.0,7.0,-16.0,0.0
468384707,3612774010df99c2dbad4a7dbebfff59,1.0,3606015436,1908510561,3667124800,2018-07-23,delivered,79.9,7.82,87.72,credit_card,3.0,3.0,-4.0,0.0
2188894959,853e167f64c749528b3b531bef12850c,1.0,220127033,1926522108,2684332936,2018-07-13,delivered,89.1,37.53,126.63,credit_card,5.0,11.0,-9.0,0.0
1290627670,853e167f64c749528b3b531bef12850c,2.0,220127033,1647622225,2684332936,2018-07-13,delivered,89.1,37.53,126.63,credit_card,5.0,11.0,-9.0,0.0
2626601882,4ec7da00b00c04936796489296dbb9e7,1.0,584247549,3155743601,2154000458,2018-07-26,delivered,54.99,23.19,78.18,credit_card,2.0,4.0,-16.0,0.0
703855427,b7b4b4fa31e517b9af7706d637d3de1b,1.0,1868553269,1277571969,1763790356,2018-08-09,delivered,170.0,25.54,195.54,credit_card,2.0,11.0,-7.0,0.0
1691305573,b7b4b4fa31e517b9af7706d637d3de1b,2.0,1868553269,1277571969,1763790356,2018-08-09,delivered,170.0,25.54,195.54,credit_card,2.0,11.0,-7.0,0.0
2978334364,9e9bb251429e37919252cfa83702d18e,1.0,3656352783,649869534,3357702733,2018-07-02,delivered,79.9,14.14,94.04,credit_card,1.0,3.0,-19.0,0.0
3178811044,11cfb7ef8394269889a34ee7832fe16c,1.0,1576147652,2466355469,523493826,2018-08-20,delivered,66.99,27.75,94.74,credit_card,5.0,8.0,-7.0,0.0
188058253,909b69f5894c4b1a14264b64f98b4e10,1.0,256817954,2357914265,3734963615,2018-08-03,delivered,299.9,25.25,325.15,credit_card,6.0,17.0,4.0,1.0
1347776420,1f612bff4d56e027d312b7e884ed03b1,1.0,3278042117,3291770197,4109428959,2018-08-10,delivered,13.97,7.39,21.36,boleto,1.0,4.0,-13.0,0.0
1767825669,28828f489c91c1e32c3840fdd57d5d43,1.0,3727527807,1768158788,2433711167,2018-08-12,delivered,179.2,23.18,202.38,credit_card,14.0,9.0,-13.0,0.0
961527267,b65df09993493fd5f15bef98f1a348fc,1.0,1439944289,2411905401,3154186893,2018-08-15,delivered,81.9,15.67,97.57,credit_card,3.0,5.0,-29.0,0.0
2457203902,cfea8d218fdcd01ec074136ce618bda9,1.0,3583364243,4294399807,2308685613,2018-08-18,delivered,81.9,8.73,90.63,credit_card,1.0,5.0,-1.0,0.0
3577378950,8718a4ef6a9e45012bb3e595f0b5286c,1.0,2009762170,2250358404,2629314654,2018-07-19,delivered,9.99,7.39,17.38,credit_card,1.0,4.0,-4.0,0.0
2945476016,648b4f683ccf074ebe65a73c8096dd18,1.0,318655493,2330011602,1856359935,2018-07-20,delivered,52.0,87.87,139.87,credit_card,4.0,15.0,-19.0,0.0
1487292738,c30f0c45d2f4db0380c100d5193d07bb,1.0,2681068430,853499351,1873747380,2018-07-08,delivered,138.0,60.2,198.2,credit_card,10.0,5.0,-16.0,0.0
2780722440,8d5a48899e1fc850ea09b99a03b0e88f,1.0,3134254471,718071674,1734769477,2018-08-08,delivered,29.9,7.47,37.37,credit_card,2.0,6.0,-3.0,0.0
2584136946,9e1ec0af4a9a7144a46d158211aaeb12,1.0,2874315970,1608750234,3659481684,2018-07-22,delivered,69.89,15.59,85.48,credit_card,1.0,3.0,-14.0,0.0
819307423,56e2e07e6e0f8e73a5f1c73bcb74f270,1.0,2123324577,2703664508,9861004,2018-07-05,delivered,49.9,20.99,70.89,credit_card,2.0,6.0,-12.0,0.0
2227458366,56e2e07e6e0f8e73a5f1c73bcb74f270,2.0,2123324577,2703664508,9861004,2018-07-05,delivered,49.9,20.99,70.89,credit_card,2.0,6.0,-12.0,0.0
343048789,a2dbd93b24fc7f52962452e1920d2ec4,1.0,2158520628,2588894933,3869837176,2018-07-23,delivered,62.0,15.53,77.53,voucher,1.0,4.0,-26.0,0.0
788654927,125f493c9aa37e5e79a34e7b602da0a4,1.0,4169873534,3138985478,3554345266,2018-08-13,delivered,179.9,38.17,218.07,credit_card,1.0,10.0,-12.0,0.0
2925933953,3aee056d5b3555ca96a8090761a712b6,1.0,633772308,3751507458,3620228618,2018-08-24,delivered,11.35,7.39,18.74,credit_card,1.0,5.0,-7.0,0.0
4274604326,57eeb1ae64d1ca34bebe90920670cfb9,1.0,2059531644,4062786358,1734769477,2018-08-22,delivered,74.9,9.27,84.17,credit_card,4.0,1.0,-8.0,0.0
1195400016,5997512fab61ce978490135668b02aa9,1.0,1159248610,1795904393,4038371640,2018-07-24,delivered,127.0,12.15,139.15,credit_card,6.0,2.0,-19.0,0.0
2836565048,0f1a032292563a581f27eac807f97a05,1.0,364545497,1604060111,2478533570,2018-07-25,delivered,38.6,13.61,52.21,credit_card,1.0,4.0,-15.0,0.0
833194025,7514404922bc617c41f9b47f003a3350,1.0,1513161672,3043765173,3016182256,2018-08-20,delivered,172.5,9.37,181.87,credit_card,8.0,4.0,-3.0,0.0
39179738,202effd51a18d9717266ec1935672741,1.0,150886499,3880537531,2304947736,2018-07-19,delivered,55.0,37.3,92.3,credit_card,3.0,10.0,-15.0,0.0
139662591,94a4c515439bdf79c3380fd5372f516c,1.0,2502246327,3898251050,96764808,2018-07-21,delivered,14.9,7.39,22.29,credit_card,1.0,4.0,-6.0,0.0
3514747688,94a4c515439bdf79c3380fd5372f516c,2.0,2502246327,3898251050,96764808,2018-07-21,delivered,14.9,7.39,22.29,credit_card,1.0,4.0,-6.0,0.0
3089128856,38eb06edd481856d589bd3beacced42e,1.0,1231718397,685406600,2722740119,2018-07-18,delivered,209.0,10.21,219.21,debit_card,1.0,5.0,-9.0,0.0
41636885,5e8e7ebdd5b541e43630e5095c5416a4,1.0,744640117,1929091645,196831707,2018-07-01,delivered,209.99,42.45,252.44,credit_card,8.0,7.0,-18.0,0.0
3474855555,a9a6b38d59cf5f6c56d86dc3513a9bb9,1.0,2505119168,2714876052,1430230204,2018-08-20,delivered,29.98,8.37,38.35,boleto,1.0,2.0,-1.0,0.0
3654917455,1c119597703b882a5b24ab9139a9a53a,1.0,2577739195,703300369,1919968767,2018-08-18,delivered,110.32,8.03,118.35,credit_card,4.0,6.0,-6.0,0.0
1244139181,d691a7cd6c98cdda10a6861436c2f000,1.0,4011601844,3331059024,917249301,2018-08-09,delivered,1199.9,60.75,1260.65,credit_card,8.0,13.0,-6.0,0.0
399099158,ae101f141494b1098855d1145e80341e,1.0,1984139367,3420973458,1505240583,2018-07-01,shipped,469.0,46.08,515.08,credit_card,2.0,,,
3386726503,25b0aadbfdbdc6fcc91820762f6aaf35,1.0,1907229624,671890382,1987382822,2018-08-15,delivered,349.97,37.8,387.77,credit_card,10.0,8.0,-12.0,0.0
1604072776,09e7742cede3e38bad12bf8e4e015d6c,1.0,3384913160,3621970897,2622583364,2018-08-01,delivered,162.9,19.24,182.14,boleto,1.0,7.0,-8.0,0.0
3063330928,145b75a554e404852b520d70c50c9f9c,1.0,3427141752,827015428,2636346249,2018-08-03,delivered,27.99,12.86,40.85,boleto,1.0,10.0,-6.0,0.0
141221573,b5bdf19b8bbc9d7daf5eb8f087a8895e,1.0,1481119867,2903015437,1019739776,2018-08-26,delivered,99.98,11.72,111.7,credit_card,10.0,2.0,-2.0,0.0
3840329577,d43df0b37313a8c9a453c321ce6084e5,1.0,1564071839,2825963270,3485175421,2018-08-07,delivered,50.0,18.45,68.45,credit_card,6.0,9.0,-3.0,0.0
3168373922,b6b3f7398f91d01cddd86f40d894e688,1.0,3077367227,1570888716,53223181,2018-07-26,delivered,27.9,7.46,35.36,boleto,1.0,5.0,-3.0,0.0
247695265,cc7bd0bcbb309edb2cd6fd9e87e70fcf,1.0,2463142482,2760557938,2304947736,2018-08-02,delivered,49.0,18.44,67.44,credit_card,1.0,6.0,-5.0,0.0
1311799259,4f519ece529392f7272828e7c16e1a78,1.0,16681939,3740420916,2023461531,2018-08-25,delivered,14.99,8.29,0.0,unknown,0.0,3.0,-2.0,0.0
4088086562,1f55d59fd95c97d28af581c3c7b4f267,1.0,3423186571,2594868280,1921184264,2018-08-01,delivered,119.9,11.86,131.76,credit_card,7.0,12.0,5.0,1.0
2247880233,3ef2e89270f0cb8a5461840c19c713c2,1.0,854697243,2116969892,710830421,2018-08-18,delivered,177.9,18.46,0.0,unknown,0.0,11.0,-4.0,0.0
82051634,bbb7e3b704844468f580cf9f68b0ddd5,1.0,1218410172,2519368957,53223181,2018-07-09,delivered,66.49,8.21,74.7,boleto,1.0,3.0,-6.0,0.0
1208412492,c2ffd2b7ac929dd7d29b32d0c9db8ec2,1.0,3986212722,4092696660,1066843052,2018-07-04,delivered,59.99,13.08,73.07,boleto,1.0,6.0,-16.0,0.0
179138266,64570ade1d7db4b051bf5387c94bc96c,1.0,4082718573,2506413452,1821221035,2018-08-17,delivered,23.9,9.3,33.2,boleto,1.0,5.0,-5.0,0.0
3310566325,2df1ebb1aa609632517182df5fa53a6c,1.0,3534592347,4058964725,2681412629,2018-08-15,delivered,44.99,7.58,52.57,credit_card,2.0,1.0,-5.0,0.0
4116895921,cf6452b3b5328de1ec580502fd48fcd7,1.0,2108873563,1567030015,2812297156,2018-08-25,delivered,330.0,7.54,363.07901037509976,credit_card,7.0,3.0,-22.0,0.0
2148703171,cf6452b3b5328de1ec580502fd48fcd7,2.0,2108873563,1393903013,91113541,2018-08-25,delivered,45.9,30.14,50.50098962490024,credit_card,7.0,3.0,-22.0,0.0
724607987,dd50520e43525f813b7b2de2422b29ac,1.0,2693922168,2748551230,3267771422,2018-07-22,delivered,39.9,11.3,51.2,credit_card,1.0,2.0,-6.0,0.0
1377830298,33879dc5903bc67030ad66df59c6aa4c,1.0,139792889,3361113650,3734320862,2018-07-12,delivered,39.99,18.38,58.37,credit_card,1.0,11.0,-8.0,0.0
2170018339,96cc8c42014ddb42a775da9a45ae3f76,1.0,3813000896,2397286120,753329531,2018-07-16,delivered,149.9,53.4,203.3,credit_card,2.0,7.0,-10.0,0.0
2983128588,96acc057158c055d3508b8379df12cea,1.0,3270287272,3046374291,2304947736,2018-07-10,delivered,58.0,7.64,66.20592592592591,debit_card,1.0,2.0,-5.0,0.0
938335807,96acc057158c055d3508b8379df12cea,2.0,3270287272,548607958,2304947736,2018-07-10,delivered,49.0,7.64,55.93259259259259,debit_card,1.0,2.0,-5.0,0.0
63521016,96acc057158c055d3508b8379df12cea,3.0,3270287272,3740068930,2304947736,2018-07-10,delivered,55.0,7.64,62.78148148148148,debit_card,1.0,2.0,-5.0,0.0
2021967391,2b161ac439724fda87d03abf890234b5,1.0,4192883135,2413621728,2250123381,2018-08-14,delivered,75.0,18.63,93.63,credit_card,1.0,8.0,-7.0,0.0
2676707073,40753325f836f577dd8bab3f0e5807e6,1.0,3028919131,238353268,604144110,2018-08-16,delivered,139.9,19.08,0.0,unknown,0.0,6.0,-4.0,0.0
360768857,1e7d25f611e794f9614dd3e10a8596e7,1.0,3370438885,2060949588,1694950908,2018-08-01,delivered,24.0,19.08,43.08,credit_card,1.0,50.0,29.0,1.0
4235543232,28f3ef4df1e409cd6f55d7d67fc81a9f,1.0,1446910777,3588498098,1844578911,2018-08-16,delivered,48.0,13.92,61.92,credit_card,4.0,6.0,-9.0,0.0
1222804507,28f3ef4df1e409cd6f55d7d67fc81a9f,2.0,1446910777,3588498098,1844578911,2018-08-16,delivered,48.0,13.92,61.92,credit_card,4.0,6.0,-9.0,0.0
4075278850,28f3ef4df1e409cd6f55d7d67fc81a9f,3.0,1446910777,3588498098,1844578911,2018-08-16,delivered,48.0,13.92,61.92,credit_card,4.0,6.0,-9.0,0.0
3412537176,28f3ef4df1e409cd6f55d7d67fc81a9f,4.0,1446910777,3588498098,1844578911,2018-08-16,delivered,48.0,13.92,61.92,credit_card,4.0,6.0,-9.0,0.0
2582701556,74fedc6aa056c9359846751fe21a8676,1.0,1433811878,3478202829,918571473,2018-07-13,delivered,154.91,16.18,0.0,unknown,0.0,14.0,-10.0,0.0
1356577964,b7aa83a69a04aa716998638c25f6a365,1.0,389884987,1872937554,53223181,2018-07-24,delivered,49.49,18.45,67.94,credit_card,1.0,9.0,-11.0,0.0
4281968289,9c047f1058da1c399c10a1526f528855,1.0,2282573358,2703664508,9861004,2018-07-07,delivered,49.9,20.99,70.89,credit_card,1.0,6.0,-12.0,0.0
3016752027,9490f95bd06a2f4597126939a670b02e,1.0,1693068802,264231931,1612681572,2018-08-09,delivered,105.0,18.54,123.54,boleto,1.0,15.0,1.0,1.0
3061330443,755192d3be0310a52e52cd72bf6f12f5,1.0,2510009748,2664386029,3085186048,2018-07-23,delivered,32.9,23.03,55.93,credit_card,5.0,16.0,-7.0,0.0
14845234,5915dc29c92ade2a2713fa949d9dec00,1.0,1743053317,2866762824,3366215599,2018-08-03,delivered,129.9,44.06,173.96,boleto,1.0,13.0,-7.0,0.0
1236581799,768e562205a3f907b620aa6f945f596c,1.0,1133110792,855398928,3741694444,2018-07-10,delivered,99.0,18.79,117.79,credit_card,1.0,13.0,-7.0,0.0
3012257126,c4d4197abeec6caeaef01372a05ff714,1.0,2820090596,3217948052,3124080783,2018-08-07,delivered,149.9,20.24,170.14,boleto,1.0,7.0,-8.0,0.0
2767390500,c4d4197abeec6caeaef01372a05ff714,2.0,2820090596,3217948052,3124080783,2018-08-07,delivered,149.9,20.24,170.14,boleto,1.0,7.0,-8.0,0.0
458015222,54cbcc71d2297c81a5f7e90e5d17cafd,1.0,2046325077,3513669726,900310379,2018-07-15,delivered,98.9,14.99,113.89,credit_card,2.0,5.0,-17.0,0.0
470873995,e15b045cc5ef21643887f0a5d22327b7,1.0,2053643092,242957004,1966704427,2018-08-12,delivered,47.5,23.13,70.63,credit_card,7.0,8.0,-2.0,0.0
3141286159,1397417a57ad1bbfe8d639df8cdee908,1.0,3715445980,2506413452,1821221035,2018-07-02,delivered,17.75,35.09,22.578519195612422,credit_card,6.0,7.0,-31.0,0.0
1582135788,1397417a57ad1bbfe8d639df8cdee908,2.0,3715445980,3038694483,581044507,2018-07-02,delivered,119.0,2.11,151.37148080438757,credit_card,6.0,7.0,-31.0,0.0
2977620660,7711d25c50cf5322589706aaf0458117,1.0,850383133,764197036,3485175421,2018-08-09,delivered,93.0,14.23,107.23,credit_card,10.0,6.0,-6.0,0.0
772203770,42e0016d4e9741a353d671930aa9f3d5,1.0,3478369126,2504269392,1207458958,2018-08-10,delivered,45.0,19.51,64.51,credit_card,1.0,9.0,-9.0,0.0
555336890,6d49ef945903365b72a86294b54b948d,1.0,3073066530,2457340840,1343178736,2018-08-18,delivered,200.0,69.55,269.55,credit_card,1.0,6.0,-24.0,0.0
2413911532,8d644a85179a2e3720976b5ce7d8818b,1.0,3529960472,1600547916,1573069542,2018-07-18,delivered,11.0,7.39,18.39,credit_card,1.0,5.0,-8.0,0.0
3711935972,814823738ce02d399f917f00e77393d5,1.0,2586103776,585802379,696329349,2018-08-13,delivered,57.99,18.51,76.5,credit_card,4.0,7.0,-9.0,0.0
1836282108,42cba4864b46e647175a24df49b1426a,1.0,2314080589,1984384427,1008270582,2018-08-03,delivered,126.99,27.19,154.18,boleto,1.0,12.0,-2.0,0.0
2046685912,2aaa173ecc917a0e748a8e8ad584534f,1.0,1641750386,3261333318,3332609256,2018-08-05,delivered,29.99,14.51,44.5,boleto,1.0,5.0,-10.0,0.0
2248054236,3c630824cefd356b7289838656c9cdbc,1.0,1559731508,1053813247,2090364660,2018-07-28,delivered,12.99,7.39,20.38,boleto,1.0,3.0,-5.0,0.0
1524560513,de45539c23bf4e084f623d8d339c00ea,1.0,3125283489,3201228581,926823165,2018-07-02,delivered,12.25,7.39,19.64,credit_card,1.0,3.0,-11.0,0.0
3537794012,6dac82bff64207fd718220d97afd6554,1.0,3805037067,1510551132,819761952,2018-08-17,delivered,36.49,12.92,49.41,credit_card,1.0,5.0,-11.0,0.0
3478089893,3b67413a225423c7c571ac1f07bda044,1.0,2941696428,2895192354,261066546,2018-07-21,delivered,119.8,22.77,142.57,boleto,1.0,11.0,-8.0,0.0
113024539,c54125146b0e42fbe85ada6802c51f30,1.0,645241962,2746034656,261066546,2018-08-12,delivered,116.9,17.75,134.65,credit_card,5.0,4.0,-11.0,0.0
3918690385,69cb53f8c670d38d607fe3083b4fbbcd,1.0,1978536056,2608734584,2580370799,2018-08-10,delivered,170.0,10.32,180.32,boleto,1.0,10.0,-3.0,0.0
2436432787,1d3e89c83af0905d749a8d07aac56855,1.0,2164110793,4190593161,3734640654,2018-08-14,delivered,37.6,13.6,51.2,credit_card,5.0,3.0,-13.0,0.0
3152906849,6f17dbe0baf3d45a1ddf91bf756dc359,1.0,4275895056,242488460,3207856380,2018-07-06,delivered,379.99,20.76,400.75,boleto,1.0,7.0,-21.0,0.0
1856894598,493ba21a937e956c5e0e4e26c9f1b7f9,1.0,4007762154,3851855865,2736754982,2018-07-15,delivered,19.99,7.4,27.39,boleto,1.0,18.0,7.0,1.0
1621598532,2dd1b3fcb05d15852bfc51a0a8405381,1.0,4142692884,1884601710,3807170672,2018-08-10,delivered,59.9,16.61,76.50999999999999,credit_card,4.0,7.0,-12.0,0.0
78863293,2dd1b3fcb05d15852bfc51a0a8405381,2.0,4142692884,1884601710,3807170672,2018-08-10,delivered,59.9,16.61,76.50999999999999,credit_card,4.0,7.0,-12.0,0.0
2862460006,5407dd425b0427513c6f63025414fb33,1.0,2603873425,1830418074,819761952,2018-08-26,delivered,8.49,7.87,16.36,debit_card,1.0,3.0,-2.0,0.0
1127593402,0b33796d2382e9a9fde619a584ba7216,1.0,3176505973,1944532622,890939886,2018-08-26,delivered,20.9,12.81,33.71,credit_card,3.0,3.0,-7.0,0.0
1887789365,c13a31bdadbbd5f75b449c0ad554088b,1.0,1996457537,1599742818,2384848440,2018-07-25,delivered,129.9,47.96,177.86,credit_card,7.0,12.0,-4.0,0.0
2266983168,2c5694feea13be5112a5023228135940,1.0,2080963329,1876199990,353620887,2018-07-07,delivered,389.9,36.49,426.39,credit_card,10.0,8.0,-14.0,0.0
3362599331,0c23c36327d99027c61ca570921b0fb7,1.0,3288236157,592096461,2304947736,2018-07-21,delivered,78.0,18.65,96.65,boleto,1.0,6.0,-11.0,0.0
3147720980,5afa996de851bd409a84c61745106947,1.0,1078393178,1722267299,3025054395,2018-08-07,delivered,48.99,19.53,68.52,boleto,1.0,10.0,-10.0,0.0
1770915370,5afa996de851bd409a84c61745106947,2.0,1078393178,1722267299,3025054395,2018-08-07,delivered,48.99,19.53,68.52,boleto,1.0,10.0,-10.0,0.0
1524470650,4e9909164c9d3f4d58d9428b6e09d523,1.0,4170967858,4256177069,1868809992,2018-08-18,delivered,230.0,80.33,310.33,credit_card,10.0,10.0,-27.0,0.0
1873609287,332bd11885d05706808d2941958750a9,1.0,747071377,3300765381,3659481684,2018-08-16,delivered,45.89,17.25,63.14,credit_card,1.0,7.0,-7.0,0.0
3780145813,442a41b00a8a8bda35511fdf1eb65cc5,1.0,433745047,218670650,2736754982,2018-07-11,invoiced,44.99,7.58,52.57,credit_card,1.0,,,
3682379778,39440d3f8a70fc392a19f6a6fd1af993,1.0,647116807,174750780,523493826,2018-08-19,delivered,122.99,25.21,148.2,credit_card,1.0,10.0,-14.0,0.0
3965590743,33b4b136d93aba3984987dc2c213713e,1.0,1084564454,124674647,2890074202,2018-08-14,delivered,250.0,9.01,259.01,credit_card,1.0,1.0,-4.0,0.0
2251721350,a016702972f9a03256db6aecb30ba538,1.0,1453357539,894962572,1868809992,2018-08-05,delivered,75.0,21.17,96.17,boleto,1.0,9.0,-7.0,0.0
2292609807,a016702972f9a03256db6aecb30ba538,2.0,1453357539,894962572,1868809992,2018-08-05,delivered,75.0,21.17,96.17,boleto,1.0,9.0,-7.0,0.0
1539819589,a016702972f9a03256db6aecb30ba538,3.0,1453357539,894962572,1868809992,2018-08-05,delivered,75.0,21.17,96.17,boleto,1.0,9.0,-7.0,0.0
142261283,b9a505c23bb00c07421e4ef2c9381e5b,1.0,1465426779,1043075622,1767591923,2018-07-16,delivered,66.9,19.66,86.56,credit_card,1.0,9.0,-11.0,0.0
2609547845,bd1e47bffae57a3de85b034cb9d7a89f,1.0,412295703,2580960808,3402013889,2018-08-12,delivered,157.41,23.03,180.44,credit_card,3.0,10.0,-20.0,0.0
1516486397,2398303669883856391bb4ecd9a5db0a,1.0,2769583396,387086074,989903952,2018-08-21,delivered,28.99,10.0,38.985,boleto,1.0,7.0,-24.0,0.0
1086217629,2398303669883856391bb4ecd9a5db0a,2.0,2769583396,387086074,989903952,2018-08-21,delivered,28.99,10.0,38.985,boleto,1.0,7.0,-24.0,0.0
1104983917,c75eebf08446545f765d7cfc1ab89342,1.0,3687148024,597368450,3106288757,2018-07-01,delivered,69.9,9.24,79.14,credit_card,1.0,3.0,-12.0,0.0
1421607554,de829fd7475239b4c3110ca7660f971e,1.0,852087539,1334161711,91113541,2018-08-15,delivered,89.9,18.43,108.33,credit_card,4.0,4.0,-8.0,0.0
1333799538,69aa7c6140efd63150254b0fb1340fc9,1.0,3129416789,1277571969,1763790356,2018-08-03,delivered,170.0,25.54,195.54,credit_card,3.0,19.0,6.0,1.0
2713727425,4382f48f29370e70ec4ef6aa3578e1c9,1.0,3864964249,1045753982,1576479322,2018-07-29,delivered,64.99,14.77,79.76,credit_card,7.0,5.0,-7.0,0.0
1822999756,06c17d1278ee3d265f881df4a58f11d3,1.0,3220477813,451953067,4185397625,2018-08-14,delivered,24.2,56.65,80.85,credit_card,2.0,14.0,-13.0,0.0
1712356920,5f7811f83d3d9d0aa1f4c9bcd1cc1a12,1.0,237650607,579423011,2295614602,2018-08-15,delivered,139.0,16.07,155.07,credit_card,5.0,2.0,-11.0,0.0
1936006699,125e97537241764b49f9051540737feb,1.0,1653858615,1822286319,1868809992,2018-08-14,delivered,105.0,27.04,132.04,credit_card,2.0,12.0,-7.0,0.0
4264991101,87ad518d2d4ad356d66440d337c509de,1.0,4028262651,1984384427,1008270582,2018-08-06,delivered,126.99,27.19,154.18,credit_card,6.0,9.0,-7.0,0.0
342537996,87ad518d2d4ad356d66440d337c509de,2.0,4028262651,1984384427,1008270582,2018-08-06,delivered,126.99,27.19,154.18,credit_card,6.0,9.0,-7.0,0.0
2969137825,8cf69b251bfcd650555347d7752a3625,1.0,1579413841,1951188572,1550185782,2018-07-09,delivered,15.99,38.64,54.63,voucher,1.0,15.0,-9.0,0.0
4004244200,9fb81511dfc1d6959ed1052930efd8a6,1.0,2840079783,4091436061,3016182256,2018-07-17,delivered,489.9,21.53,511.43,credit_card,8.0,6.0,-13.0,0.0
3031302326,9ff3f5e7cee88825b32940649a3a2162,1.0,2053643833,2515735694,2023461531,2018-07-17,delivered,39.0,18.07,57.07,boleto,1.0,6.0,-21.0,0.0
1834132831,482e206fff82661add35d3aeab19fd93,1.0,2189296953,1263824868,2636346249,2018-07-14,delivered,21.99,15.25,0.0,unknown,0.0,8.0,-9.0,0.0
3360097203,482e206fff82661add35d3aeab19fd93,2.0,2189296953,1263824868,2636346249,2018-07-14,delivered,21.99,15.25,0.0,unknown,0.0,8.0,-9.0,0.0
3824935419,aa1912713ec494655ab9e96900cc3004,1.0,665255121,74994665,4294512883,2018-07-16,delivered,169.9,53.54,223.44,credit_card,4.0,11.0,-19.0,0.0
2819621544,69c4fac0dd4defce2f7f1fbf200d25ac,1.0,3631731689,1412551767,3366215599,2018-07-23,delivered,134.9,82.96,217.86,boleto,1.0,16.0,-13.0,0.0
1418531114,b5b9c285b121f832e405d1de17e9db46,1.0,706495937,1345766636,1503930686,2018-08-09,delivered,107.9,23.56,131.46,credit_card,1.0,8.0,-19.0,0.0
3503310038,33621dd1b751a02342dc065c32f1c96c,1.0,3121162429,3124936374,212815993,2018-08-02,delivered,107.99,8.18,116.17,credit_card,2.0,13.0,5.0,1.0
3034868849,3d2f2b0dbc402e2cffef16352788e9e1,1.0,1658823112,2254317077,412617711,2018-08-15,delivered,99.9,13.0,112.9,boleto,1.0,2.0,-6.0,0.0
2579853258,9f4dc9b14ebdb349537c57ed4e469c28,1.0,1149297639,4207574824,1343178736,2018-08-15,delivered,539.0,71.92,610.92,credit_card,2.0,5.0,-10.0,0.0
3297009763,d822122b00c0dbaddd3694846fdc262c,1.0,3709338913,2057466458,3645042277,2018-08-20,delivered,8.8,12.79,21.59,credit_card,1.0,6.0,-3.0,0.0
955146904,078f6e79012194cd9eb77b10f6753d77,1.0,123023064,71649296,212815993,2018-08-05,delivered,69.99,15.59,85.58,credit_card,5.0,4.0,-15.0,0.0
3079963630,078f6e79012194cd9eb77b10f6753d77,2.0,123023064,71649296,212815993,2018-08-05,delivered,69.99,15.59,85.58,credit_card,5.0,4.0,-15.0,0.0
6487966,2d26e963bdb342dbdae1fad7ad2ea511,1.0,3218028090,2734697624,2113594519,2018-08-14,delivered,139.9,110.67,250.57,credit_card,4.0,7.0,-6.0,0.0
2118391873,240bcc288ac170fb535833fdde280ed4,1.0,73101172,2599986915,876033421,2018-08-21,delivered,85.0,43.31,128.31,credit_card,1.0,3.0,-3.0,0.0
3756986430,c1872cd219ab83c3a9a63cdc2f75a518,1.0,3906549008,2431048386,733774970,2018-07-23,delivered,42.0,17.22,59.22,credit_card,1.0,11.0,-10.0,0.0
2932789708,01b4dfef1c8848e8c0431ce17f5f72ea,1.0,1023718208,3487625985,819761952,2018-08-04,delivered,25.89,22.98,48.87,debit_card,1.0,12.0,-7.0,0.0
2581881274,cd5343ffb012a7157ddbcf5720100c01,1.0,1300197117,2242325350,1582785315,2018-08-26,delivered,149.9,18.18,168.08,credit_card,2.0,4.0,-12.0,0.0
1044235098,cd5343ffb012a7157ddbcf5720100c01,2.0,1300197117,2242325350,1582785315,2018-08-26,delivered,149.9,18.18,168.08,credit_card,2.0,4.0,-12.0,0.0
3448835654,73ab919f6023d8c8a68fb70d0b08a28b,1.0,2141500820,866938008,3332609256,2018-08-02,delivered,69.9,106.95,176.85,credit_card,6.0,13.0,-13.0,0.0
2812028043,b6e50b69ddbd5210737d0c881056771d,1.0,534625805,4091113039,581044507,2018-07-23,delivered,178.99,13.91,192.9,credit_card,8.0,7.0,-16.0,0.0
4126581322,6fefe7f276220450fc08b7c974e21fb7,1.0,2022514842,1887154848,2373578609,2018-07-08,delivered,23.9,7.43,31.33,credit_card,1.0,3.0,-8.0,0.0
2353635073,8333c49adbe3515e032c472789e8201e,1.0,3996999977,3732414669,2622583364,2018-08-15,delivered,129.0,19.0,148.0,voucher,1.0,8.0,-19.0,0.0
2084725836,8c942d6d0cb6781e00df7a3fafc8ef86,1.0,2037283987,3548064169,1868809992,2018-07-31,delivered,35.0,16.44,51.44,credit_card,3.0,6.0,-16.0,0.0
1357948772,8c942d6d0cb6781e00df7a3fafc8ef86,2.0,2037283987,3548064169,1868809992,2018-07-31,delivered,35.0,16.44,51.44,credit_card,3.0,6.0,-16.0,0.0
1821777817,9e98bdb07065bc0ef966530ecdc91ec9,1.0,3115595232,3258903905,1755005248,2018-07-25,delivered,229.0,38.97,267.97,credit_card,5.0,6.0,-24.0,0.0
3440587067,3c888e8444c04cf2fea3d8b2db0195ef,1.0,3321577858,1459613100,3016182256,2018-08-21,delivered,160.65,9.29,169.94,credit_card,8.0,2.0,-4.0,0.0
3737758867,0b4d60b8c7aa289e337094f0fb7ec296,1.0,871595811,4067315993,1868809992,2018-07-17,delivered,225.0,44.25,269.25,boleto,1.0,16.0,-6.0,0.0
2261014220,56703a55199f4784c80fe5e5de71c532,1.0,2850519483,2542587666,2526411072,2018-07-15,delivered,38.0,10.16,52.84923076923076,boleto,1.0,3.0,-12.0,0.0
4101544875,56703a55199f4784c80fe5e5de71c532,2.0,2850519483,85931659,4156473050,2018-07-15,delivered,14.0,10.16,19.47076923076923,boleto,1.0,3.0,-12.0,0.0
1834352571,1940003dc4662f79dd29e9070a02a7a7,1.0,2268736942,723555787,538933513,2018-07-17,delivered,49.99,23.5,73.49,boleto,1.0,16.0,-7.0,0.0
2541957676,13b194db506615d16a862e66b0a2f6e6,1.0,1865366687,994472082,737969628,2018-07-18,delivered,125.9,23.68,149.58,credit_card,3.0,5.0,-20.0,0.0
3047861035,4ec57b5a1be421a2a793a22237120c24,1.0,3149027512,1101148698,2208217379,2018-07-19,delivered,59.99,15.52,75.51,credit_card,1.0,6.0,-8.0,0.0
832996582,a3bebc15aac7ca437c445ca941e5d152,1.0,2332453456,443280509,2566875709,2018-08-17,delivered,119.0,23.82,142.82,credit_card,2.0,4.0,-8.0,0.0
885952241,68c7e05efd75f44bc692682d695a480d,1.0,1380438506,2754556578,3485175421,2018-07-13,delivered,37.8,12.93,50.73,credit_card,5.0,10.0,-4.0,0.0
1780210998,08804ff605210017ad305e46cbd4e3c8,1.0,726590333,3374686457,229483877,2018-08-06,delivered,169.9,12.21,182.11,credit_card,5.0,5.0,-2.0,0.0
986514000,374d4811c6f3657ec62ffec582801ccd,1.0,2718856053,3956252578,1292371024,2018-08-03,delivered,50.0,19.54,69.54,credit_card,1.0,10.0,-3.0,0.0
456434251,0d80d0e27b1dc1e7eab3528b17464069,1.0,876277735,3766836804,3383264847,2018-08-21,delivered,237.0,9.82,0.0,unknown,0.0,7.0,-2.0,0.0
1805691745,759aedc35b7caf0ca563b0b72614e9d5,1.0,2222251818,2853600153,817387091,2018-07-22,delivered,66.9,23.27,90.17,boleto,1.0,18.0,0.0,0.0
624894358,29bd235b1e0eee8c72af9375033b5f8c,1.0,1707106509,3993616088,3267771422,2018-08-06,delivered,109.9,43.05,152.95,credit_card,5.0,21.0,-8.0,0.0
2946787592,9418f431efb128232722a4b4c410d08b,1.0,2613683659,84469553,3809290688,2018-07-14,delivered,390.0,42.34,432.34,boleto,1.0,8.0,-10.0,0.0
1337878815,afcee0adfa39a03591a13aff66b87cb7,1.0,825506778,3191237205,1107359178,2018-07-31,delivered,99.9,23.5,123.4,boleto,1.0,7.0,-8.0,0.0
643430636,bc535ec5ab20f26f4b9dc626fc4f7bf8,1.0,2070151140,2025339739,3671282910,2018-08-01,delivered,29.41,11.23,40.64,credit_card,2.0,13.0,5.0,1.0
2019464498,bc535ec5ab20f26f4b9dc626fc4f7bf8,2.0,2070151140,2025339739,3671282910,2018-08-01,delivered,29.41,11.23,40.64,credit_card,2.0,13.0,5.0,1.0
793299309,b2055cac51ad40754138bfed4d778344,1.0,1717814987,1570888716,53223181,2018-08-03,delivered,27.9,7.46,35.36,credit_card,1.0,3.0,-2.0,0.0
3949440103,d289934bddf878e1cac62c95c8ee5402,1.0,2031487924,2653143446,1361108180,2018-08-15,delivered,69.99,18.59,88.58000000000001,credit_card,3.0,7.0,-8.0,0.0
2028184924,264838181624ad76b573c373a9862598,1.0,3951431216,1042646862,817416274,2018-07-21,delivered,219.0,24.33,243.33,credit_card,3.0,19.0,0.0,0.0
135130446,70d7affe471e6f94c28682a3bd9b5552,1.0,3218166182,1015200003,1553669565,2018-08-04,delivered,33.9,8.99,42.89,credit_card,1.0,4.0,-2.0,0.0
3205870255,ad1b9aae3e8a03190849a015fd26429a,1.0,4053185183,2116048782,4055463965,2018-07-24,delivered,22.32,22.09,44.41,credit_card,4.0,14.0,-13.0,0.0
3135396264,e0281f23b49ca718b12ff1af3140db6d,1.0,3517936136,367791868,123833255,2018-07-30,delivered,160.0,18.92,178.92,credit_card,5.0,3.0,-11.0,0.0
2938211532,8cb9dee4f1dcfd13f7dbe690e29570cc,1.0,2376568893,316963516,817416274,2018-07-19,delivered,139.0,20.16,159.16,boleto,1.0,11.0,-7.0,0.0
3791299158,c570fdfe7c52f1a15c7f002b4dc46f6f,1.0,3801092726,2708544950,4109428959,2018-08-20,delivered,34.97,7.51,42.48,credit_card,4.0,10.0,-1.0,0.0
3329436438,885a4bc7ab1c81c53d7ea58b81bb90ef,1.0,537038897,1890096896,1102356649,2018-08-04,delivered,195.0,19.47,214.47,credit_card,1.0,9.0,-8.0,0.0
1752563094,6a8eb263ce16a204a4531e80e9bc83c9,1.0,1188885629,3208566172,1813314038,2018-08-08,delivered,45.0,13.9,58.9,boleto,1.0,6.0,-3.0,0.0
3935292016,6a8eb263ce16a204a4531e80e9bc83c9,2.0,1188885629,3208566172,1813314038,2018-08-08,delivered,45.0,13.9,58.9,boleto,1.0,6.0,-3.0,0.0
4209108744,318fcffc93b531c0230bb8c1ebd018c4,1.0,237931967,2949595514,1125369443,2018-07-19,delivered,420.0,21.04,441.04,credit_card,6.0,8.0,-13.0,0.0
127721387,ae0b49f902be4012d913509645004e98,1.0,4187698153,1618791693,2235530015,2018-08-02,delivered,99.0,18.84,117.84,voucher,1.0,12.0,-14.0,0.0
1881196064,8734de190473a38f024d7d620012510b,1.0,3436075369,533563162,1480205621,2018-08-16,delivered,178.9,13.91,192.81,credit_card,4.0,4.0,-7.0,0.0
2122914370,67f755ebeb35fe46f6e389a1148a0f22,1.0,2762505947,3485167178,596468350,2018-08-16,delivered,199.0,57.47,256.47,credit_card,4.0,5.0,-7.0,0.0
905461577,cb3d8a1cca3468a5e99f78eaf49bce40,1.0,1454281589,2381663289,1556741257,2018-07-14,canceled,188.99,12.34,201.33,credit_card,4.0,,,
3955614405,5bc2858d960c9a5452d2f76492bfd948,1.0,4237205876,3559230828,2090364660,2018-07-16,delivered,53.2,18.47,71.67,boleto,1.0,9.0,-14.0,0.0
2437690129,4d33c3b8db205a116cc13b56b4cbf5cd,1.0,602801942,1937974398,2629826490,2018-08-01,delivered,78.9,13.65,92.55,debit_card,1.0,2.0,-18.0,0.0
2096927428,490566f702bcd9c328d15da3a01706fb,1.0,4173254811,2228762413,1138781032,2018-08-02,delivered,22.98,18.26,41.24,credit_card,4.0,12.0,-3.0,0.0
724268708,3cc57d3144ae8df639a05eb5783f872f,1.0,3179685281,2085789653,4078864165,2018-07-31,delivered,64.99,15.56,80.55,credit_card,3.0,3.0,-12.0,0.0
660938167,3cc57d3144ae8df639a05eb5783f872f,2.0,3179685281,2085789653,4078864165,2018-07-31,delivered,64.99,15.56,80.55,credit_card,3.0,3.0,-12.0,0.0
906977955,89e45e1dff3201529f9f95be3a986e8c,1.0,2484726005,1769072559,168521415,2018-07-23,delivered,66.0,29.21,0.0,unknown,0.0,3.0,-7.0,0.0
1881006134,03350e641d4d30d50b38c2e3030cd394,1.0,1337691626,2956390354,3393462886,2018-08-06,delivered,129.9,24.06,153.96,credit_card,3.0,11.0,-4.0,0.0
2056236885,498e4c5508b686018306d8d363bc9d18,1.0,180352670,3486880888,2427861349,2018-07-20,delivered,119.99,62.86,182.85,boleto,1.0,12.0,-19.0,0.0
1218841648,94895f7d1c2013757411b7ea098bd37e,1.0,2655047193,4007783496,2303787513,2018-08-14,delivered,43.0,12.96,55.96,credit_card,1.0,6.0,-22.0,0.0
639173669,38b1a471932ac62050bd8c14492af2a3,1.0,1469216838,587371348,817416274,2018-08-06,delivered,109.0,19.95,128.95,credit_card,1.0,3.0,-12.0,0.0
2344519782,ca3625898fbd48669d50701aba51cd5f,1.0,2413717880,3763319959,2744735886,2018-08-12,delivered,309.0,1.84,314.1522621453044,credit_card,10.0,9.0,-23.0,0.0
4240446285,ca3625898fbd48669d50701aba51cd5f,2.0,2413717880,2362030876,2744735886,2018-08-12,delivered,33.9,1.84,34.46524817710621,credit_card,10.0,9.0,-23.0,0.0
1984687180,ca3625898fbd48669d50701aba51cd5f,3.0,2413717880,1867173940,2744735886,2018-08-12,delivered,159.0,3.67,161.65116401651585,credit_card,10.0,9.0,-23.0,0.0
104768584,ca3625898fbd48669d50701aba51cd5f,4.0,2413717880,1867173940,2744735886,2018-08-12,delivered,159.0,3.67,161.65116401651585,credit_card,10.0,9.0,-23.0,0.0
561036178,ca3625898fbd48669d50701aba51cd5f,5.0,2413717880,2861552741,2324869708,2018-08-12,delivered,95.9,0.15,97.49903540367214,credit_card,10.0,9.0,-23.0,0.0
3418352493,ca3625898fbd48669d50701aba51cd5f,6.0,2413717880,1438989271,2744735886,2018-08-12,delivered,109.9,0.15,111.73247122902576,credit_card,10.0,9.0,-23.0,0.0
1795327596,ca3625898fbd48669d50701aba51cd5f,7.0,2413717880,3056140273,2324869708,2018-08-12,delivered,95.9,0.15,97.49903540367214,credit_card,10.0,9.0,-23.0,0.0
2293840723,ca3625898fbd48669d50701aba51cd5f,8.0,2413717880,3676692933,2744735886,2018-08-12,delivered,63.7,0.15,64.76213300535888,credit_card,10.0,9.0,-23.0,0.0
106840680,ca3625898fbd48669d50701aba51cd5f,9.0,2413717880,2071366764,2744735886,2018-08-12,delivered,56.0,3.68,56.93374330141439,credit_card,10.0,9.0,-23.0,0.0
3196193356,ca3625898fbd48669d50701aba51cd5f,10.0,2413717880,2071366764,2744735886,2018-08-12,delivered,56.0,3.68,56.93374330141439,credit_card,10.0,9.0,-23.0,0.0
1312707741,969fdc39db9756c2248743d1471f96f5,1.0,3790928043,2570340669,2566875709,2018-07-17,delivered,265.0,84.93,349.93,credit_card,8.0,13.0,-6.0,0.0
3204480631,e085a1b1ca9ba6f5fbde50295ce6b357,1.0,756985374,2394152242,1504971264,2018-07-27,delivered,52.88,17.5,70.38,credit_card,2.0,4.0,-10.0,0.0
3481379606,a0b5c0a93889a160e7f4638322b9959c,1.0,919114178,4294399807,2308685613,2018-08-15,delivered,81.0,18.67,99.67,credit_card,1.0,5.0,-13.0,0.0
4069288449,c4a75a6df3e234dd684c7a6dd7e7b1ac,1.0,4293958278,1024648548,3003602011,2018-07-16,delivered,137.0,65.41,202.41,boleto,1.0,15.0,-8.0,0.0
1351098690,80e834c250ad9420643210e6f3b5bd37,1.0,474383205,1911077310,1813314038,2018-07-22,delivered,19.9,12.8,32.7,credit_card,3.0,5.0,-13.0,0.0
3858265630,2e1124c96e6020420725d0f91ee109f8,1.0,2454300903,2136707856,642218148,2018-08-14,delivered,259.0,24.53,283.53,boleto,1.0,9.0,-25.0,0.0
4285543577,d5d3b4b504a59a416704978bb72fce3d,1.0,2448077657,3655495200,4156473050,2018-07-06,delivered,24.9,7.43,32.33,credit_card,1.0,6.0,-7.0,0.0
3472738717,9479e50557f3b752df0424164eb69604,1.0,309775581,3887413518,3851041961,2018-08-20,delivered,27.9,18.3,46.2,credit_card,1.0,4.0,-12.0,0.0
2868078434,270405232941d7da4e2b02fb8580f571,1.0,325405422,1882063189,1868809992,2018-07-06,delivered,75.0,44.45,119.45,credit_card,4.0,27.0,-20.0,0.0
1391675938,d441cd7f8afccef29e5a0c8e3021d0de,1.0,3878794138,4220721415,4217217442,2018-08-12,delivered,35.0,13.83,48.83,credit_card,1.0,4.0,-6.0,0.0
1921669808,d441cd7f8afccef29e5a0c8e3021d0de,2.0,3878794138,4220721415,4217217442,2018-08-12,delivered,35.0,13.83,48.83,credit_card,1.0,4.0,-6.0,0.0
2239546303,97ae631fa495a9b1e3a4b4f14379846c,1.0,1524247634,4294087748,212815993,2018-08-16,delivered,37.99,15.37,53.36,debit_card,1.0,11.0,-7.0,0.0
519747462,2c9a4bb73b123a0d370e12b5bf22b0d7,1.0,4009685247,478650092,236054194,2018-08-06,delivered,151.3,18.86,170.16,credit_card,8.0,4.0,-10.0,0.0
3019862625,6ad40910813e5836d9698b103b222e65,1.0,830468595,2851713093,2127264097,2018-07-23,delivered,38.7,13.57,0.0,unknown,0.0,8.0,1.0,1.0
2079964047,6ad40910813e5836d9698b103b222e65,2.0,830468595,2851713093,2127264097,2018-07-23,delivered,38.7,13.57,0.0,unknown,0.0,8.0,1.0,1.0
2069480984,a2e554ce08ca39827cf3de0d0f5b36f4,1.0,2779487017,886899553,3322827135,2018-08-05,delivered,599.98,188.55,788.53,credit_card,8.0,3.0,-14.0,0.0
1142088392,2e509a0f39264c5e18d820911b16990e,1.0,2194361561,1053813247,2090364660,2018-07-12,delivered,12.99,15.23,28.22,credit_card,1.0,12.0,-6.0,0.0
4000855476,bb931b0509f3198e76b0e87ef16db694,1.0,3208064951,2395007317,3051201525,2018-08-13,delivered,109.0,21.4,0.0,unknown,0.0,7.0,-3.0,0.0
3260200203,65cd98722f032097d67a7f2d9c97e503,1.0,2388487365,3478202829,918571473,2018-07-15,delivered,155.97,19.19,175.16,credit_card,2.0,11.0,-12.0,0.0
4099683492,d9e5efc8095789e6ed44f7419f794928,1.0,1406802871,3769044851,1661230352,2018-08-16,delivered,120.4,11.86,132.26,credit_card,3.0,5.0,-3.0,0.0
4256595230,3805a46a72cba13fc8a3920d6da681c7,1.0,2493992440,2703664508,9861004,2018-07-02,delivered,49.9,64.8,114.7,credit_card,2.0,8.0,-20.0,0.0
1862731467,663ea079977e933b9c2c27fe78b93629,1.0,2293334364,1652807323,357383673,2018-08-23,delivered,92.0,13.3,105.3,credit_card,1.0,7.0,-18.0,0.0
761361638,8b5512b2679b86761e6aadc28ed91762,1.0,788414676,2972154815,3408560819,2018-08-03,delivered,201.9,19.56,221.46,credit_card,4.0,19.0,-40.0,0.0
2529115572,bb4bfc8351c7a9340b9fadd09e26be8d,1.0,2123495484,2849436098,3267771422,2018-07-12,delivered,34.9,9.55,44.45,credit_card,2.0,2.0,-6.0,0.0
4196313835,dc3c5cc14cf6712c4e47880da72f341a,1.0,4196655009,3655495200,4156473050,2018-07-15,delivered,27.9,18.3,46.2,boleto,1.0,8.0,-15.0,0.0
725081542,be49c4e4b3b0f04ec7752ea004feec8c,1.0,623802359,2792345751,1527800984,2018-08-05,delivered,399.99,29.1,0.0,unknown,0.0,4.0,-5.0,0.0
1981266564,a9029e5bd9332bbe973f3680152fb397,1.0,2673255036,2823166346,2612393066,2018-08-14,delivered,85.0,15.67,100.67,credit_card,1.0,10.0,3.0,1.0
1008073589,20ed2a2a62a766cbb3f2636a85ce3eab,1.0,821186407,4114507059,1994919736,2018-07-10,delivered,86.0,18.7,104.7,credit_card,1.0,28.0,5.0,1.0
3306450753,30f5bfc25003d29ee5207083263d3ee6,1.0,2158903441,1081324706,2880307388,2018-07-23,delivered,119.85,20.03,139.88,credit_card,5.0,15.0,-9.0,0.0
1703949317,9057b899f36887819dff05586e5d11e1,1.0,576178386,2178151356,1361108180,2018-08-07,delivered,149.99,22.8,172.79,voucher,1.0,6.0,-10.0,0.0
2380940199,67ad8e83f26ed7bac15a552eecc412cb,1.0,2066051190,3294414530,9861004,2018-07-07,delivered,49.9,20.99,70.89,credit_card,7.0,6.0,-12.0,0.0
1141239974,4d5779c1406a8459afe82091e0dae935,1.0,835372717,3911641092,2173695781,2018-07-26,delivered,119.99,88.35,208.34,boleto,1.0,17.0,-16.0,0.0
1872234698,8c802dd7e15769c1bb543be2b54ac9d4,1.0,1458456964,1925133061,4188431272,2018-07-16,delivered,149.0,27.34,176.34,credit_card,5.0,7.0,-14.0,0.0
4058492440,bd47f29a1a6ede24f9dd4d5ca6027dd4,1.0,1891873627,3470517503,1615213775,2018-07-16,delivered,56.1,19.58,75.68,credit_card,1.0,7.0,-15.0,0.0
2013217737,882f92adde58820c4ae257ec5c31bf16,1.0,2595921275,479587692,392238237,2018-08-14,delivered,269.9,26.87,0.0,unknown,0.0,1.0,-4.0,0.0
3969326134,0a06917fb1c4d93dddc71d9ca7dd8790,1.0,1954692285,3420221311,123833255,2018-08-08,delivered,32.0,18.37,50.37,boleto,1.0,21.0,0.0,0.0
2831005451,c5d1a6481a4fb3684588a2c7fc970918,1.0,2138302401,174750780,523493826,2018-07-15,delivered,122.99,25.21,148.2,credit_card,5.0,25.0,-4.0,0.0
817039521,1a71051dfe3a0641e6feafe991adbdab,1.0,1730889922,1779293247,581044507,2018-07-22,delivered,219.0,19.78,238.78,credit_card,3.0,8.0,-28.0,0.0
2823065693,4d9f7ee0798052190a19d19bb0f31a40,1.0,2712975934,3362204587,3497601394,2018-08-13,delivered,490.0,43.04,533.04,credit_card,4.0,10.0,-5.0,0.0
3108787713,4d9f7ee0798052190a19d19bb0f31a40,2.0,2712975934,3362204587,3497601394,2018-08-13,delivered,490.0,43.04,533.04,credit_card,4.0,10.0,-5.0,0.0
1033320240,392abee0f881388ab93e4b6b5fd60177,1.0,2334272730,810589203,2775148626,2018-07-04,delivered,58.0,8.15,66.15,credit_card,1.0,8.0,-6.0,0.0
2335678208,06bc7036f4e52afa8213176211d6ebba,1.0,2486265378,4070335493,442956100,2018-08-07,delivered,79.9,15.66,95.56,credit_card,4.0,4.0,-11.0,0.0
2946848673,509cbbb4be7bf37477a52cd2204b30ff,1.0,1660372149,3003297880,1503930686,2018-07-15,delivered,108.9,18.56,127.46,credit_card,2.0,5.0,-11.0,0.0
1165046289,ad61bdad0a6d5fac6af829eba1fa4e84,1.0,1929620506,3286585782,3667124800,2018-08-02,delivered,49.9,18.45,68.35,credit_card,1.0,8.0,-11.0,0.0
284821611,221acf4033f18fbab8e09d105429367f,1.0,2398865969,1716446680,4194263931,2018-08-07,delivered,139.0,14.31,153.31,credit_card,2.0,15.0,0.0,0.0
1247638180,ba772856bdab971f8c7eae9e03cf8706,1.0,3060033774,3286585782,3667124800,2018-08-12,delivered,49.9,13.01,62.91,credit_card,1.0,4.0,-6.0,0.0
486938296,d61e579dc82353a7160f9fc870376460,1.0,3937114300,3304419047,817416274,2018-08-12,delivered,219.0,15.11,234.11,credit_card,2.0,3.0,-8.0,0.0
2517244303,43d33927e13df71f3cf0e5782b0ff7c2,1.0,2293650333,229969540,2014339942,2018-07-09,delivered,45.0,14.63,59.63,credit_card,5.0,4.0,-12.0,0.0
3148908733,b2645c2a65c62e9c18bf2a83d10203b6,1.0,3372328866,3987684668,123833255,2018-07-12,delivered,130.0,23.71,153.71,credit_card,8.0,11.0,-8.0,0.0
3083305865,b2645c2a65c62e9c18bf2a83d10203b6,2.0,3372328866,3987684668,123833255,2018-07-12,delivered,130.0,23.71,153.71,credit_card,8.0,11.0,-8.0,0.0
3903605853,1384f5f2f4532f5b9fa0f6cadafc93cf,1.0,1054989684,1160969696,1471696078,2018-08-01,delivered,49.9,22.28,72.18,credit_card,1.0,13.0,-8.0,0.0
1725856572,dadeb032c1f01467182f4f0716bdd141,1.0,192169427,3151395998,4120033478,2018-08-07,delivered,69.9,23.29,93.19,voucher,1.0,8.0,-7.0,0.0
2681205282,6895a2cb864a4bdb6ae98c2328666108,1.0,2728159592,1894022382,309430281,2018-08-05,delivered,250.0,24.97,274.97,credit_card,4.0,16.0,6.0,1.0
2055142029,4c4eee79c7840ec8454f89b456967067,1.0,3660709707,1173623609,2490225171,2018-07-28,delivered,30.0,7.47,37.47,boleto,1.0,4.0,-7.0,0.0
259558484,c00b90f6bc9d5a080080d5c3f852f50b,1.0,1249109420,3155743601,2154000458,2018-08-06,delivered,54.99,23.19,78.18,credit_card,2.0,7.0,-4.0,0.0
3949739044,ba38b1323c46414512597408e6ec5b9b,1.0,763236566,64915176,650241730,2018-07-27,delivered,60.0,23.22,83.22,credit_card,3.0,6.0,-12.0,0.0
2610721774,484f11db440188250fec53abd4283294,1.0,4277701477,1256282933,3267334493,2018-07-01,delivered,44.99,18.42,63.41,credit_card,1.0,4.0,-22.0,0.0
4019982593,41d29c3ada71413bc68d0452a9f4e902,1.0,2783489805,1226278777,3251562665,2018-08-16,delivered,119.9,65.29,185.19,credit_card,9.0,7.0,-19.0,0.0
177152871,2799d1147975330e011d0040e6c1f964,1.0,2550364783,881052106,1379301944,2018-07-31,delivered,42.0,12.95,54.95,boleto,1.0,6.0,-8.0,0.0
1996469137,312ca70771f7faab638a5aefeaaea172,1.0,3947550627,2207622087,2082347993,2018-07-18,delivered,69.99,44.48,114.47,credit_card,3.0,17.0,-16.0,0.0
4181554185,60d87c3a8975a3933f54d91664de9a7a,1.0,4108560786,854615334,1235607158,2018-08-16,delivered,69.9,13.97,83.87,credit_card,2.0,5.0,-6.0,0.0
3378627291,c659935fdc19ef6b13aa33fb990a2f81,1.0,4288474989,1960479650,2304947736,2018-07-18,delivered,69.0,15.58,84.58,voucher,1.0,6.0,-9.0,0.0
2300801545,6366ce592c90a36450778259cb163cc5,1.0,690812574,1964155017,3554345266,2018-08-02,delivered,189.0,19.42,208.42,boleto,1.0,18.0,5.0,1.0
1552205142,4ca93a3dd92c3b6871bd6ebad444a518,1.0,2262194980,3658875146,250985049,2018-07-10,delivered,77.9,13.89,91.79,credit_card,1.0,3.0,-25.0,0.0
3436447179,4ca93a3dd92c3b6871bd6ebad444a518,2.0,2262194980,3658875146,250985049,2018-07-10,delivered,77.9,13.89,91.79,credit_card,1.0,3.0,-25.0,0.0
72801405,9c3059c9036686226d8c445338bfdcc1,1.0,211970628,2069173478,3267771422,2018-08-20,delivered,19.9,12.8,32.7,credit_card,1.0,4.0,-5.0,0.0
3557540143,8d23fb4e17833d8bf866d3ae3481a3cd,1.0,1893085359,767180015,1919968767,2018-07-24,delivered,110.32,15.87,0.0,unknown,0.0,7.0,-14.0,0.0
588153084,8d23fb4e17833d8bf866d3ae3481a3cd,2.0,1893085359,4076847553,1919968767,2018-07-24,delivered,110.32,15.87,0.0,unknown,0.0,7.0,-14.0,0.0
1257097995,383d164e3fb3bd64ffdc196f34f2d8a1,1.0,771961106,302400981,2304947736,2018-07-13,delivered,49.0,22.27,71.27,credit_card,7.0,7.0,-13.0,0.0
412666312,3908d6bd42f21f56dd7cabf2797b5b0d,1.0,4034260238,385044542,2304947736,2018-07-22,shipped,55.0,17.32,72.32,credit_card,2.0,,,
2097715497,a8fe5267370ed0ed458f4fc1a032bf7e,1.0,3195752354,1084811042,1919968767,2018-07-24,delivered,110.32,18.87,129.19,credit_card,1.0,7.0,-14.0,0.0
3555238618,d31eb970bb1acce19ffa95359ac4de15,1.0,3692227174,3751948237,2629314654,2018-07-02,delivered,9.99,15.23,25.22,credit_card,1.0,4.0,-17.0,0.0
127513272,0ae310aba8893f64631cffc380d5db8b,1.0,2614886900,321356981,2880307388,2018-08-10,delivered,59.95,9.17,69.12,boleto,1.0,17.0,-2.0,0.0
1118483878,494a9c2e25b72a3d3ba5c1a4adb9c421,1.0,1646369775,2863438594,1809103188,2018-08-20,delivered,46.9,18.43,0.0,unknown,0.0,4.0,-11.0,0.0
2684097820,12582224cebac18145db6690144db314,1.0,3990104671,750030509,1734769477,2018-07-30,delivered,29.9,7.47,37.37,credit_card,1.0,2.0,-7.0,0.0
102211113,7ed963a87535f8fe1d31b16eefecce7b,1.0,4291271725,3626856931,2012735916,2018-08-16,delivered,145.0,46.0,191.0,boleto,1.0,4.0,0.0,0.0
206580967,ceeba269d5bac0789567137ac2e6d57f,1.0,2528241610,2314958861,3115096273,2018-08-18,delivered,84.99,12.9,97.89,credit_card,1.0,9.0,0.0,0.0
3585473491,8b0bfe5491af8bcf2015a54522f50a9c,1.0,300172024,2183946209,2300938895,2018-08-01,delivered,22.9,18.26,0.0,unknown,0.0,15.0,-3.0,0.0
507158820,426f2f3ccc70efae7805f823a379f18e,1.0,2423779461,3569776384,2426981988,2018-07-18,delivered,30.4,16.4,46.8,boleto,1.0,9.0,-11.0,0.0
1699758243,e134ae06c15446b35a78fd10c4d26155,1.0,2219439773,1563689885,2533375300,2018-08-06,delivered,24.9,18.27,43.17,boleto,1.0,7.0,-2.0,0.0
1291686384,619dfdf03a86cb08034d2050d1967b17,1.0,1418415356,4005704447,2808355976,2018-07-23,delivered,59.45,12.72,72.17,credit_card,1.0,10.0,-5.0,0.0
1584145339,b9dd50946ccb67dc7d9720f5c1cf41f9,1.0,358992574,424811363,3460754279,2018-08-15,delivered,198.9,24.54,223.44,debit_card,1.0,7.0,-13.0,0.0
360317481,3142b77fc8c5d3b848943f5727c3901a,1.0,59645301,2196741018,1919968767,2018-08-03,delivered,110.32,8.03,118.35,credit_card,1.0,7.0,0.0,0.0
380066979,6048533001f5fce8b89fa52898d99047,1.0,618940737,1649967436,2598814270,2018-07-21,delivered,49.9,51.07,100.97,credit_card,1.0,17.0,-13.0,0.0
1228820253,a8aa1455a58ed250938c0f20158244a8,1.0,252231580,2560483494,3824636931,2018-08-07,delivered,345.6,37.77,383.37,boleto,1.0,7.0,-30.0,0.0
565499326,1636b85eb28fe7afdeedc55ec96536cd,1.0,3025476685,134579133,2200182065,2018-07-17,delivered,96.0,26.97,122.97,boleto,1.0,8.0,-7.0,0.0
3540911199,3329f64391fb9614f91aaa7be306c8bb,1.0,2711013078,4221417473,3302929409,2018-07-29,delivered,27.99,19.39,47.38,credit_card,1.0,5.0,-26.0,0.0
1928024253,80aa84ef8c5e289d84d1735060740d61,1.0,4252272055,2355879400,3193283800,2018-08-07,delivered,69.99,19.68,89.67,credit_card,3.0,8.0,-5.0,0.0
4168988158,0c79ffcb0fed5ff297c2a68be02f4f8c,1.0,2157777638,943380341,2880307388,2018-07-19,shipped,79.9,18.66,98.56,credit_card,1.0,,,
981961813,aafb89f11bef342ec3ca3571428ab77b,1.0,3225215631,2493191062,3106288757,2018-07-30,delivered,109.9,8.03,117.93,boleto,1.0,3.0,-1.0,0.0
1016637566,aee59dfc7dd589a60400818c624a6f91,1.0,191045239,694349577,358900552,2018-08-25,delivered,79.5,7.82,87.32,credit_card,4.0,3.0,-7.0,0.0
4085233616,63e6167831e2896f74d9227af41b1431,1.0,663366027,3161581438,3968462480,2018-07-31,delivered,220.0,28.52,248.52,credit_card,8.0,7.0,-10.0,0.0
3890735769,88df6b44c27501b5e7af076d193440dd,1.0,1988003574,4179300155,737969628,2018-07-25,delivered,89.9,23.43,113.33,credit_card,4.0,7.0,-11.0,0.0
699913537,a1ad76f125118edcc2ba7035e9a59c7c,1.0,1493014782,553372459,2713847659,2018-08-06,delivered,287.0,23.94,310.94,credit_card,1.0,7.0,-4.0,0.0
3952889737,54c1bb9fd5410f38a13229f44d9b7e67,1.0,4198292487,738798426,2304947736,2018-08-12,delivered,59.0,7.67,66.67,credit_card,3.0,1.0,-2.0,0.0
2934329898,4471fc5ecfbb3b7fec1044fc6e6f6851,1.0,2160262245,1171928057,484457503,2018-08-08,delivered,38.5,22.99,61.49,voucher,1.0,7.0,-21.0,0.0
434234230,4b8e7900278770ffef6b0da3d58dff9a,1.0,354135120,3786760460,1210503633,2018-08-13,canceled,51.92,13.7,65.62,credit_card,5.0,,,
1413194681,0e1670a6f68c72266681ed85b4e4f73a,1.0,2274248902,3736650831,2023461531,2018-08-22,delivered,44.99,15.42,60.41,credit_card,1.0,5.0,-13.0,0.0
2527217814,8237160b16b119b5390f8072691974f0,1.0,3507607633,1570442479,596468350,2018-08-01,delivered,89.0,23.42,112.42,boleto,1.0,6.0,-16.0,0.0
1267108040,b1c978cd633caac1ce86e36b61e8aeb3,1.0,2363410891,3320388397,2131055484,2018-08-15,shipped,28.99,22.13,51.12,debit_card,1.0,,,
1971317811,3b43a1faa9745dfcd8ef87937f4cab08,1.0,1149233690,2466355469,523493826,2018-07-11,delivered,66.99,27.75,94.74,credit_card,5.0,29.0,10.0,1.0
62005900,19c12787aa9334d1ccac97bfab56e576,1.0,3545402475,4014108695,3103215707,2018-08-04,delivered,59.99,21.72,81.71,boleto,1.0,16.0,-7.0,0.0
3968273652,71b63cb24c0cdeeb5604ab4b0e891c87,1.0,836609260,3286506355,737969628,2018-08-04,delivered,114.9,17.93,132.83,credit_card,2.0,9.0,-1.0,0.0
1568435654,31f6c998a06ef0003c3355f042b8488a,1.0,210291131,1567748733,2304947736,2018-07-25,delivered,95.0,18.77,113.77,credit_card,6.0,6.0,-13.0,0.0
368428246,d84a72d286117f40da5a05597f25d58d,1.0,1159927785,2495106546,2580370799,2018-07-11,delivered,89.0,15.72,104.72,credit_card,1.0,9.0,-18.0,0.0
1913029089,cb82f50adcd9978f835fe94951603fad,1.0,4103053860,1229940739,261066546,2018-08-13,delivered,116.9,14.16,131.06,credit_card,1.0,2.0,-8.0,0.0
2291930227,63514fae43596b11a770416049c86856,1.0,4031642918,2888797995,1054741655,2018-07-12,delivered,131.0,16.02,147.02,credit_card,9.0,11.0,-4.0,0.0
3989294979,265a8ba29224f47c0476cfcfa6986f77,1.0,1011516700,2319260639,3626123686,2018-08-02,delivered,36.9,15.36,52.26,credit_card,1.0,8.0,-5.0,0.0
810616036,988c500d743d7a2cf2e9eaa824a66780,1.0,470446525,3201228581,926823165,2018-07-09,delivered,12.25,12.79,25.04,credit_card,1.0,3.0,-11.0,0.0
2981867508,aabd0a7ecf741520be60dc59fc6002ee,1.0,3535235743,1346477206,727074973,2018-08-06,delivered,46.99,9.08,56.07,credit_card,5.0,3.0,1.0,1.0
3501789023,4eeb749b1bc5823fb7ef6af9282ee537,1.0,4042387782,3954182952,3412193601,2018-08-21,delivered,60.5,9.17,69.67,credit_card,1.0,2.0,0.0,0.0
558499664,12f0d35d150a1645900980264e766cc6,1.0,685767403,4006536273,3034887517,2018-07-03,delivered,99.0,16.88,115.88,credit_card,5.0,3.0,-17.0,0.0
253631299,c97b6271a445cec849420383547b34da,1.0,4230621644,3653052866,879502040,2018-08-08,delivered,89.9,18.93,108.83,credit_card,3.0,4.0,-3.0,0.0
4187325196,afa18fe18903345a7bd38e285f0bca70,1.0,3875966219,984626421,1579174796,2018-07-20,delivered,29.99,12.87,42.86,credit_card,1.0,5.0,-8.0,0.0
1580695504,c8fa48f1b2af19f06cd1ca3b5533bd0e,1.0,3570023490,1686484640,2208217379,2018-07-03,delivered,109.99,23.57,133.56,credit_card,1.0,10.0,-14.0,0.0
2925374533,2e3d2ade3d9a549848f6a576ae8f9da2,1.0,4068511053,1954539847,4027816933,2018-07-25,delivered,177.0,24.04,201.04,boleto,1.0,8.0,-8.0,0.0
161510267,667a47b3d52c6e88390b50708a061561,1.0,4024725700,1550352774,605810449,2018-07-28,delivered,105.99,18.84,124.83,credit_card,5.0,5.0,-13.0,0.0
1985897900,7453ef59db78206e7036df2120481509,1.0,340790331,2404842886,1107359178,2018-07-09,delivered,99.9,27.47,127.37,credit_card,1.0,16.0,-7.0,0.0
3692393724,55bec4dbd259b205d1705c846cb8114f,1.0,2391308070,2685268205,1550185782,2018-07-18,delivered,236.99,28.61,265.6,credit_card,5.0,14.0,-8.0,0.0
1717370446,6ac81ce742f436d1d7de699cb7355a81,1.0,597033769,3076081288,2629314654,2018-07-25,delivered,15.99,15.23,31.22,credit_card,6.0,7.0,-21.0,0.0
2615210081,6ac81ce742f436d1d7de699cb7355a81,2.0,597033769,3076081288,2629314654,2018-07-25,delivered,15.99,15.23,31.22,credit_card,6.0,7.0,-21.0,0.0
162268272,6153dde2f6f01bdd93c35be85fed898d,1.0,3762335074,7687210,3302929409,2018-07-22,delivered,49.99,7.61,57.6,credit_card,1.0,6.0,-3.0,0.0
494631335,e1d639704794372882078d60df591264,1.0,1736934453,721170892,3267771422,2018-07-20,delivered,49.9,23.15,73.05,credit_card,1.0,12.0,-6.0,0.0
1828743821,8855d9953624485990826e20fc9fc2e1,1.0,1928691696,2476066887,3777428918,2018-07-28,delivered,53.9,18.48,72.38,boleto,1.0,6.0,-17.0,0.0
2062790581,38abfeb6bcb069a97c3d5e8100f94715,1.0,1769919047,1776620515,2475905934,2018-07-16,delivered,99.99,23.5,123.49,debit_card,1.0,9.0,-15.0,0.0
2879763787,3ebcfe0e628a860eb240b63084495439,1.0,216644576,3110268671,3314703330,2018-07-13,delivered,60.5,22.24,82.74,boleto,1.0,7.0,-7.0,0.0
796979735,0181409c6498f79e161dde79c2a7dc59,1.0,2199664844,3842438155,1422228924,2018-08-01,delivered,43.9,18.41,62.31,credit_card,1.0,8.0,-5.0,0.0
1980751163,82857312ad869f872b950b616dc58273,1.0,3968900226,2518283899,3186732875,2018-07-27,delivered,89.9,32.77,122.67,credit_card,2.0,12.0,-20.0,0.0
3995006159,4375cac0cfa2a87273ea83c661bdfcca,1.0,1472503589,3913546732,1692866640,2018-07-31,delivered,329.99,106.39,436.38,credit_card,2.0,17.0,7.0,1.0
149865130,69e9045bc98231a8e6e85723d88a9833,1.0,572898729,2255288939,1343178736,2018-08-15,delivered,389.0,21.91,410.91,credit_card,6.0,12.0,-21.0,0.0
509189918,d88a225d12c6ae71beab5cfa2e6e0b24,1.0,752913195,3319620110,3900748527,2018-07-28,delivered,72.0,9.43,81.43,credit_card,1.0,2.0,-3.0,0.0
1359435495,89d0d767b2ae9218a978c6b9178d6dda,1.0,1276091242,3888681519,4194263931,2018-07-20,delivered,99.1,14.99,114.09,boleto,1.0,7.0,-21.0,0.0
1846112898,92f4f749aa508d58dee50d9ccdb6c9dd,1.0,3175296464,3693779592,1422228924,2018-07-15,delivered,43.9,18.41,62.31,credit_card,3.0,9.0,-13.0,0.0
973279464,2833a586d04517b0c18e17c24ae684c3,1.0,2148358289,1205223205,3103215707,2018-08-11,delivered,259.99,22.09,282.08,credit_card,4.0,12.0,-19.0,0.0
2505159062,305c62b54948504b5a6774e13eaec4e2,1.0,1948207065,15396172,2131055484,2018-08-20,delivered,39.99,15.38,55.37,boleto,1.0,7.0,-17.0,0.0
3324032880,c8097c4a079d36884044cd13c0df3452,1.0,481675544,3655495200,4156473050,2018-08-03,delivered,27.9,7.46,35.36,boleto,1.0,6.0,1.0,1.0
3135065883,ad716a0d2ae795dfccfb3afc5d40a6e9,1.0,3784166165,4052047538,487246604,2018-07-04,delivered,79.99,14.14,94.13,credit_card,1.0,5.0,-13.0,0.0
2223325764,6f6adb6239aa458699f94784b3bb978a,1.0,2301903546,3003505019,4228315975,2018-08-07,delivered,719.9,23.14,743.04,credit_card,3.0,6.0,-9.0,0.0
2549444492,b8032632cbd7944f63573ccb8e2f5558,1.0,2112601658,2346037879,2580370799,2018-07-20,delivered,549.9,18.95,568.85,credit_card,8.0,14.0,-19.0,0.0
2826674555,5b47fae4d8705a2c6e470bef311073e0,1.0,767898517,1156561076,4220048581,2018-08-22,delivered,89.0,19.81,108.81,credit_card,2.0,5.0,-7.0,0.0
870090014,ccf2c1980921a53b885e2b75c8016ea0,1.0,2768832027,1058811509,2501049529,2018-08-10,delivered,88.99,11.64,100.63,credit_card,1.0,4.0,-1.0,0.0
3580098633,cad185f8e286822c1fd551bcfc659ad8,1.0,972058112,3534987937,2028992730,2018-07-23,delivered,45.0,13.9,58.9,credit_card,4.0,6.0,-7.0,0.0
3961398452,7b9993b735d04c56ac0c688400deb500,1.0,3179591885,1930135429,3186732875,2018-08-12,shipped,132.8,25.28,158.08,credit_card,10.0,,,
100411633,331839482e221dce28b19df7d740fcfa,1.0,204776511,3088456406,879645702,2018-08-07,delivered,53.3,13.03,66.33,credit_card,1.0,6.0,-3.0,0.0
322051223,31a2886d02ad2127bfec204da2e93b66,1.0,1093953930,2879898087,3600367152,2018-07-25,delivered,19.8,7.4,27.2,credit_card,1.0,1.0,-6.0,0.0
3082361881,9d4267186d4e276d018cc7c90291768e,1.0,2613178369,1964155017,3554345266,2018-08-16,delivered,189.0,14.53,203.53,debit_card,1.0,5.0,-15.0,0.0
904407157,196023b0ecde715e3a41bd00ca208a9f,1.0,1487831409,4161669668,1138781032,2018-08-13,delivered,34.98,22.18,57.16,credit_card,1.0,6.0,-14.0,0.0
3156899064,40cb5e00d417c4057d5253c48b887267,1.0,3774328817,2105927926,1579174796,2018-07-19,delivered,14.0,18.23,32.23,credit_card,1.0,7.0,-11.0,0.0
2853140201,5f55e6b524e35858ebe24f6f9a5491e0,1.0,3093075984,914301895,3804798124,2018-08-01,delivered,250.0,10.5,260.5,credit_card,10.0,2.0,-4.0,0.0
4157545573,205fc1dde4304cae4a504a6fa594a318,1.0,4172355245,151170275,4125702247,2018-08-09,delivered,75.0,13.87,88.87,credit_card,2.0,14.0,-27.0,0.0
932548142,1da44207e99dbf6f88a322548bb43aab,1.0,1234977490,3900992226,1765806340,2018-08-19,delivered,119.9,17.11,137.01,boleto,1.0,4.0,-3.0,0.0
74020076,05d43265b79289692a382c9f2a6c1547,1.0,3811817985,2972287399,3129531441,2018-08-26,delivered,220.0,14.84,234.84,credit_card,2.0,2.0,-2.0,0.0
3636714807,0d68ee25f75190aba2b49bf9f25f8f6a,1.0,1131072297,174750780,523493826,2018-08-11,delivered,122.99,30.11,153.1,credit_card,1.0,13.0,-19.0,0.0
4273485346,43ad91c37e773a2fc263fd0f7c48b1c0,1.0,500702080,3547293257,372703792,2018-07-21,delivered,90.0,22.91,112.91,boleto,1.0,10.0,-17.0,0.0
2380640082,379fed4a1ab7b5a3e8126fe0b76b9ebe,1.0,4192494480,3561404005,2304947736,2018-07-27,delivered,55.0,7.65,62.65,credit_card,1.0,4.0,-1.0,0.0
965159339,1d6efdc47fc22d96340ff4b18566ef54,1.0,1699372778,736080793,2602978410,2018-08-15,delivered,74.8,23.67,98.47,credit_card,2.0,13.0,-21.0,0.0
1387166669,b46fff4b68b745db1498b3a260aaed5c,1.0,1300989749,2039016905,2384848440,2018-08-05,delivered,84.9,41.57,126.47,credit_card,10.0,4.0,-11.0,0.0
1599738977,b53daded44cdc3c3f3e1962c34ebdbf2,1.0,3657561365,1808997745,738004747,2018-08-13,delivered,169.0,48.26,217.26,credit_card,4.0,9.0,-5.0,0.0
632424748,a6f118bcb8721211afbb36e4a1e63610,1.0,2267861731,512662121,1884653127,2018-08-16,delivered,199.9,12.42,212.32,credit_card,5.0,2.0,-3.0,0.0
2515843964,1637fe3bb334a5aa79e8731cc76891b5,1.0,3299588817,161727944,2023461531,2018-08-13,delivered,49.0,7.6,56.6,boleto,1.0,2.0,-2.0,0.0
3620876699,27bb59120b021cf6ebad6ea92f289d53,1.0,972132260,1672925611,854629258,2018-07-07,delivered,69.99,49.0,118.99,debit_card,1.0,23.0,-7.0,0.0
2675001783,a400b16a97414ec974f5a6910c28dbe5,1.0,2288896464,2736371899,1266529499,2018-08-10,delivered,199.0,19.19,218.19,credit_card,10.0,9.0,-14.0,0.0
4108182277,a15fc4ce7d1b1cd6ec005a2f267758d8,1.0,1848387223,367791868,123833255,2018-08-14,delivered,160.0,23.92,183.92,credit_card,4.0,5.0,-3.0,0.0
3154612189,a771d79ec4b8d059bfb6e773f290cc1d,1.0,519993429,558865591,2636346249,2018-07-21,delivered,24.99,37.09,62.08,boleto,1.0,12.0,-14.0,0.0
1929977574,cf38c31c188359d5573787afd3004356,1.0,1157784124,229724642,3809495135,2018-08-22,delivered,219.0,39.7,258.7,credit_card,10.0,2.0,-4.0,0.0
1520026808,46f0668d5961419489c708d57e9e99bb,1.0,99694410,2397286120,753329531,2018-08-01,delivered,149.9,14.53,164.43,voucher,4.0,6.0,-14.0,0.0
3071738952,5698301facad559e3efdf43331ee9fbb,1.0,1203775612,2001968677,4100464209,2018-07-31,delivered,99.0,18.74,117.74,credit_card,5.0,5.0,-8.0,0.0
3958975385,71bd2b49a4e92c385e1c668b56aea592,1.0,4293139788,1745648530,9861004,2018-08-16,delivered,49.9,41.33,0.0,unknown,0.0,6.0,-13.0,0.0
3112547800,e0e0ed26ffcd10565fb073f96045d4f1,1.0,494132533,1910918092,1696761601,2018-08-09,delivered,33.9,18.34,52.24,credit_card,1.0,5.0,-9.0,0.0
3645720202,dfc5bd74d2e77292cdd66e032ac3cae2,1.0,3639168040,1125615149,596468350,2018-08-21,delivered,79.0,23.35,102.35,credit_card,8.0,6.0,-9.0,0.0
491227642,063f2375ecf74934d05e78a476f92cb5,1.0,620649616,4210541912,3065096262,2018-07-08,delivered,28.45,18.3,0.0,unknown,0.0,19.0,-7.0,0.0
141165794,063f2375ecf74934d05e78a476f92cb5,2.0,620649616,1404180157,3065096262,2018-07-08,delivered,28.45,18.3,0.0,unknown,0.0,19.0,-7.0,0.0
3944748808,7cfdf7265c9572fc7b7cbd3b9cc438b7,1.0,1008057177,3236001111,3234005918,2018-08-21,delivered,69.9,19.25,99.8349276974416,credit_card,10.0,6.0,-36.0,0.0
1823804829,7cfdf7265c9572fc7b7cbd3b9cc438b7,2.0,1008057177,1676465851,2201933620,2018-08-21,delivered,20.0,19.25,28.5650723025584,credit_card,10.0,6.0,-36.0,0.0
2652029314,7a43439d03078dce6fa291258b5d9796,1.0,3270650001,2306999753,819761952,2018-07-03,delivered,34.49,7.98,42.47,credit_card,1.0,2.0,-13.0,0.0
2944838304,69840aae60642aee7093192b37961c08,1.0,2243630926,2801049975,3497601394,2018-07-05,delivered,320.0,17.2,350.5831111111111,boleto,1.0,8.0,-11.0,0.0
1027176389,69840aae60642aee7093192b37961c08,2.0,2243630926,2573486346,3497601394,2018-07-05,delivered,290.0,34.4,317.71594444444446,boleto,1.0,8.0,-11.0,0.0
2545875194,69840aae60642aee7093192b37961c08,3.0,2243630926,2573486346,3497601394,2018-07-05,delivered,290.0,34.4,317.71594444444446,boleto,1.0,8.0,-11.0,0.0
3588385900,69840aae60642aee7093192b37961c08,4.0,2243630926,2573486346,3497601394,2018-07-05,delivered,290.0,34.4,317.71594444444446,boleto,1.0,8.0,-11.0,0.0
2128665056,69840aae60642aee7093192b37961c08,5.0,2243630926,2573486346,3497601394,2018-07-05,delivered,290.0,34.4,317.71594444444446,boleto,1.0,8.0,-11.0,0.0
3071927185,69840aae60642aee7093192b37961c08,6.0,2243630926,2801049975,3497601394,2018-07-05,delivered,320.0,17.2,350.5831111111111,boleto,1.0,8.0,-11.0,0.0
2251927279,677c865b89aa97e7dbeb4bfbb50bbcfd,1.0,2102259932,2421298325,1994919736,2018-08-14,delivered,85.0,7.86,92.86,credit_card,9.0,10.0,-7.0,0.0
2194574273,7858a830420b9bc393b55bcf268eeb36,1.0,2839210311,2952777915,581044507,2018-08-05,delivered,146.01,19.12,165.13,credit_card,8.0,3.0,-19.0,0.0
3399458990,48a9ea3e1c382a1103caddec631502f7,1.0,1151459843,631056550,604144110,2018-07-31,delivered,69.9,23.29,93.19,credit_card,9.0,5.0,-8.0,0.0
1081037199,82448518c158621499c410430165ac1d,1.0,663319866,1041123812,1059084950,2018-07-25,delivered,349.9,58.92,408.82,credit_card,9.0,8.0,-20.0,0.0
3483867526,2e13edafaac2c078f2cdbfa481171fd0,1.0,3587925599,1015143283,2287647353,2018-07-25,delivered,265.9,16.17,282.07,boleto,1.0,4.0,-11.0,0.0
1285515162,ba91b4b93947b208ec698475173402b7,1.0,3863629776,2299958055,2228420128,2018-07-23,delivered,219.9,89.83,309.73,boleto,1.0,14.0,-16.0,0.0
2064769696,8ddbee86a9602f49e8e932c46cfd751e,1.0,983681345,2368046688,1868809992,2018-07-24,delivered,196.8,13.68,210.48,credit_card,4.0,3.0,-10.0,0.0
784338851,93f09cc1052604f96116493cbf93606b,1.0,3360535338,1201491008,4132039069,2018-07-29,delivered,93.6,8.82,102.42,credit_card,2.0,1.0,-2.0,0.0
3210788040,c11770b0aaeeaf11800205df9b333d78,1.0,4219313097,763667658,1203697143,2018-07-23,delivered,12.88,18.23,31.11,credit_card,1.0,4.0,-14.0,0.0
3385922292,2cc8d5dba04e5be26d748ef75e708770,1.0,4177550580,556054380,1415924549,2018-07-26,delivered,71.49,19.69,91.18,credit_card,4.0,7.0,-14.0,0.0
3370504757,a29c25c2c9c3100daf48a25880312c23,1.0,3520155021,1414012464,447945570,2018-08-01,delivered,39.9,18.08,57.97999999999999,credit_card,5.0,7.0,-19.0,0.0
2340146806,a29c25c2c9c3100daf48a25880312c23,2.0,3520155021,1414012464,447945570,2018-08-01,delivered,39.9,18.08,57.97999999999999,credit_card,5.0,7.0,-19.0,0.0
1935298636,a29c25c2c9c3100daf48a25880312c23,3.0,3520155021,1414012464,447945570,2018-08-01,delivered,39.9,18.08,57.97999999999999,credit_card,5.0,7.0,-19.0,0.0
3849858082,a29c25c2c9c3100daf48a25880312c23,4.0,3520155021,1414012464,447945570,2018-08-01,delivered,39.9,18.08,57.97999999999999,credit_card,5.0,7.0,-19.0,0.0
1793112837,a29c25c2c9c3100daf48a25880312c23,5.0,3520155021,1414012464,447945570,2018-08-01,delivered,39.9,18.08,57.97999999999999,credit_card,5.0,7.0,-19.0,0.0
1181101862,c47daad9ca0c3eb7d59ae53bef0e9741,1.0,1609455769,1643656533,2636346249,2018-07-30,delivered,21.99,7.41,29.4,credit_card,1.0,3.0,-5.0,0.0
2146240031,6bc9f3b6522892d5b2b27203ca6caa67,1.0,4202478685,4052563111,2826113646,2018-07-27,delivered,855.0,66.27,0.0,unknown,0.0,18.0,-14.0,0.0
2931285485,917f26ec1c625573e0d0aee8b162d3e0,1.0,2977827445,1413324773,2354683314,2018-08-22,delivered,28.9,12.86,41.76,credit_card,2.0,8.0,-5.0,0.0
2634495179,4d0b1ea51ea051ef9f4765df8148c0cd,1.0,175230077,1418996407,3003602011,2018-07-31,delivered,29.99,22.14,52.13,boleto,1.0,8.0,-18.0,0.0
396676872,4d0b1ea51ea051ef9f4765df8148c0cd,2.0,175230077,1418996407,3003602011,2018-07-31,delivered,29.99,22.14,52.13,boleto,1.0,8.0,-18.0,0.0
1944974545,4d0b1ea51ea051ef9f4765df8148c0cd,3.0,175230077,1418996407,3003602011,2018-07-31,delivered,29.99,22.14,52.13,boleto,1.0,8.0,-18.0,0.0
2785631317,35642e42741af129914f2cd0ab468289,1.0,3885417056,3698009740,2622583364,2018-08-14,delivered,117.0,18.92,135.92,boleto,1.0,13.0,-4.0,0.0
2455965945,020500486b7211f5ef873ba8ffd58cd0,1.0,1299521937,683838979,391897587,2018-08-13,delivered,39.99,18.38,58.37,credit_card,2.0,7.0,-9.0,0.0
3515619865,1c3f752b9a4d09bf1e016439a427d5f8,1.0,2475507273,4148083544,1914769873,2018-08-17,delivered,16.49,7.39,23.88,debit_card,1.0,3.0,-2.0,0.0
2869346389,6001610df104b259c270c49af4b093b8,1.0,125274386,2729548690,819761952,2018-07-21,delivered,13.49,7.87,21.36,credit_card,1.0,3.0,-9.0,0.0
3947744743,2c9ef1099d75918095356bda34b2d4c0,1.0,1521848939,1513274870,528827331,2018-08-24,delivered,207.0,27.75,234.75,voucher,1.0,6.0,-47.0,0.0
427044336,dec9169d4f8c2e229d7421e28ef70781,1.0,3953294838,3690281171,2999834745,2018-08-28,delivered,49.0,16.53,0.0,unknown,0.0,2.0,-14.0,0.0
3556870102,52dbb0b466455091f16336d2774c70f2,1.0,4209754236,3560332974,1490461718,2018-08-16,delivered,54.9,18.48,73.38,credit_card,3.0,11.0,-1.0,0.0
3411278834,4c888e6e352d77cd1e8beea1f03985b7,1.0,567801055,1277571969,1763790356,2018-07-22,delivered,170.0,21.46,191.46,credit_card,2.0,5.0,-20.0,0.0
983853598,5065dc0da187940cd74472e443c1ff65,1.0,3602019211,1491328836,1914769873,2018-07-24,delivered,129.49,16.21,145.7,credit_card,2.0,2.0,-6.0,0.0
168663314,ad072acf8137f54f0f17fe47c2909a8c,1.0,649878749,2526374984,1491271699,2018-08-16,delivered,62.7,7.7,70.4,credit_card,1.0,4.0,-3.0,0.0
1942604628,61cc521d6e411ba1d58a700c828665d6,1.0,3185133454,2576984826,1464160362,2018-07-31,delivered,144.0,59.09,203.09,credit_card,5.0,12.0,3.0,1.0
252591769,8bc9548dbe844e1bf48ac197c5609045,1.0,1839102092,4266368058,4160630161,2018-07-23,processing,8.9,12.72,17.205941320293398,boleto,1.0,,,
3697852898,8bc9548dbe844e1bf48ac197c5609045,2.0,1839102092,885246954,4160630161,2018-07-23,processing,32.0,25.45,61.8640586797066,boleto,1.0,,,
1094736863,de73bf52fe9c690e54d761233b780398,1.0,4132440812,98199844,687121961,2018-07-18,delivered,124.99,14.18,139.17,credit_card,1.0,2.0,-10.0,0.0
2422502582,29215b35ce6dc3c65c05c30d6e736e65,1.0,2065223836,694678666,3228962603,2018-07-31,delivered,51.9,22.29,74.19,credit_card,2.0,8.0,-14.0,0.0
2414219853,510a5c60f473c07f3cb21d6506c0b4ba,1.0,2915089135,2324370903,1839514776,2018-07-15,delivered,180.0,19.36,199.36,credit_card,8.0,8.0,-10.0,0.0
2530932446,9b8ac5a3f09f1af11380aa4451dc2ac4,1.0,2490125171,401219687,723360938,2018-08-08,delivered,186.4,20.48,0.0,unknown,0.0,9.0,-7.0,0.0
968005398,601d101f152fdff51e7ee9d43af78d06,1.0,1830489882,1619895425,3995891762,2018-08-14,delivered,138.52,22.99,161.51,credit_card,1.0,6.0,-25.0,0.0
476651436,19dbcec063de59d65db1584c91ff94b0,1.0,2623908655,2449083992,2313951810,2018-07-29,delivered,329.0,19.99,348.99,credit_card,6.0,8.0,-30.0,0.0
2949882087,cad4f1f1630718b17426b3f335d0404e,1.0,1043052178,2116969892,3557398281,2018-08-07,delivered,178.5,34.33,212.83,credit_card,5.0,13.0,6.0,1.0
69612995,b8e766640caca231ccff0ad5eed8d976,1.0,282997185,3473501888,520545560,2018-07-11,delivered,17.5,18.23,35.73,credit_card,1.0,15.0,-5.0,0.0
1102093709,5b170e2ca414dba1a026afb280420501,1.0,3586607486,2805528369,874466088,2018-07-25,delivered,159.9,19.22,179.12,credit_card,3.0,13.0,-8.0,0.0
3222629535,973c60b5a6b596a9bfe6a48569a9ef50,1.0,2066215001,269505001,2395580491,2018-07-23,delivered,195.0,16.44,211.44,boleto,1.0,9.0,-7.0,0.0
25858458,d796fb3fcd8046bf2eedc21bcb2e407a,1.0,3969049581,1982478248,1622092360,2018-07-31,delivered,32.0,20.49,52.49,credit_card,4.0,7.0,-10.0,0.0
2391732723,923edd16abada2893b886d3757c73ffa,1.0,1220292459,2483548222,1813314038,2018-07-04,delivered,39.9,13.86,53.76,credit_card,1.0,6.0,-17.0,0.0
4288023252,35c20257f4ae4439e4560d6e5ad5c658,1.0,119500964,659355611,4270254564,2018-07-02,delivered,11.49,15.23,26.72,credit_card,1.0,9.0,-19.0,0.0
2470360481,946f3e7b0d6366f4485b948f11d01ee5,1.0,1185825996,3704740045,1884653127,2018-08-09,delivered,31.9,17.9,50.47461788617886,credit_card,8.0,4.0,-29.0,0.0
228773581,946f3e7b0d6366f4485b948f11d01ee5,2.0,1185825996,3423649695,2053349188,2018-08-09,delivered,29.6,17.91,46.83538211382114,credit_card,8.0,4.0,-29.0,0.0
548881767,e0f57f06590a2aee981778faa5b7c80c,1.0,635051158,2222404657,1107359178,2018-07-09,delivered,149.9,63.07,212.97,boleto,1.0,17.0,-8.0,0.0
3142160103,e0f57f06590a2aee981778faa5b7c80c,2.0,635051158,2222404657,1107359178,2018-07-09,delivered,149.9,63.07,212.97,boleto,1.0,17.0,-8.0,0.0
4217195455,6ec1bea8cbcef0a1b81bc9b7fbd37ccb,1.0,2591786271,1458105883,4109428959,2018-08-07,delivered,13.47,22.85,36.32,credit_card,1.0,20.0,-22.0,0.0
3276247895,441972a5bbd51a10459a487402076942,1.0,2850496259,3648162694,667629788,2018-08-23,delivered,59.0,15.51,74.51,credit_card,5.0,5.0,-6.0,0.0
3380592261,6616fa4c89b8bf2a7e17271cdc542fca,1.0,3416001380,3608027588,4197213841,2018-08-17,delivered,29.9,6.66,36.78251152073732,boleto,1.0,10.0,-28.0,0.0
3414974265,6616fa4c89b8bf2a7e17271cdc542fca,2.0,3416001380,3201181401,3065096262,2018-08-17,delivered,28.45,6.66,34.998744239631336,boleto,1.0,10.0,-28.0,0.0
1093019076,6616fa4c89b8bf2a7e17271cdc542fca,3.0,3416001380,367332480,3065096262,2018-08-17,delivered,28.45,6.66,34.998744239631336,boleto,1.0,10.0,-28.0,0.0
775205175,6dcf0aeb8b1eb4021c26e1d0e9394979,1.0,3169750634,1551941269,2060950116,2018-08-09,delivered,299.0,34.92,318.97,debit_card,1.0,5.0,0.0,0.0
2070703004,a06e15e85714e87cb14e805b04c476f2,1.0,674096699,1341880592,3643812432,2018-07-21,delivered,59.85,13.08,72.93,debit_card,1.0,6.0,-11.0,0.0
473823723,343c79502b5f394194fbf53ba4a561c1,1.0,2542234044,1521472002,3115096273,2018-07-20,delivered,48.0,8.5,0.0,unknown,0.0,6.0,-4.0,0.0
1916230322,1323da2fac3c4ba9cee60f86d170f816,1.0,2706202252,1960723500,355541326,2018-07-09,delivered,70.25,57.26,127.51,credit_card,5.0,49.0,22.0,1.0
3584560678,ce8157b7dce9a36c6ab802ad73f494e4,1.0,11994089,979945408,2947136883,2018-08-14,delivered,64.8,19.64,84.44,boleto,1.0,8.0,-13.0,0.0
566286238,9c14756d0113f66be55ca07456df3393,1.0,3996198695,1954901884,3485175421,2018-07-10,delivered,84.9,14.9,99.8,voucher,1.0,5.0,-8.0,0.0
4294709732,30597e915fa41c74c59cf5f8ce640d3d,1.0,3960678508,171349557,112649996,2018-07-09,delivered,19.99,37.05,57.04,credit_card,1.0,10.0,-22.0,0.0
2662358130,b27ffd98b450ba9120b7ebd8d6bb75db,1.0,178081460,1959937708,407461500,2018-07-03,delivered,389.0,9.98,398.98,credit_card,4.0,3.0,-11.0,0.0
333706729,9c7d894f9c1a1bf24922e113909eb640,1.0,1548297373,1316129150,2997337676,2018-07-27,delivered,549.9,21.95,571.85,debit_card,1.0,26.0,-9.0,0.0
2169233885,1aa3c5dc3d9668e8fa8a0af87a8dbe55,1.0,3336204375,27624692,2068067571,2018-07-24,delivered,49.0,23.14,0.0,unknown,0.0,3.0,-18.0,0.0
3691037865,5471d5c0cbff5d04724a56e49cd4d308,1.0,3570660820,2145768764,2170108011,2018-07-18,delivered,209.0,8.88,217.88,credit_card,2.0,1.0,-21.0,0.0
687203031,672222c1e1bc8818069538d8c8c046a9,1.0,3154099430,3304200972,2250123381,2018-08-23,delivered,69.0,13.14,82.14,boleto,1.0,4.0,-10.0,0.0
312350997,07808f3f87407774955a7ceb2f4fe5d2,1.0,2282323508,1082405871,1993625437,2018-08-01,delivered,85.9,18.4,104.3,credit_card,3.0,4.0,-14.0,0.0
2780234487,be68a2bd0ec703cf10253c611bfda5d4,1.0,772154250,592096461,2304947736,2018-07-03,delivered,78.0,7.81,85.81,boleto,1.0,2.0,-12.0,0.0
3488709943,25f0e2e1bdd2acf4c251364f1f6b4c0d,1.0,2363978170,541362318,1379301944,2018-07-18,delivered,25.0,7.92,32.92,credit_card,1.0,8.0,-4.0,0.0
3639284813,4b8551fdf4362d88d520a66e6132b2ba,1.0,4155320706,3551232699,3003813525,2018-07-26,delivered,49.9,27.3,77.2,credit_card,1.0,4.0,-16.0,0.0
3881767848,1adbc05f8bb9f7f40e1566992a9b5e8d,1.0,2137307299,384619533,4147736090,2018-08-19,delivered,1499.99,21.76,1521.75,credit_card,10.0,3.0,-5.0,0.0
101542225,845b62fbbe4d5781455b7da5d4989afa,1.0,2094153619,1765222390,3659481684,2018-08-16,delivered,26.89,18.29,45.18,boleto,1.0,14.0,0.0,0.0
4110750823,1b34ffce967c05f131db610cabde984f,1.0,3646166477,1047438247,1140572287,2018-08-08,delivered,40.68,12.95,53.63,boleto,1.0,5.0,-3.0,0.0
850856745,7a8b9a4ee163fa0b06377953101c8085,1.0,2718917190,1816939174,1550185782,2018-07-30,delivered,85.99,11.62,97.61,credit_card,2.0,5.0,2.0,1.0
93447851,7f344d881ecc07068685ad394ed44715,1.0,4002046786,2524497326,2012214137,2018-08-17,delivered,31.99,13.7,45.69,credit_card,3.0,5.0,-6.0,0.0
3726841014,2a400780d5bb01c0093169085cd3edbd,1.0,2122508757,3793421284,1930594773,2018-07-10,delivered,12.0,7.39,19.39,credit_card,1.0,3.0,-5.0,0.0
1375651405,58fc7929e8fb79aa684a3334b80b757a,1.0,833080680,3439775381,357383673,2018-07-28,delivered,69.9,26.79,96.69,credit_card,2.0,12.0,-14.0,0.0
3821016777,7a3d9b3ab1e5b13b14eb818050343b5b,1.0,957894503,609947661,817416274,2018-08-16,delivered,140.0,23.78,163.78,credit_card,4.0,11.0,-3.0,0.0
2080741384,c8223ab24b18df53e6a37eae1fd69d48,1.0,48679106,464790765,581044507,2018-08-04,delivered,510.99,16.24,527.23,credit_card,5.0,5.0,-6.0,0.0
2402695146,8372528167731e5a127082e227a47b09,1.0,2541562886,3482317805,1755005248,2018-07-02,delivered,249.9,70.04,319.94,credit_card,6.0,9.0,-14.0,0.0
998750203,7ce9dd1f5bc5528e790443458f027433,1.0,3750921315,1842195438,1242878050,2018-08-10,delivered,105.2,21.38,126.58,credit_card,3.0,10.0,-7.0,0.0
1272208489,531b7ebd1fe920da63f51af4667a7962,1.0,3570699211,3601930968,3728838497,2018-08-02,delivered,325.0,20.38,345.38,credit_card,1.0,4.0,-10.0,0.0
3214528878,97faaf59adcfe5fa3297328ab6ace15d,1.0,1404515178,799122612,1585314166,2018-07-11,delivered,39.0,22.99,61.99,boleto,1.0,34.0,-9.0,0.0
2847166966,876152d8704a9cb49112a5def3cce455,1.0,1981385692,1150116252,1694950908,2018-08-24,delivered,29.9,7.47,37.37,credit_card,1.0,3.0,-9.0,0.0
2737831212,386a88e490a4759d81f9ecf8942a1150,1.0,4136681267,210784398,2511118077,2018-08-13,delivered,29.0,8.95,37.95,boleto,1.0,3.0,-3.0,0.0
3884092098,003a7f59d7e08a9c61d9e2881fe6459c,1.0,2942818776,3710833784,2900036235,2018-08-19,delivered,119.0,15.28,134.28,credit_card,10.0,8.0,-2.0,0.0
1588752180,9550c6dde457784adf6688cea59cd6b8,1.0,2903079759,3945680328,1715677844,2018-08-01,delivered,19.0,8.88,27.88,credit_card,1.0,12.0,7.0,1.0
3697471723,652feb1d4ad368d93e848e3e211445e1,1.0,3715738234,3149443792,1919968767,2018-07-19,delivered,91.55,8.8,100.35,credit_card,4.0,6.0,-5.0,0.0
2727255799,a9371d84972a342ce1cbfc0343d3518f,1.0,3988839881,3621970897,2622583364,2018-07-28,delivered,162.9,19.24,182.14,credit_card,1.0,7.0,-13.0,0.0
3322501163,248ecd132184e324749f7a4d42724ef0,1.0,3276630744,3824335101,4220048581,2018-08-17,delivered,139.0,24.58,163.58,debit_card,1.0,7.0,-5.0,0.0
1253700082,455dbd3c7fa4666ddb7b723bbdd09076,1.0,1908787281,3866844651,2947136883,2018-07-16,delivered,59.8,23.22,83.02,credit_card,1.0,4.0,-13.0,0.0
1927461700,0352f2ba09b99ccae0751e133332a46b,1.0,2867485754,2520322325,2845521358,2018-07-21,delivered,69.5,18.59,88.09,credit_card,2.0,14.0,-4.0,0.0
2114562194,a86ccaef13b7ca889ab8b7076629a748,1.0,159527595,1840587330,1054122065,2018-07-09,delivered,59.9,24.58,84.48,credit_card,7.0,4.0,-12.0,0.0
1118390246,2dd5f6a66c1d82ee0b8c864ddf9833f2,1.0,920709971,382228588,2997337676,2018-08-02,delivered,527.9,21.8,549.7,boleto,1.0,32.0,7.0,1.0
2672845411,18e31cb8bc58dab57503adbfcf9426df,1.0,2079305593,2066418487,2567891009,2018-07-14,delivered,32.9,22.16,55.06,credit_card,1.0,6.0,-20.0,0.0
1138967539,1723f84b8a70b486955d59dad4bed0f2,1.0,988790168,529495488,3485175421,2018-08-12,delivered,79.9,26.86,106.76,credit_card,1.0,10.0,-4.0,0.0
3142346738,7a28faee4e4959f358d2fdbe66e22107,1.0,2979387949,1825796659,275494328,2018-08-14,delivered,244.99,10.47,255.46,credit_card,10.0,2.0,0.0,0.0
4043137492,e22dd2bae96c7c1909225e77fc1a2a31,1.0,59561463,1880950498,2023461531,2018-08-17,delivered,24.99,7.44,32.43,credit_card,1.0,3.0,-4.0,0.0
1701002758,70ca1c80e14fa0391a567797dc294938,1.0,3762588712,2457340840,1343178736,2018-07-01,delivered,220.0,25.95,245.95,credit_card,3.0,12.0,-11.0,0.0
2077387974,583bf04daf3f2e41c6e2522cc467867c,1.0,4205593930,2760557938,2304947736,2018-07-24,delivered,49.0,15.44,64.44,boleto,1.0,6.0,-22.0,0.0
2563998493,052fd91f936f4938c1085ce62862142a,1.0,1959404779,78738569,3267334493,2018-08-01,delivered,44.99,12.98,57.97,credit_card,1.0,6.0,-1.0,0.0
1665080487,b89c3bccb55bf39d693030905c3a2326,1.0,2237467033,2395151785,1755005248,2018-08-07,delivered,119.0,13.66,132.66,credit_card,1.0,7.0,2.0,1.0
66402248,97402aa8a8f224eca96029fe80d2286f,1.0,441904068,200362913,3051201525,2018-08-14,delivered,109.0,21.4,130.4,credit_card,1.0,6.0,-7.0,0.0
713730876,53dcadf469da8b7dc9c2866321927607,1.0,126971427,3621970897,918571473,2018-07-05,delivered,128.9,13.56,142.46,credit_card,4.0,19.0,-13.0,0.0
547125601,da457b4ddaf967a69db8285ff1c2dfc7,1.0,1429564900,2136498370,1361108180,2018-07-20,delivered,179.99,19.36,199.35,boleto,1.0,7.0,-11.0,0.0
2777296862,756d62fd1519d390705464ab14c102a8,1.0,1029674689,1296604584,1572139895,2018-07-01,delivered,26.9,7.45,0.0,unknown,0.0,10.0,-14.0,0.0
3381156639,10251ca016384afb8d4954da5fb3b419,1.0,3070121106,127393123,839101989,2018-07-27,delivered,289.9,71.99,361.89,credit_card,1.0,10.0,-25.0,0.0
2855862380,2e1205ef23c9d6445449283ddfe660ad,1.0,407590969,3446590019,962355774,2018-08-14,delivered,149.9,19.15,0.0,unknown,0.0,7.0,-24.0,0.0
3851700023,6cbc2c3a5ded4eb0fed3a011b02c6eeb,1.0,1224094134,3975056712,2304947736,2018-08-27,delivered,48.0,7.6,55.6,boleto,1.0,3.0,0.0,0.0
2904755335,8a27647dc5f71b1eda4620983e89334c,1.0,370792746,3495447315,368619248,2018-08-16,delivered,112.0,18.88,130.88,credit_card,2.0,12.0,-7.0,0.0
1177961947,3742355faff03505219c427b01919e0b,1.0,2145772641,2308859706,2886549658,2018-08-09,delivered,22.0,18.25,40.25,credit_card,1.0,11.0,-8.0,0.0
2621206147,401de49ffa73d6f2b442357b6c84beab,1.0,1219032587,1972713016,1925879045,2018-07-02,delivered,56.9,22.33,79.23,credit_card,1.0,6.0,-23.0,0.0
813022639,c6f11a51ee3384a11e50cc55dc685c24,1.0,2561483127,2372933516,4086780073,2018-08-15,delivered,109.0,24.84,133.84,credit_card,6.0,5.0,-7.0,0.0
2041074519,0260196efc012b1f83d543ba8220d0ee,1.0,1030179204,264231931,1612681572,2018-07-21,delivered,105.0,18.54,123.54,credit_card,2.0,5.0,-11.0,0.0
3693589444,0e947809a364825d9cd3af9fe3197074,1.0,1002771337,78334169,1977502940,2018-07-30,delivered,104.9,19.64,124.54,credit_card,3.0,7.0,-10.0,0.0
3106694740,8cb4c3b93d004ba346c01cbbc9cf5c73,1.0,1683873968,1235106828,3334623151,2018-07-18,delivered,155.32,43.37,198.69,credit_card,4.0,9.0,-13.0,0.0
182192798,b13732c40c7e74c2d89c595fdfae8fa6,1.0,1814046304,3481031979,2544650215,2018-07-13,delivered,294.9,17.16,312.06,credit_card,2.0,14.0,-11.0,0.0
3626931934,c952071f38138a067c714cf653f34aa6,1.0,3793982895,4230830141,788869188,2018-07-22,delivered,105.0,23.5,0.0,unknown,0.0,3.0,-14.0,0.0
1864609887,9b87b416a8eafa9023a1ade52ae320a2,1.0,514143744,126677410,4120033478,2018-08-01,delivered,229.9,9.95,239.85,credit_card,2.0,1.0,-5.0,0.0
3462024878,dc5f666aaafdc436026ce648640c2145,1.0,2889243258,2188821073,552780722,2018-07-09,delivered,90.0,15.73,105.73,credit_card,1.0,4.0,-13.0,0.0
367588835,24090634aff3af5ea0cbdbffc4a3e143,1.0,1380193204,1597119647,1579174796,2018-07-01,delivered,53.0,13.95,66.95,credit_card,6.0,6.0,-13.0,0.0
1768792586,24090634aff3af5ea0cbdbffc4a3e143,2.0,1380193204,2619564902,1579174796,2018-07-01,delivered,53.0,13.95,66.95,credit_card,6.0,6.0,-13.0,0.0
3736508748,98c5e6736c22f74ce441cfa7b457016d,1.0,2532917632,4178655939,3407345359,2018-07-17,delivered,17.99,12.79,30.78,credit_card,1.0,10.0,-5.0,0.0
517571000,0d28f995a2a25ad8106b1fe23e23297b,1.0,1526034133,2609951366,4109428959,2018-08-14,delivered,11.87,7.39,19.26,credit_card,1.0,14.0,0.0,0.0
666373394,10f809105e097213525169c1cba5c5cd,1.0,2152149062,2125141819,2047495738,2018-08-09,delivered,20.9,7.57,28.47,credit_card,1.0,4.0,-2.0,0.0
1579048992,cc9bbac0ab49464c551e527df59db18c,1.0,1417419879,3616676583,3267771422,2018-08-01,delivered,24.9,18.27,43.17,credit_card,3.0,6.0,-8.0,0.0
3653487182,0b0adccd993fe865dc205586fc9fd045,1.0,2133665313,592096461,2304947736,2018-07-23,delivered,78.0,15.65,93.65,credit_card,4.0,7.0,-20.0,0.0
82372101,7d3636e9d015024df69d61abc7bab409,1.0,2062621539,1403669628,1410726319,2018-07-28,delivered,59.9,18.52,78.42,boleto,1.0,6.0,-13.0,0.0
3229857479,a97fd57e9692389b794fd4c3a328f68f,1.0,282112215,3903848365,3035982500,2018-08-23,delivered,97.99,20.99,118.98,credit_card,10.0,5.0,-30.0,0.0
1407971622,4cd679aec789b6915d7dc7e648d2489e,1.0,1424876294,635921540,292598503,2018-07-19,delivered,29.97,15.31,45.28,credit_card,1.0,6.0,-22.0,0.0
344428717,bd2c2c3a4d59e68fb14a526745572883,1.0,3062798621,884465011,3851041961,2018-08-27,delivered,95.9,7.93,103.83,credit_card,3.0,3.0,0.0,0.0
208335647,ca37c8860a109a0908b33aa5e1d2f2bc,1.0,1027221937,1661160371,1640236840,2018-07-22,delivered,165.0,10.29,175.29,credit_card,1.0,1.0,-7.0,0.0
518424033,07f770114a6de1a65f865bf22d8bb20a,1.0,2359885235,3757759163,4156473050,2018-08-06,delivered,62.9,14.02,76.92,credit_card,7.0,3.0,-7.0,0.0
1731780711,17220c71a949903772f1ed32292ee69f,1.0,4283608505,1072002475,422090325,2018-07-17,delivered,17.0,18.23,35.23,credit_card,1.0,10.0,-10.0,0.0
1965014244,c0064eb733991511a78ddc2fdba0effe,1.0,331637258,370086744,3196336592,2018-07-03,delivered,49.9,9.1,59.0,credit_card,2.0,4.0,-10.0,0.0
2905661486,62977d4590bfc4beeeada22ce07ae17b,1.0,2552546498,1116077756,1868809992,2018-08-19,delivered,70.0,17.59,84.40116959064328,credit_card,5.0,7.0,-32.0,0.0
1860433183,62977d4590bfc4beeeada22ce07ae17b,2.0,2552546498,2160789852,528827331,2018-08-19,delivered,101.0,17.59,121.77883040935671,credit_card,5.0,7.0,-32.0,0.0
595933644,187014511c3530fd1ee56733d975f14a,1.0,2882902513,1221457373,935749508,2018-07-02,delivered,56.99,13.98,0.0,unknown,0.0,8.0,-14.0,0.0
2023020628,9a3682ac52b77c26f1d7a700b59ed9f7,1.0,596037829,703300369,1919968767,2018-07-17,delivered,110.32,15.87,126.19,credit_card,4.0,9.0,-22.0,0.0
2686189218,9a3682ac52b77c26f1d7a700b59ed9f7,2.0,596037829,703300369,1919968767,2018-07-17,delivered,110.32,15.87,126.19,credit_card,4.0,9.0,-22.0,0.0
2403205021,a586b91c2af481ac6c9b08dc1176c65c,1.0,889590427,3384882695,1276368770,2018-08-06,delivered,232.75,24.43,257.18,credit_card,6.0,8.0,-30.0,0.0
471439958,e0eec33f570971dd8325e85fddb084d8,1.0,2911968676,759906969,2201845614,2018-07-01,delivered,14.35,14.58,28.93,credit_card,1.0,4.0,-21.0,0.0
3896221276,665d84d48d4c7c497117465e6f02f92f,1.0,1002828164,4073386528,2082347993,2018-07-10,delivered,159.98,26.1,186.08,credit_card,10.0,34.0,10.0,1.0
2668569154,665d84d48d4c7c497117465e6f02f92f,2.0,1002828164,4073386528,2082347993,2018-07-10,delivered,159.98,26.1,186.08,credit_card,10.0,34.0,10.0,1.0
2065780446,29455cc4cdaac794ccacd95639a157d8,1.0,2127705605,3959743047,687121961,2018-08-21,delivered,84.99,16.79,101.78,credit_card,2.0,6.0,-10.0,0.0
3493701590,da57afb5411cc92dfeca3968e90860f7,1.0,3018955529,1653187576,3835866364,2018-07-15,delivered,169.0,32.23,201.23,credit_card,2.0,15.0,-16.0,0.0
1888098484,87d28de656e647d923b2d821a32c79c4,1.0,1758282608,3698541701,2348587334,2018-08-04,delivered,85.8,16.79,59.03,voucher,1.0,10.0,-6.0,0.0
4201449006,54282e97f61c23b78330c15b154c867d,1.0,89931878,4062188897,3386738830,2018-09-03,shipped,145.0,21.46,166.46,voucher,1.0,,,
1255021039,372e38c46b10798d4ecd75d4dee7c5bb,1.0,2933418081,1366005421,1803873909,2018-08-22,delivered,37.99,19.46,57.45,boleto,1.0,6.0,-20.0,0.0
1093977207,d14cc71ad2d00bf56df0686d956d6ac1,1.0,175683657,1934518943,96764808,2018-08-03,delivered,14.9,15.23,30.13,boleto,1.0,7.0,-12.0,0.0
3957542022,317fa0bbb4e4778148c67db78acaff49,1.0,2694216251,3381232156,3526770996,2018-07-19,shipped,27.9,19.39,47.29,credit_card,4.0,,,
2052817075,25be27a5bc17c6ccd29b5839526651a2,1.0,4287343087,1780208457,2507420777,2018-08-16,delivered,429.9,63.09,492.99,voucher,1.0,4.0,-10.0,0.0
2796843466,bc45b02374684d220defbbb4648a809e,1.0,2523302533,1567030015,2812297156,2018-07-26,delivered,330.0,14.97,344.97,credit_card,6.0,5.0,-9.0,0.0
2109968263,9cd721f408e8bf94b981ebe34f7007c4,1.0,3310949601,2353784209,2612393066,2018-07-26,delivered,69.9,23.29,93.19,credit_card,9.0,6.0,-16.0,0.0
3525312381,9d9fcb45ee8881b84ca11e65a913941a,1.0,3930598218,229969540,2014339942,2018-07-10,delivered,45.0,26.62,71.62,boleto,1.0,6.0,-14.0,0.0
4055342895,2717515e891cf11d6bd51b0bfa03bacf,1.0,720585069,90732283,1059084950,2018-08-20,delivered,120.0,27.14,147.14,credit_card,2.0,4.0,-20.0,0.0
3090298805,3becf59664a588ac335a36f2a08e2d2b,1.0,43302526,990956389,2804246847,2018-08-03,delivered,44.9,38.58,83.48,credit_card,2.0,5.0,-12.0,0.0
174937169,3ae9e8770c3e0d0f1248cee90d8f43b2,1.0,2649345369,3873814059,2263326692,2018-07-02,delivered,109.9,19.96,129.86,credit_card,6.0,8.0,-15.0,0.0
358406496,8051026f0cea5b93df6bf42cdf1aaa74,1.0,2260914170,2549790988,1573897183,2018-07-30,delivered,105.19,13.4,118.59,boleto,1.0,14.0,4.0,1.0
3302382384,93b809efac80a94ce0da59f225038517,1.0,422316571,3545611960,2304947736,2018-07-25,delivered,55.0,13.05,68.05,credit_card,3.0,7.0,-7.0,0.0
2109429058,1612ae3dcb046a0628552c76e5462632,1.0,2178903539,151692970,4151559108,2018-08-14,delivered,639.0,17.81,656.81,credit_card,8.0,8.0,-6.0,0.0
3113449262,4d72fbd8a8a12d4012b8578725c97a06,1.0,1067257298,3837135639,926823165,2018-07-01,delivered,13.65,7.39,21.04,credit_card,1.0,2.0,-13.0,0.0
431722827,c3a001021826ddfe86b5a2d7ef464308,1.0,510380444,2186748197,2681412629,2018-07-17,delivered,23.99,15.27,39.26,boleto,1.0,13.0,-4.0,0.0
4151430479,783333de65d2f6a4397cca176367ac90,1.0,118180998,3904707415,3478032676,2018-07-19,delivered,120.0,10.15,130.15,credit_card,1.0,4.0,-7.0,0.0
4120436369,62ea5251fe435ac8a677196623782c04,1.0,4215725849,2128215339,2340679812,2018-07-09,delivered,51.89,15.46,67.35,credit_card,4.0,18.0,-3.0,0.0
57074551,9f81e8f6c74d99562869844aafbfe0d5,1.0,1628190765,3138985478,3554345266,2018-08-02,delivered,169.9,51.91,221.81,debit_card,1.0,17.0,-9.0,0.0
3234774678,991dc90330a54fbf3461dec5bf8226ec,1.0,3418551836,1519717858,3374723997,2018-08-06,canceled,113.1,18.89,131.99,credit_card,3.0,,,
2203412972,72ebb0547658a1d829e79aca8367d606,1.0,1138547444,880070998,2622583364,2018-08-02,delivered,115.9,3.48,133.97925483738166,credit_card,1.0,6.0,-7.0,0.0
2200436036,72ebb0547658a1d829e79aca8367d606,2.0,1138547444,3732414669,2622583364,2018-08-02,delivered,127.0,34.41,146.81074516261836,credit_card,1.0,6.0,-7.0,0.0
4143308022,8ad3ff8de0c9473f99616e4dd7bfe7fb,1.0,2345893181,3561404005,2304947736,2018-08-10,delivered,55.0,7.65,62.65,credit_card,6.0,3.0,-2.0,0.0
2181111359,893f29ed01af82b34853c1deffe0117f,1.0,619863930,1542620785,897947394,2018-08-16,delivered,364.0,16.85,380.85,credit_card,5.0,5.0,-21.0,0.0
833841987,95d48dfe4e0e1340d723337fb3a8ca68,1.0,1201867383,2720562509,2127264097,2018-08-16,delivered,59.0,17.54,76.54,credit_card,1.0,5.0,-5.0,0.0
4223639193,45e23c55f1e319a0808c5924598cad9c,1.0,3988937754,908964542,3728838497,2018-08-07,delivered,167.0,38.08,205.08,credit_card,8.0,9.0,-11.0,0.0
1282183717,7b435354ca15646a010388cc18dd2c20,1.0,135631031,1553278145,584548037,2018-07-24,delivered,849.0,40.79,889.79,credit_card,8.0,7.0,-10.0,0.0
323716336,34eb956c071a90d711a9042a0fd9f2f1,1.0,3746633283,1606021006,596468350,2018-08-17,delivered,69.0,14.79,83.79,boleto,1.0,6.0,-6.0,0.0
3375385900,a2537ce2ae2da31262ec49c1b83cfc78,1.0,2267549181,2874302991,1227159798,2018-07-24,delivered,19.9,15.24,35.14,boleto,1.0,2.0,-20.0,0.0
504332480,086c6d64a23359add6c0488fbca20ccb,1.0,872564968,2656249296,3876031066,2018-07-07,delivered,115.0,37.72,152.72,credit_card,3.0,6.0,-33.0,0.0
3621579032,3b5ce64f9f05683358404919c5872b8f,1.0,3684945843,338539107,4071751220,2018-08-04,delivered,49.49,11.37,60.86,credit_card,6.0,3.0,-1.0,0.0
2410127452,8f45eebf4554e796f1e35f7c2fc16190,1.0,3749318936,2524535724,1919968767,2018-08-12,delivered,110.32,15.87,126.19,credit_card,3.0,11.0,-8.0,0.0
2476301744,b24f022765a67a60735c54402342c9e4,1.0,3737794202,1139372368,1778061601,2018-08-07,invoiced,169.89,12.92,182.81,credit_card,3.0,,,
237490955,162b2345ef3cc0551c0a32058840a2ec,1.0,3591944650,4199042762,3945229046,2018-07-21,canceled,99.9,39.98,139.88,credit_card,6.0,,,
1087987664,88ab6b0ede7f19c65b5b71771b88254f,1.0,4191656296,1002559652,1868809992,2018-08-13,delivered,150.0,65.5,215.5,credit_card,3.0,16.0,-36.0,0.0
1620049688,618ab5fa2138dcabd9046d13f1294fb9,1.0,389613965,2780370314,3009763027,2018-07-23,canceled,34.9,7.5,42.4,boleto,1.0,,,
2189667003,618ab5fa2138dcabd9046d13f1294fb9,2.0,389613965,2780370314,3009763027,2018-07-23,canceled,34.9,7.5,42.4,boleto,1.0,,,
1265869589,a9c74f167b0d8af61d6487fc21934f7e,1.0,3350155812,641065791,728604636,2018-07-10,delivered,159.9,86.33,246.23,boleto,1.0,13.0,-8.0,0.0
1092847615,6c170781e28b9d780b0338e8d3cbedb7,1.0,2917781198,610777485,2880307388,2018-07-07,delivered,79.9,18.66,98.56,credit_card,2.0,18.0,-12.0,0.0
2928952090,6ee9a292ea3ec8f5ede12921f5afb2f3,1.0,2669662482,3930078468,3016182256,2018-07-28,delivered,159.9,9.28,169.18,boleto,1.0,3.0,-6.0,0.0
2774022856,3bcd900ad6c00ba28359abcf765cc05d,1.0,352992189,3510045960,96764808,2018-08-24,delivered,19.9,7.4,27.3,debit_card,1.0,5.0,-6.0,0.0
650037033,83d7b724f28ef0f880eea4d34980fce6,1.0,2373160154,2729548690,819761952,2018-08-09,delivered,13.99,7.87,21.86,credit_card,1.0,4.0,-3.0,0.0
821602047,3c3b5a515dbd753a7d18c009be59f57c,1.0,4220854196,2755810468,3251562665,2018-08-02,delivered,34.9,15.34,50.24,credit_card,5.0,5.0,-12.0,0.0
2255087255,12019ed87b97cee3add615b1f8c9e9b0,1.0,808686316,4073386528,2082347993,2018-07-24,delivered,149.98,23.76,173.74,boleto,1.0,24.0,1.0,1.0
1290121412,4a2c053de460d64372361385b38bdb24,1.0,3116953118,2973009132,2880307388,2018-07-21,delivered,79.9,21.7,97.256,credit_card,4.0,25.0,-2.0,0.0
2296584085,4a2c053de460d64372361385b38bdb24,2.0,3116953118,119097288,2880307388,2018-07-21,delivered,119.85,21.69,145.884,credit_card,4.0,25.0,-2.0,0.0
1234198964,ae8423bae5771609a19bafe9b114a60e,1.0,598227126,3728169643,1813314038,2018-07-27,delivered,39.9,13.86,53.76,boleto,1.0,7.0,-12.0,0.0
4062634137,31b60e74c21a868ce2a24131035f8636,1.0,1967283111,2500875530,2250522530,2018-07-13,delivered,99.0,22.62,121.62,credit_card,1.0,11.0,-7.0,0.0
3806839732,a1e4076fddd5b3b4516b727655e5b643,1.0,2164762717,2397286120,753329531,2018-07-16,delivered,149.9,39.32,189.22,boleto,1.0,7.0,-18.0,0.0
1401501469,5c6684343f4ff2229622ce4745a49788,1.0,1578815029,2554718633,2713847659,2018-08-08,delivered,398.9,20.89,419.79,credit_card,1.0,6.0,-3.0,0.0
4052229204,5c6684343f4ff2229622ce4745a49788,2.0,1578815029,2554718633,2713847659,2018-08-08,delivered,398.9,20.89,419.79,credit_card,1.0,6.0,-3.0,0.0
222857086,4676e642aa92a4ba1131e935a2ac6246,1.0,193203765,3123019817,2043647929,2018-07-24,delivered,92.99,18.84,111.83,credit_card,2.0,6.0,-16.0,0.0
651480999,baa821bd1dbd5c6d31c9b1c68f760b8b,1.0,3027885836,4276315761,819761952,2018-08-24,delivered,3.98,7.87,11.85,credit_card,3.0,6.0,-1.0,0.0
1388561081,baa821bd1dbd5c6d31c9b1c68f760b8b,2.0,3027885836,4276315761,819761952,2018-08-24,delivered,3.98,7.87,11.85,credit_card,3.0,6.0,-1.0,0.0
1831520916,baa821bd1dbd5c6d31c9b1c68f760b8b,3.0,3027885836,4276315761,819761952,2018-08-24,delivered,3.98,7.87,11.85,credit_card,3.0,6.0,-1.0,0.0
1534739964,baa821bd1dbd5c6d31c9b1c68f760b8b,4.0,3027885836,4276315761,819761952,2018-08-24,delivered,3.98,7.87,11.85,credit_card,3.0,6.0,-1.0,0.0
2257135632,baa821bd1dbd5c6d31c9b1c68f760b8b,5.0,3027885836,4276315761,819761952,2018-08-24,delivered,3.98,7.87,11.85,credit_card,3.0,6.0,-1.0,0.0
293278923,baa821bd1dbd5c6d31c9b1c68f760b8b,6.0,3027885836,4276315761,819761952,2018-08-24,delivered,3.98,7.87,11.85,credit_card,3.0,6.0,-1.0,0.0
765291718,8eb07b069f58b196d03364b412ae5314,1.0,2290303825,4294556385,2636346249,2018-07-15,delivered,24.99,12.84,37.83,boleto,1.0,9.0,-6.0,0.0
2620021372,db03e36d66c33038ed8d835ca8bee670,1.0,3933831712,4113005167,2487708955,2018-07-15,delivered,399.0,120.91,519.91,credit_card,3.0,8.0,-29.0,0.0
3719836308,0c89556cf6859f7e4b104f2883aa1b97,1.0,3624714147,2542587666,2526411072,2018-07-21,delivered,38.0,12.93,50.93,credit_card,1.0,5.0,-11.0,0.0
775757775,0c89556cf6859f7e4b104f2883aa1b97,2.0,3624714147,2542587666,2526411072,2018-07-21,delivered,38.0,12.93,50.93,credit_card,1.0,5.0,-11.0,0.0
2573897096,d561072d49eab548e70aab56a180616e,1.0,3622935869,50927214,3777428918,2018-07-01,delivered,27.19,12.85,40.04,boleto,1.0,9.0,-13.0,0.0
1371757490,54745af3cd64e980bb671452c9b01d15,1.0,2177996070,1729172133,3366139657,2018-08-17,delivered,79.99,13.9,93.89,credit_card,1.0,10.0,-2.0,0.0
311941636,a7e92306fa96254682b3081d01ef6ba3,1.0,80367649,2796231137,1867257412,2018-07-23,delivered,58.99,14.72,73.71,credit_card,2.0,7.0,-8.0,0.0
1858014923,53fa17c349c4b3dcbbadd8aad2eb559b,1.0,3592417755,2537554360,3302929409,2018-07-27,delivered,21.52,23.3,44.82,debit_card,1.0,13.0,-12.0,0.0
1445920640,0e0170b61d0a01970751c69f238a4dc2,1.0,4024888149,1295343067,3620228618,2018-08-07,delivered,31.7,7.48,39.18000000000001,debit_card,1.0,9.0,6.0,1.0
1866705808,0e0170b61d0a01970751c69f238a4dc2,2.0,4024888149,1295343067,3620228618,2018-08-07,delivered,31.7,7.48,39.18000000000001,debit_card,1.0,9.0,6.0,1.0
915711486,0e0170b61d0a01970751c69f238a4dc2,3.0,4024888149,1295343067,3620228618,2018-08-07,delivered,31.7,7.48,39.18000000000001,debit_card,1.0,9.0,6.0,1.0
682840413,d72c87644eeb5b1c8658e9a34ad13f50,1.0,3209962535,2572802581,229483877,2018-08-05,delivered,44.9,15.38,62.185657071339165,credit_card,6.0,2.0,-9.0,0.0
2404076756,d72c87644eeb5b1c8658e9a34ad13f50,2.0,3209962535,1486445459,229483877,2018-08-05,delivered,35.0,15.38,48.474342928660825,credit_card,6.0,2.0,-9.0,0.0
1971111202,d3f0a3be5f46559c2cdae8e04d7e313d,1.0,2324914373,1672925611,854629258,2018-07-19,shipped,72.99,17.14,90.13,credit_card,1.0,,,
3134622850,7c926685c8c9410446902c46d3929d08,1.0,2679726045,4016913937,890939886,2018-08-03,shipped,101.9,23.43,125.33,credit_card,1.0,,,
2263623277,dfdd31692e32c3a31b5fd289a244339f,1.0,3469590864,3216674726,3446539219,2018-07-02,delivered,97.5,23.48,120.98,credit_card,6.0,8.0,-24.0,0.0
514229280,5295a4f70cac6082f1f9051409e69010,1.0,1415540324,2238545428,3485175421,2018-08-02,delivered,52.9,14.68,67.58,credit_card,4.0,11.0,3.0,1.0
829064161,94fca82966c05ba707f4e7dc0c50aa3c,1.0,1552772576,2970397159,3046549764,2018-08-15,delivered,3099.0,252.35,3351.35,credit_card,10.0,5.0,-6.0,0.0
1540519639,54995426ac1196508609ac35b03b5e63,1.0,906383231,1441170874,4086780073,2018-08-15,delivered,79.0,22.37,101.37,credit_card,8.0,10.0,-19.0,0.0
3190898559,a2f3817242b0d2b7404f5104ede3abcb,1.0,2493349738,949013637,250985049,2018-07-29,delivered,119.5,51.56,171.06,debit_card,1.0,23.0,-7.0,0.0
1385564411,47ffb2ae6aa6178f452d3ca54432f0e6,1.0,598977901,3487625985,819761952,2018-08-06,delivered,25.89,22.98,48.87,credit_card,1.0,16.0,1.0,1.0
4010638261,88378ffe8de3a4e0d7ef03e71010d618,1.0,2438420913,3038694483,4109304321,2018-07-10,delivered,119.0,18.93,137.93,credit_card,8.0,10.0,-10.0,0.0
3542745965,138231385802e09f83a82cf35bc5f4aa,1.0,1946573138,2749085912,1480205621,2018-08-03,delivered,999.9,59.35,1059.25,credit_card,5.0,12.0,-14.0,0.0
3204720945,3a17d23c43834584d26a5ac8f929898d,1.0,1778127514,3203899544,1565580883,2018-08-10,delivered,95.28,28.06,123.34,boleto,1.0,11.0,-10.0,0.0
1067230283,3b7545c5b8c9ab7d5fa45651f7e2c2ea,1.0,3877184637,2886862479,3544465966,2018-08-14,delivered,22.9,18.26,41.16,credit_card,3.0,10.0,-7.0,0.0
234603922,cdcc6a10b38eb298efc7496c36329752,1.0,969861190,834352067,487055631,2018-08-07,delivered,95.0,12.4,107.4,credit_card,10.0,4.0,-2.0,0.0
2419975632,6a8becea75ddeafc9a476d5de46696a1,1.0,3609376342,767180015,1919968767,2018-08-23,delivered,110.32,8.03,118.35,credit_card,3.0,6.0,-4.0,0.0
1812440997,6a8becea75ddeafc9a476d5de46696a1,2.0,3609376342,2183802634,1919968767,2018-08-23,delivered,110.32,8.03,118.35,credit_card,3.0,6.0,-4.0,0.0
2627983137,6a8becea75ddeafc9a476d5de46696a1,3.0,3609376342,188895250,1919968767,2018-08-23,delivered,110.32,8.03,118.35,credit_card,3.0,6.0,-4.0,0.0
13047393,c50e5904b30d219f4f9b89ead3bab5ed,1.0,1977329675,147183671,3012856585,2018-07-21,delivered,149.99,81.18,231.17,credit_card,4.0,5.0,-13.0,0.0
3339198390,d578e968ce420f393efcc423ada6f0ce,1.0,2804644255,2102784858,2060950116,2018-08-01,delivered,49.0,18.44,67.44,credit_card,6.0,6.0,-6.0,0.0
1523460460,03202c9906e9d1140a8ac3e15f4492e8,1.0,3540555945,2928164159,9861004,2018-08-04,delivered,49.91,20.99,70.9,boleto,1.0,5.0,-4.0,0.0
3063153029,acb9483767af8d8e1255d83531c25fe3,1.0,1691653412,2659170238,2384848440,2018-07-14,delivered,44.9,18.41,63.31,boleto,1.0,6.0,-11.0,0.0
1274237276,3c8be270e7e602ffcde3f97cef934376,1.0,1723035273,2116048782,4055463965,2018-07-04,delivered,22.32,15.26,37.58,credit_card,8.0,23.0,-9.0,0.0
2799747149,1ff7ebbeffe12add6550ad9cd0c33ba2,1.0,1949593606,394482854,4213492600,2018-08-21,delivered,135.0,18.99,153.99,credit_card,3.0,8.0,-23.0,0.0
604623786,d6df3e183721aa30b30577e1184eaa7f,1.0,2228982303,2012172938,2304947736,2018-07-07,delivered,89.0,7.88,96.88,credit_card,6.0,3.0,-8.0,0.0
3558528624,466d522fb7208d4e9df25324ed81dd7c,1.0,3793951840,1368607576,2090364660,2018-07-18,delivered,31.99,17.15,49.14,voucher,1.0,7.0,-11.0,0.0
236492271,d4112b98adfb1a788d4c6205903eaa39,1.0,787509460,1175961663,819761952,2018-07-15,delivered,63.49,24.44,81.17728521105738,credit_card,4.0,10.0,-14.0,0.0
876402975,d4112b98adfb1a788d4c6205903eaa39,2.0,787509460,2382107468,3612076431,2018-07-15,delivered,104.0,22.22,132.97271478894262,credit_card,4.0,10.0,-14.0,0.0
320297222,909d28f22490c6e78da3962ab7fd6286,1.0,1945925259,302400981,2304947736,2018-07-20,delivered,49.0,15.44,64.44,credit_card,6.0,7.0,-21.0,0.0
430092625,78652a80b5afacab99c641f855a4b00f,1.0,1289270128,3210352327,1696683105,2018-07-31,delivered,27.95,12.86,40.81,credit_card,1.0,6.0,-7.0,0.0
2502505574,30a18df212b45e1322b6d81521786ec4,1.0,1556599088,2433173211,181377286,2018-07-25,delivered,158.0,13.77,171.76999999999998,credit_card,10.0,4.0,-10.0,0.0
2006650471,30a18df212b45e1322b6d81521786ec4,2.0,1556599088,2433173211,181377286,2018-07-25,delivered,158.0,13.77,171.76999999999998,credit_card,10.0,4.0,-10.0,0.0
2957304007,30a18df212b45e1322b6d81521786ec4,3.0,1556599088,2433173211,181377286,2018-07-25,delivered,158.0,13.77,171.76999999999998,credit_card,10.0,4.0,-10.0,0.0
2974361363,724074e91e873f7bba4b3548c59e5f92,1.0,1239962339,582468592,2131055484,2018-08-23,delivered,13.5,7.39,20.89,credit_card,1.0,4.0,-4.0,0.0
1129037383,0c0aeabd6ae9d7a303af615334a220d0,1.0,3743131024,1906003637,1138781032,2018-08-20,delivered,74.98,23.26,96.93268539495544,credit_card,3.0,7.0,-15.0,0.0
2350797469,0c0aeabd6ae9d7a303af615334a220d0,2.0,3743131024,3325830056,1077319521,2018-08-20,delivered,39.9,7.75,51.581943815133656,credit_card,3.0,7.0,-15.0,0.0
3670249797,0c0aeabd6ae9d7a303af615334a220d0,3.0,3743131024,1906003637,1138781032,2018-08-20,delivered,74.98,23.26,96.93268539495544,credit_card,3.0,7.0,-15.0,0.0
418652474,0c0aeabd6ae9d7a303af615334a220d0,4.0,3743131024,1906003637,1138781032,2018-08-20,delivered,74.98,23.26,96.93268539495544,credit_card,3.0,7.0,-15.0,0.0
3866823451,98dd966a1e38eb56010bc5d422f3d3ce,1.0,594378324,3607217548,519564207,2018-08-13,delivered,134.99,22.99,157.98,credit_card,2.0,8.0,-23.0,0.0
1737264986,00ab3a43bda739029ffce95d3b2fb56c,1.0,1814745610,3655495200,4156473050,2018-08-10,delivered,27.9,7.46,35.36,boleto,1.0,4.0,-1.0,0.0
2255857873,a53b8f28c69f039a8d9ce5c30b7367a2,1.0,4035736197,4234796284,3995891762,2018-07-24,delivered,113.89,27.75,141.64,credit_card,6.0,7.0,-17.0,0.0
2968377500,88ca9d74d64fdf43a049ee310edcb108,1.0,3881865514,33593370,3858754978,2018-07-15,shipped,59.99,35.65,95.64,credit_card,3.0,,,
416229311,627dd35dbc686a525aa1224e523d82f8,1.0,1083755016,3314370692,1379301944,2018-08-01,delivered,111.57,58.86,170.43,credit_card,10.0,8.0,-15.0,0.0
2342975830,a2d65cbc20a4d7cbdbda0bc41b1e228c,1.0,3075534668,3294414530,9861004,2018-08-08,delivered,49.9,21.76,62.87877077168223,credit_card,8.0,5.0,-15.0,0.0
1717364445,a2d65cbc20a4d7cbdbda0bc41b1e228c,2.0,3075534668,3294414530,9861004,2018-08-08,delivered,49.9,21.76,62.87877077168223,credit_card,8.0,5.0,-15.0,0.0
3182323349,a2d65cbc20a4d7cbdbda0bc41b1e228c,3.0,3075534668,4038325937,2880307388,2018-08-08,delivered,119.85,13.6,151.02245845663555,credit_card,8.0,5.0,-15.0,0.0
2349718221,028aa70283170bf3cbfdce2c1b751cfa,1.0,282661193,3588157988,1360122595,2018-08-22,delivered,64.5,19.64,84.14,credit_card,1.0,5.0,-15.0,0.0
1351080647,07e74b39ce62a7c6f7063b3168748191,1.0,4245988023,3000171704,2373578609,2018-08-01,delivered,56.9,11.42,68.32,voucher,1.0,5.0,0.0,0.0
1134659129,07e74b39ce62a7c6f7063b3168748191,2.0,4245988023,3000171704,2373578609,2018-08-01,delivered,56.9,11.42,68.32,voucher,1.0,5.0,0.0,0.0
1095832604,89e9e2248c46410c319d535f06a23346,1.0,2685725604,1281223594,2890074202,2018-07-22,delivered,23.0,18.26,41.26,credit_card,1.0,4.0,-20.0,0.0
573384531,871bea8f483dd0a0884a96d0e8dc1ace,1.0,3473865515,944970780,753329531,2018-07-29,delivered,189.9,53.68,243.58,credit_card,10.0,9.0,-10.0,0.0
2768708176,9e10abcef882f49dc69054c4b9f001b7,1.0,610419402,671089952,655950489,2018-08-03,delivered,154.9,15.39,0.0,unknown,0.0,10.0,4.0,1.0
1572670261,1230f41d95a6fc74a51d388e8b1e8810,1.0,4231320847,3298707993,3883719590,2018-08-04,delivered,170.0,40.4,210.4,credit_card,1.0,9.0,-10.0,0.0
3605152526,b56ba47b7760027308968ab3f294b402,1.0,2713839852,2943935365,91315182,2018-07-12,delivered,135.0,23.75,158.75,credit_card,3.0,19.0,-2.0,0.0
2224410191,bff5893b9060256be8fd7d7d01b556e3,1.0,961593472,1544122939,2047495738,2018-08-08,delivered,19.9,18.24,38.14,credit_card,1.0,6.0,-7.0,0.0
520669600,69d3ec6fc241c9d0bbf66377805976e7,1.0,1630058943,4169988061,819761952,2018-08-23,delivered,131.9,19.02,150.92,boleto,1.0,5.0,-14.0,0.0
2176359438,0e630c27c4c2e4919aa18c4861c86aaf,1.0,3401345287,33593370,3858754978,2018-08-16,delivered,59.99,24.03,84.02,credit_card,1.0,13.0,-14.0,0.0
3550949987,54d48dcc8e5eb73b1f3f3f560fdaebec,1.0,3966832214,899242455,1550185782,2018-07-20,delivered,19.99,22.07,42.06,voucher,1.0,7.0,-18.0,0.0
721560295,37151727c96ceda28bc5b0eb91a25867,1.0,171003926,1717031801,2612393066,2018-08-04,delivered,40.0,16.47,56.47,credit_card,1.0,5.0,-3.0,0.0
1094055739,2c757e77a76180de84c39b8afdcdcb72,1.0,1609923162,735201692,2814238318,2018-08-14,delivered,49.9,23.07,72.97,credit_card,1.0,9.0,-36.0,0.0
3124868778,192280704cc4c1f82086c55f0622f09b,1.0,3028669227,408890766,3466443720,2018-07-18,delivered,62.7,19.63,0.0,unknown,0.0,12.0,-16.0,0.0
4126305462,2fe2852de76ec325582d6cb9953e86fa,1.0,2468224533,2859479934,866830663,2018-08-13,delivered,75.0,6.64,93.76716670188044,credit_card,5.0,1.0,-28.0,0.0
2815436003,2fe2852de76ec325582d6cb9953e86fa,2.0,2468224533,2466355469,523493826,2018-08-13,delivered,66.99,28.89,83.75283329811958,credit_card,5.0,1.0,-28.0,0.0
2563574850,b5a892962efd7d07db86cf0eee45fdff,1.0,3759871716,548607958,2304947736,2018-07-07,delivered,49.0,15.44,64.44,boleto,1.0,6.0,-12.0,0.0
727939299,a2e3d71162779bb939a9e0a461226e64,1.0,1335872632,3880915169,3196336592,2018-07-04,delivered,24.9,8.92,33.82,credit_card,1.0,7.0,-7.0,0.0
4217236893,78c68db8e7034d43fdfa205630fe7826,1.0,3655197925,1193990697,3850930468,2018-08-05,delivered,549.1,55.63,604.73,boleto,1.0,5.0,-3.0,0.0
952489882,1d59c61853660f10d805ad65211e04f5,1.0,2657929382,2783626951,1422228924,2018-07-28,delivered,74.9,18.62,93.52,boleto,1.0,10.0,-16.0,0.0
2381819720,0a3bd18b5c5d505aedd969dbba6ff069,1.0,856739974,1675803954,726665638,2018-08-11,delivered,279.9,33.75,313.65,credit_card,5.0,9.0,-1.0,0.0
976430939,36b5cc783d21a08a8a8f6cf537de2153,1.0,1854282608,2203887488,2023461531,2018-08-11,delivered,99.0,8.85,107.85,credit_card,1.0,10.0,1.0,1.0
1626513470,1a6b9a764637acbc39e1624a2211f548,1.0,967954699,793791739,4194263931,2018-08-07,delivered,65.0,13.8,78.8,boleto,1.0,16.0,2.0,1.0
1509900241,1a6b9a764637acbc39e1624a2211f548,2.0,967954699,793791739,4194263931,2018-08-07,delivered,65.0,13.8,78.8,boleto,1.0,16.0,2.0,1.0
608990672,1a6b9a764637acbc39e1624a2211f548,3.0,967954699,793791739,4194263931,2018-08-07,delivered,65.0,13.8,78.8,boleto,1.0,16.0,2.0,1.0
3925763795,1a6b9a764637acbc39e1624a2211f548,4.0,967954699,793791739,4194263931,2018-08-07,delivered,65.0,13.8,78.8,boleto,1.0,16.0,2.0,1.0
3112417434,1a6b9a764637acbc39e1624a2211f548,5.0,967954699,793791739,4194263931,2018-08-07,delivered,65.0,13.8,78.8,boleto,1.0,16.0,2.0,1.0
2744447518,1a6b9a764637acbc39e1624a2211f548,6.0,967954699,793791739,4194263931,2018-08-07,delivered,65.0,13.8,78.8,boleto,1.0,16.0,2.0,1.0
617117095,d4ed3d242ba3c0082668360172454c65,1.0,2120167,2639364902,447945570,2018-07-17,delivered,49.9,13.65,63.55,credit_card,1.0,2.0,-10.0,0.0
4000122638,4ceb6d05f749bbbb67e5606aa2d16647,1.0,2342290796,2308370278,2627125470,2018-08-23,delivered,149.99,14.26,164.25,boleto,1.0,6.0,-8.0,0.0
959699961,da46439d7d06cf02cb44d0908ecc3575,1.0,1226837273,1635192279,2304947736,2018-07-18,delivered,29.0,12.86,41.86,boleto,1.0,7.0,-7.0,0.0
764496390,a40c9f4f47639e167fa76a010ae10667,1.0,1366929121,880070998,2622583364,2018-07-01,delivered,119.9,18.94,138.84,debit_card,1.0,4.0,-38.0,0.0
996013075,3f56a22363145eb59c7fb42254d3f345,1.0,1547691302,1923618652,1696683105,2018-08-01,delivered,42.93,37.21,80.14,credit_card,2.0,12.0,-17.0,0.0
3829666142,320ed62040e9d12e3d7cf4795e2b7df3,1.0,4287977864,573405742,1994919736,2018-07-12,delivered,95.0,7.93,0.0,unknown,0.0,31.0,24.0,1.0
1172332145,a7c6365fed8c291cfac8b74f173b7a4f,1.0,1874737826,2636289332,2053848117,2018-07-24,delivered,40.99,11.31,52.3,boleto,1.0,4.0,-4.0,0.0
391646080,5c4c16f0db1537d3ef9e718f12dde7c4,1.0,2253426549,1604060111,2478533570,2018-07-20,delivered,38.6,13.61,52.21,credit_card,4.0,5.0,-14.0,0.0
584846359,867f0c4784f36732024bc696739e400d,1.0,1499711369,1776620515,2475905934,2018-07-13,delivered,99.99,23.5,123.49,credit_card,2.0,13.0,-11.0,0.0
47461034,a440318fc0b00f62bd45c052abf0837d,1.0,921369352,592096461,2304947736,2018-07-31,delivered,78.0,7.81,85.81,boleto,1.0,1.0,-1.0,0.0
4070602509,762ddaca284fa16755af5aeef88e55f6,1.0,2863491854,3664121180,3805440001,2018-07-31,delivered,599.0,66.44,665.44,boleto,1.0,10.0,-18.0,0.0
942567935,a62edb6b5312cdc742089aa7c336718c,1.0,2040855384,3569719807,3147574442,2018-07-02,delivered,149.0,88.55,237.55,boleto,1.0,11.0,-25.0,0.0
468938993,b9f65a22c4594715663d2ad060df1b6c,1.0,3047850738,2413610716,2814304116,2018-07-19,delivered,186.9,19.41,206.31,credit_card,8.0,11.0,-18.0,0.0
2592083946,8d71917758ea476a2b1014f34c1f9005,1.0,3070792158,2922990635,1728046229,2018-07-31,delivered,85.0,17.73,102.73,credit_card,1.0,5.0,-9.0,0.0
3548613174,7eb822b8c02d5ca36317ccbc83e3fe89,1.0,2985222725,3239363638,1868809992,2018-07-17,delivered,228.0,49.97,277.97,credit_card,1.0,7.0,-12.0,0.0
3300266918,15389fc860a5a2db39fd86b758b8e9ba,1.0,3448478092,1806144344,520545560,2018-07-20,delivered,24.8,18.27,43.07,credit_card,1.0,7.0,-20.0,0.0
19468150,d32f7844e64842d07dba6964b3494ada,1.0,2189527902,1842370969,642218148,2018-07-19,delivered,49.9,7.61,57.51,debit_card,1.0,6.0,-2.0,0.0
3873523330,9c78e72b5160190f45195d6ecf7875dc,1.0,1848621284,1059134959,2436133809,2018-08-08,delivered,99.9,17.83,117.73,credit_card,3.0,21.0,6.0,1.0
1435760493,0a4480a7856cae897440eb7229b25252,1.0,1981564287,3541289781,605810449,2018-07-29,delivered,105.99,13.4,119.39,credit_card,5.0,3.0,-6.0,0.0
883803326,3a1ce8f7e9dfdcc0446a9f29f1457f52,1.0,1277339315,1277571969,1763790356,2018-08-12,delivered,199.0,25.74,224.74,credit_card,1.0,8.0,-11.0,0.0
1534133796,11c6249a453b91a302ef9dc1946f737d,1.0,3634251931,1819643303,1868809992,2018-07-05,delivered,78.0,15.85,93.85,credit_card,1.0,7.0,-8.0,0.0
334117675,047ea1a58aad923c2c108eafa2c28192,1.0,2756731285,174750780,523493826,2018-07-01,delivered,122.99,63.11,186.1,boleto,1.0,10.0,-21.0,0.0
4125967101,298787a86f7ed145b210dfa7262fca2f,1.0,489571204,3549040852,3723740414,2018-08-02,canceled,27.64,7.45,35.09,credit_card,1.0,,,
1639849190,4436546aaa7d7c56c61aa5ee6785eec9,1.0,1693775359,1934518943,96764808,2018-08-23,delivered,14.9,7.39,22.29,debit_card,1.0,6.0,-1.0,0.0
3720157352,6c12fb27d4bdb7ed78460a2248e1fea8,1.0,1433691506,3439775381,357383673,2018-08-06,delivered,69.9,26.79,96.69,credit_card,1.0,10.0,-10.0,0.0
798600267,6d7335413b5b9b123f6d4f6be3aaa69e,1.0,1463333444,2592666958,438353806,2018-08-10,delivered,367.0,53.29,420.29,debit_card,1.0,11.0,-26.0,0.0
809957708,c679d7c1b3724f6bafd104526934a932,1.0,2704612156,1368867325,796664912,2018-08-06,delivered,88.83,8.78,97.61,credit_card,7.0,6.0,4.0,1.0
3303268385,be3a6032ad2e0e262351e84d3db872da,1.0,2288089039,4292901750,3972193987,2018-07-11,delivered,22.9,15.26,38.16,boleto,1.0,13.0,-2.0,0.0
2030183018,7a12712273a3da7417b25f9108162305,1.0,823216072,1277571969,1763790356,2018-08-06,delivered,170.0,25.54,195.54,boleto,1.0,7.0,-2.0,0.0
74452772,bf6a6c5b984cbfee461b78fafe9f1756,1.0,2219100353,234062698,1512163182,2018-08-06,delivered,200.0,20.59,220.59,boleto,1.0,7.0,-8.0,0.0
3815090534,4160b6447ad70e6d73f7221dd970bbe9,1.0,2190608323,570927629,1307611162,2018-08-15,delivered,2999.9,76.23,3076.13,credit_card,10.0,14.0,-1.0,0.0
2002560474,6ebdc6ce8dc5a2d9b4c6ed890718e65c,1.0,169696149,91156996,2047495738,2018-08-03,delivered,18.9,19.04,37.94,credit_card,1.0,12.0,-8.0,0.0
144458465,b8eaf5e9d1583c47190523695464e441,1.0,2696911668,3231537602,1182044957,2018-07-13,delivered,35.9,18.35,0.0,unknown,0.0,11.0,-13.0,0.0
856734918,4d2711a0db9f671c10f8ce62aeb438bb,1.0,3916688178,2598645868,3051201525,2018-08-21,delivered,59.9,19.61,79.51,credit_card,4.0,5.0,-25.0,0.0
2717984250,43b54e069a51acaaf7d8b494ad04b96d,1.0,2854236666,1776620515,2475905934,2018-07-08,delivered,99.99,23.5,0.0,unknown,0.0,14.0,-11.0,0.0
1205279392,37e543508b869d9d46e5cb9eedc85cdb,1.0,514900836,3303344344,2478533570,2018-07-18,delivered,194.0,23.29,217.29,credit_card,10.0,6.0,-20.0,0.0
2528154695,4aa1a55da45bb1b3b091aba5f4e37783,1.0,3270975628,3361113650,3734320862,2018-08-18,delivered,38.79,12.93,51.72,voucher,1.0,9.0,-8.0,0.0
1706696848,611793bc968aac5d1a9c623d1ab8aea6,1.0,2271926001,596427865,1008270582,2018-07-29,delivered,126.8,18.02,144.82,credit_card,1.0,8.0,-4.0,0.0
3295832781,455899b7472d7821875298e00590ba15,1.0,1751895285,1430944824,3115096273,2018-07-31,delivered,28.99,16.39,45.38,credit_card,1.0,9.0,-6.0,0.0
3926280865,1f46960aa3ffd141df0ca069e617b4a2,1.0,1397631424,1259716184,53223181,2018-07-20,delivered,27.9,7.46,35.36,boleto,1.0,5.0,-4.0,0.0
2477174031,a1304e530c9b94c0ad55e2229b689318,1.0,708197561,1241208376,2023461531,2018-08-09,delivered,74.99,15.63,90.62,credit_card,2.0,6.0,-8.0,0.0
879492744,b413de6592c9ddd8ab07e542285d7a85,1.0,3744680796,1118237897,753329531,2018-07-28,delivered,179.9,63.51,243.41,credit_card,2.0,10.0,-14.0,0.0
2007976890,966c914d71ae9d1b59d440bcfc72d5cc,1.0,3307699844,3269397040,1912895863,2018-08-01,delivered,326.16,17.58,343.74,credit_card,4.0,5.0,-2.0,0.0
2053912077,8cff096b874503d795af7dbb5ac758fc,1.0,825449491,1634210246,2154000458,2018-07-19,delivered,25.99,12.84,38.83,credit_card,3.0,11.0,-4.0,0.0
1581420132,65272dc3f6aee70b17f962df52f16f73,1.0,238323817,1802398487,250985049,2018-08-01,delivered,69.9,13.83,83.73,credit_card,1.0,19.0,-2.0,0.0
611781049,38793c3d7ddaedf4e05f8fe9ce42ccf6,1.0,2157844364,2993731387,3953938315,2018-08-01,delivered,198.8,52.11,250.91,credit_card,7.0,11.0,-16.0,0.0
2622339074,9579d15470e621248235c5cb9164130e,1.0,304780969,486554141,47085388,2018-08-14,delivered,45.0,15.42,60.42,credit_card,1.0,6.0,-8.0,0.0
2439640725,8fec5674a5e6c130c661baf47ca8b861,1.0,3189205999,3624100983,1195323413,2018-08-17,delivered,38.4,13.61,52.01,credit_card,2.0,6.0,-6.0,0.0
1946067374,0752235c99010e0a475e14cebb1baf81,1.0,3562094270,3412117659,1540428892,2018-08-08,delivered,229.9,38.52,268.42,credit_card,5.0,8.0,-33.0,0.0
1524949077,aafd725a98bce75b9d5c31adbe708cb7,1.0,479078160,2842873526,2775148626,2018-07-06,delivered,95.0,13.77,108.77,boleto,1.0,7.0,-10.0,0.0
3918455861,a006aaefd88b5bb6c7ddcecc74916db3,1.0,3629884960,2276342639,1813314038,2018-08-09,delivered,78.9,21.19,100.09,boleto,1.0,8.0,-11.0,0.0
3253176831,8ebe945989d8e36075f1a141e40968c7,1.0,3504838526,701073578,2892609914,2018-08-01,delivered,39.0,13.85,52.85,boleto,1.0,6.0,-2.0,0.0
2444305500,a86beac32a9e23997ac3016ccbffe061,1.0,4225944814,293960763,3761277192,2018-07-18,delivered,46.9,18.43,65.33,credit_card,3.0,11.0,-10.0,0.0
1097753781,bf6ead07100465b8b825c67e0f6dd2d0,1.0,922040479,1525722380,3357702733,2018-08-15,delivered,15.0,12.79,27.79,credit_card,2.0,2.0,-7.0,0.0
2858396286,12bd377dd79de8d6c43f67d1a0358743,1.0,2252120841,2078333241,3366215599,2018-07-30,delivered,129.9,40.1,170.0,credit_card,5.0,7.0,-17.0,0.0
1177840840,893d10bf292ce2aca52ba56c1d741764,1.0,285906077,800803415,1809103188,2018-08-13,delivered,234.5,19.74,254.24,credit_card,1.0,7.0,-10.0,0.0
2027937789,a21e142410bb5f74b574d654fd36f6b5,1.0,3682366733,2299958055,2228420128,2018-07-30,delivered,219.9,55.62,275.52,credit_card,9.0,8.0,-2.0,0.0
833074716,6f0b1a3d5ac1fca603d1eb8687fdba05,1.0,3766534014,1706594787,3525463954,2018-07-23,delivered,329.0,19.43,348.43,credit_card,6.0,9.0,-13.0,0.0
1592659734,7d0408fa5d2829c175c99499e5aeb226,1.0,1373964772,2318164116,3242763796,2018-07-31,delivered,437.0,28.69,465.69,boleto,1.0,17.0,9.0,1.0
1902417775,de3cdd1c001e44ba7eeeb0d4813c9bad,1.0,549774269,1716446680,4194263931,2018-08-09,delivered,139.0,19.99,158.99,boleto,1.0,16.0,-24.0,0.0
3058243602,d8c03aab0fec0814864f1ddfb5135698,1.0,3572616680,2570340669,2566875709,2018-07-04,delivered,265.0,108.32,373.32,voucher,2.0,9.0,-24.0,0.0
1069899620,2aee9216e013859db72c7eae0a7dadc1,1.0,1211756437,1205223205,3103215707,2018-08-10,shipped,259.99,21.01,281.0,credit_card,4.0,,,
2462803218,cf0fcb02e2f9b6dcfd6aac8d664b663a,1.0,1205263973,907898281,1994025609,2018-08-17,delivered,11.9,7.39,19.29,voucher,1.0,7.0,-6.0,0.0
1068823056,c5a2bd922645770b148755d89a577853,1.0,3522516386,146801151,1241765477,2018-08-10,delivered,199.08,16.49,215.57,boleto,1.0,20.0,6.0,1.0
805299888,c469458d116f862637d6c26ae62ff8f2,1.0,546961464,1872937554,53223181,2018-08-27,delivered,49.49,7.61,57.1,credit_card,1.0,2.0,0.0,0.0
1071224982,7c14826dc2064f880f7652f2b1da73e4,1.0,4048180998,506802475,139859989,2018-07-30,delivered,38.0,15.37,53.37,credit_card,2.0,4.0,-5.0,0.0
1992665140,c51ac8cd56af613cfb3e2c369123b13e,1.0,939604488,3922037304,1957651964,2018-07-24,delivered,18.99,22.06,41.05,credit_card,1.0,5.0,-21.0,0.0
3249373048,6417f67a71244b412018b626fcb084ee,1.0,668177166,2164394098,1360122595,2018-08-10,delivered,39.9,37.19,77.09,credit_card,1.0,17.0,-7.0,0.0
3488305722,135873f19ffdd8c0841b7e7b7c45220c,1.0,2881967196,1570888716,53223181,2018-07-19,delivered,27.9,7.46,35.36,credit_card,1.0,4.0,-4.0,0.0
2177609044,5b71dc5aa10d933a7c579eadd1da1894,1.0,3012630058,2716328885,3962030415,2018-07-20,delivered,25.0,18.28,43.28,debit_card,1.0,14.0,-12.0,0.0
974406128,9ce8bab700f7de85a07a9ee7d4e18ea3,1.0,3590853970,3789922249,4000930177,2018-08-01,delivered,189.9,28.31,218.21,credit_card,2.0,13.0,0.0,0.0
4131451011,434eed8762b5d851fc7ce3bcee924dc0,1.0,4049650270,1292242790,1585314166,2018-07-21,delivered,59.9,15.52,75.42,credit_card,1.0,11.0,-13.0,0.0
2773924911,9dcc4e7d4978e71c0c8c8562a72935fd,1.0,3077220009,2487765832,3035982500,2018-07-24,delivered,295.7,13.09,308.79,credit_card,1.0,2.0,-11.0,0.0
2095135838,b986ced186e623c3fa979ee09cb4d300,1.0,1877374293,401359391,918571473,2018-07-12,delivered,173.9,23.15,197.05,credit_card,3.0,19.0,-9.0,0.0
1764429808,845a50530bb296929ceef779acdc52aa,1.0,2979635348,3541101207,3808944653,2018-07-17,delivered,29.99,22.14,52.13,credit_card,5.0,13.0,-21.0,0.0
3488666167,9c5e59d13402e43348641c0293487f76,1.0,4227895752,1806791372,3745478713,2018-08-19,delivered,129.0,17.83,146.83,credit_card,4.0,9.0,-7.0,0.0
1139512424,79f31a7e6b20571d229c2b79cd8c6b54,1.0,3132864355,1824936567,196831707,2018-08-04,delivered,359.9,25.28,385.18,credit_card,3.0,9.0,-11.0,0.0
2884347841,25b07f3f8652eeb49c6badad653a014b,1.0,2805591249,252693253,581044507,2018-08-11,delivered,550.0,21.95,571.95,credit_card,2.0,10.0,-35.0,0.0
2123624467,75e6eea3103ed05319ebfb5947e94b02,1.0,3362429879,540641024,926823165,2018-07-05,delivered,13.65,19.04,32.69,credit_card,1.0,22.0,-5.0,0.0
2458576406,481474f010c7ba31ed88a2af403c0926,1.0,1006230991,3283715162,2023461531,2018-08-02,delivered,9.99,7.39,17.38,credit_card,1.0,4.0,-1.0,0.0
2096917782,19ee088b8cb4afa401a748f8437135d1,1.0,126284124,2756829448,3942029387,2018-08-26,delivered,75.0,23.33,81.89,voucher,1.0,3.0,-5.0,0.0
1709917313,7802207732bf2bf55f1994667489339b,1.0,49360717,197967098,67084638,2018-07-25,delivered,50.0,19.54,69.54,boleto,1.0,6.0,-13.0,0.0
929301563,2f9476263ce8bf1f37045cff473fc886,1.0,3951478447,2609951366,4109428959,2018-07-24,invoiced,14.87,12.79,27.66,credit_card,2.0,,,
85313315,aa7c4f87e8a4651e709bb23f0aee94c9,1.0,2504164735,368528814,1272614857,2018-07-31,delivered,69.9,19.68,89.58,debit_card,1.0,6.0,-17.0,0.0
2403472505,20c50b79ccf3492546de6ef891c03ebd,1.0,2864896953,3686510176,4109304321,2018-07-12,delivered,139.0,22.9,161.9,credit_card,2.0,14.0,-8.0,0.0
4294068309,90a1136478f67bd64771c2005599a559,1.0,448770560,2397286120,753329531,2018-08-03,delivered,149.9,23.77,173.67,credit_card,10.0,7.0,-11.0,0.0
2693633168,c44fc56b7b2688b65bfb501e35015eda,1.0,1922115347,3796429695,3016182256,2018-08-19,delivered,244.0,10.46,254.46,credit_card,8.0,4.0,-5.0,0.0
50355591,c7ee7ffd26d4d81d53dcd9d612631b2b,1.0,3017978879,794152909,4288352225,2018-07-28,delivered,174.99,19.03,194.02,boleto,1.0,15.0,-2.0,0.0
1006517886,2cd8dc22010a36c69e3fba6aa751182f,1.0,238432852,4142843575,3366215599,2018-08-08,delivered,64.9,51.17,0.0,unknown,0.0,15.0,-20.0,0.0
1533682417,5a3bccb60104b1251c6a39e051c428ba,1.0,939115060,3294414530,9861004,2018-08-14,delivered,49.9,41.33,91.23,credit_card,5.0,8.0,-11.0,0.0
134804858,6f9bf4ab497406e0c55eb9eb7a3dcae6,1.0,99711465,1802398487,250985049,2018-07-23,delivered,69.9,13.83,83.73,credit_card,1.0,6.0,-21.0,0.0
954481333,16f1d9edf9452dd60d94733527624571,1.0,604276694,1579793781,2746700703,2018-07-17,delivered,119.6,39.44,159.04,credit_card,3.0,15.0,-5.0,0.0
2231100414,1cecdea35f2ce72040549f9fe816b8a9,1.0,3748101758,553412510,2100815658,2018-07-05,delivered,95.2,11.69,106.89,credit_card,2.0,8.0,-4.0,0.0
3911019029,d30863c1591305669e7e63c7991ae1e6,1.0,1152132385,880070998,2622583364,2018-08-11,delivered,119.0,18.93,137.93,credit_card,6.0,9.0,-13.0,0.0
3945889186,9d302458a5c2070516051da353068870,1.0,3827290547,1672925611,854629258,2018-08-19,delivered,74.99,10.53,106.57484237477996,credit_card,3.0,9.0,-9.0,0.0
2047016513,9d302458a5c2070516051da353068870,2.0,3827290547,3941660874,2306088839,2018-08-19,delivered,49.99,42.11,71.04515762522004,credit_card,3.0,9.0,-9.0,0.0
1725522985,9d32bf50cf0540a7040a13f0ec2364a0,1.0,430454578,2648071367,4055463965,2018-07-12,delivered,38.9,17.2,56.1,boleto,1.0,11.0,-18.0,0.0
1730666810,3a41d0e227b4c6fff055561af5eaca13,1.0,2865408274,1854062967,1019739776,2018-07-03,delivered,161.99,18.34,180.33,credit_card,2.0,1.0,-11.0,0.0
1964905799,b08e84226fa195d1d2f2edca21486c8e,1.0,1968258533,3900992226,1765806340,2018-08-05,delivered,119.9,22.66,142.56,credit_card,1.0,4.0,-8.0,0.0
2446783247,cb6ecdef708b4c17e5c71daeecc74ae6,1.0,1966150226,711748299,2533375300,2018-08-13,delivered,22.9,13.5,36.4,credit_card,1.0,4.0,-13.0,0.0
1725561456,ca27a287674894b782ade649665cdb1e,1.0,2899176365,1785441143,3374723997,2018-08-15,delivered,66.41,7.89,74.3,credit_card,3.0,2.0,-3.0,0.0
4032427664,4e9b0a2da6a5959b8df944a25604792e,1.0,1938608352,2472453309,2727015201,2018-08-18,delivered,185.0,13.96,198.96,credit_card,2.0,10.0,-9.0,0.0
914171014,9f45b5e1773ed29430665b04170dce4e,1.0,2317050816,2748000314,4220048581,2018-07-25,delivered,219.9,97.57,317.47,credit_card,4.0,12.0,-13.0,0.0
3952178461,59ffc9b2c09392188ab671e0a67bdb3e,1.0,3353962487,1641401928,3968462480,2018-07-19,delivered,149.0,22.34,171.34,debit_card,1.0,15.0,-6.0,0.0
3135773970,71f1ac6ed46b13fb8280074cf2efbc28,1.0,3642319300,401359391,918571473,2018-07-10,delivered,173.9,19.32,193.22,credit_card,4.0,16.0,-14.0,0.0
2354212601,d76fe905f4588ad69ab3b36527bb267d,1.0,2129704472,2874918943,1843051873,2018-08-18,delivered,135.98,88.46,224.44,credit_card,6.0,9.0,-13.0,0.0
2508060675,5750d60517669a97d14de871a5f11798,1.0,4123854829,2574648191,1018258220,2018-08-15,delivered,149.65,19.15,0.0,unknown,0.0,6.0,-13.0,0.0
1073997645,c7542d0d83ead101b058770578cc04c3,1.0,3855079741,2218295464,2373578609,2018-07-31,delivered,23.9,7.43,31.33,boleto,1.0,6.0,0.0,0.0
1411869259,c583b6157fc73464387efe2ff82ee1a4,1.0,1092213203,1783375796,2460993772,2018-08-20,delivered,35.33,18.4,53.73,credit_card,1.0,8.0,-50.0,0.0
3144250467,3ab3084e2fd91af8e021237e7bf08cac,1.0,861200132,3124936374,212815993,2018-07-18,delivered,107.99,15.86,123.85,boleto,1.0,12.0,-9.0,0.0
1442575594,5b7c23b7f4d719e14149384a48264dc5,1.0,1262030655,1641330879,2173695781,2018-07-25,delivered,99.99,44.5,144.49,credit_card,1.0,7.0,-15.0,0.0
2711123705,663d6f01237b7d9d1257bd3ce460af4b,1.0,3670833703,3020964859,2082347993,2018-07-25,delivered,139.98,23.92,163.9,boleto,1.0,29.0,1.0,1.0
847509013,4cbe925cfb272323db0ca38c5dcd6e6d,1.0,3014002775,1139448886,1579174796,2018-08-06,delivered,40.99,13.87,54.86,credit_card,1.0,8.0,1.0,1.0
932855775,234ea4333eec78d8e18bc801a916e1f4,1.0,3520096659,1920796201,2173695781,2018-07-21,delivered,99.99,88.21,188.2,credit_card,2.0,16.0,-11.0,0.0
331762618,1d71e35103fe8db2e50dfff158650e4b,1.0,2087908713,3074567367,2554243760,2018-08-06,delivered,109.7,17.7,127.4,credit_card,1.0,9.0,-20.0,0.0
1990826285,1d8c5225cf536be1cf53c5bb8d456e7a,1.0,1229575857,3561404005,2304947736,2018-07-25,delivered,55.0,18.49,73.49,credit_card,1.0,5.0,-10.0,0.0
3785037837,b7592da1b6c34d2b2404a7b6e8639376,1.0,3751121159,264231931,1612681572,2018-08-05,delivered,105.0,23.54,128.54,credit_card,4.0,8.0,-1.0,0.0
3431131997,b7592da1b6c34d2b2404a7b6e8639376,2.0,3751121159,264231931,1612681572,2018-08-05,delivered,105.0,23.54,128.54,credit_card,4.0,8.0,-1.0,0.0
3977956622,26309b9af9801e215252ef79be51f75a,1.0,2707271888,2145965440,3626123686,2018-08-22,delivered,48.0,19.53,67.53,credit_card,1.0,5.0,-8.0,0.0
25941109,196a70ab3bb16ce2023185004d20245c,1.0,495484898,1982899142,3909645171,2018-07-04,delivered,6.9,7.39,14.29,boleto,1.0,7.0,-6.0,0.0
1640428705,a8ea05fd33c920bdb1add488f8ef7f9c,1.0,3627734665,1143116433,2478533570,2018-07-16,delivered,32.99,23.38,56.37,credit_card,1.0,7.0,-27.0,0.0
920721611,e23b204f4817055fedf12a5a5c27b360,1.0,289368774,3652401173,3919369145,2018-08-08,delivered,42.99,13.88,56.87,credit_card,3.0,4.0,-29.0,0.0
1493768848,baf54302abe3b0c2c43c2b55b0212a01,1.0,1117029197,136580329,3226447137,2018-08-10,delivered,40.0,36.55,76.55,boleto,1.0,6.0,0.0,0.0
1619938203,d8e63c9990a74e7e6a7f16ad81251a3c,1.0,3908047155,2640838065,3485175421,2018-08-25,delivered,62.5,13.1,75.6,credit_card,7.0,5.0,-5.0,0.0
2163136541,3eff384842f72b3a75f3f8a4b97fdd44,1.0,726253037,2703664508,9861004,2018-08-09,delivered,49.9,41.33,91.23,voucher,1.0,7.0,-11.0,0.0
3349612400,3eff384842f72b3a75f3f8a4b97fdd44,2.0,726253037,2703664508,9861004,2018-08-09,delivered,49.9,41.33,91.23,voucher,1.0,7.0,-11.0,0.0
670620458,58ddcc041323f47709f7e0b0a461c466,1.0,3190108988,646584020,2627125470,2018-07-02,delivered,175.99,17.42,193.41,credit_card,3.0,4.0,-23.0,0.0
2921958262,6e10384d6572f58ba12c848b91299f39,1.0,3003658442,1828358127,925912501,2018-08-20,delivered,32.9,22.86,50.0124914675768,credit_card,10.0,9.0,-18.0,0.0
487308808,6e10384d6572f58ba12c848b91299f39,2.0,3003658442,1350328538,2209432364,2018-08-20,delivered,55.0,22.86,83.6075085324232,credit_card,10.0,9.0,-18.0,0.0
581866149,c2c7994c7840c3d025da33aa6285c246,1.0,3791214265,1706584318,905340240,2018-07-31,delivered,150.0,12.31,162.31,credit_card,1.0,2.0,-10.0,0.0
852772119,c5f2970caae1ee84ffc4c7eeca287fbf,1.0,1469669551,4064287180,292598503,2018-08-13,delivered,39.97,22.21,62.18,credit_card,1.0,7.0,-6.0,0.0
2908558998,475066321e4cc5faaa72747dcbda1804,1.0,2866161818,356363991,2278069784,2018-07-22,delivered,198.67,28.34,227.01,credit_card,4.0,5.0,-17.0,0.0
2307203831,71b7a44b3e9561dce3ce2841bf401b24,1.0,1483001970,3157033228,1266529499,2018-08-04,delivered,129.0,20.09,149.09,boleto,1.0,10.0,-2.0,0.0
1599790552,67f670a054ac14e6ef48f72e6c77c4e8,1.0,2939596773,592096461,2304947736,2018-07-20,delivered,78.0,7.81,85.81,boleto,1.0,4.0,-6.0,0.0
2395876875,bb49647806d3a87629936d5f1f5d34b4,1.0,3206069083,1028647557,4120033478,2018-07-27,delivered,19.9,7.56,27.46,credit_card,2.0,5.0,-8.0,0.0
1957126793,06a398a5e672222b10f098541b70da76,1.0,321559146,3466647513,2248653413,2018-08-09,delivered,65.0,27.23,92.23,credit_card,3.0,15.0,-9.0,0.0
4128436362,a7947c0869dbc1d6a6efb0c567cb0099,1.0,4050725625,611814874,1839874894,2018-07-19,delivered,359.0,49.76,408.76,credit_card,5.0,5.0,-6.0,0.0
2076867213,d3754c7e1266c698c42df6695994328d,1.0,3198307301,2757507747,883632138,2018-08-10,delivered,37.0,42.54,79.54,credit_card,2.0,7.0,-33.0,0.0
4157948981,202bcf28f7e3dfcee06ab0bfe10c750e,1.0,3223665661,2807203172,1527515903,2018-08-02,delivered,39.99,18.38,58.37,credit_card,1.0,6.0,-8.0,0.0
2990803848,3a0ef207d0d68b9409177eb5829032f6,1.0,3264856865,859237542,1379301944,2018-07-21,delivered,64.6,8.19,72.79,boleto,1.0,9.0,-3.0,0.0
605289363,6087c740ddca7b0c465bda072107a1a9,1.0,3059632911,1591955670,1937555218,2018-08-19,delivered,12.5,7.39,19.89,credit_card,1.0,3.0,-9.0,0.0
1106170324,b8ccf087dea4fc431e71277cf66ed793,1.0,1342230539,1977875212,3106288757,2018-08-15,delivered,79.9,8.72,88.62,voucher,1.0,2.0,-2.0,0.0
1793910319,b8ccf087dea4fc431e71277cf66ed793,2.0,1342230539,1977875212,3106288757,2018-08-15,delivered,79.9,8.72,88.62,voucher,1.0,2.0,-2.0,0.0
1290429419,92b675d76f091290310bf9078366b8fb,1.0,2909046970,3076081288,2629314654,2018-07-29,delivered,15.99,3.1,33.045,credit_card,1.0,10.0,-11.0,0.0
1896733556,92b675d76f091290310bf9078366b8fb,2.0,2909046970,702639118,2629314654,2018-07-29,delivered,15.99,31.01,33.045,credit_card,1.0,10.0,-11.0,0.0
1790665912,738d6dc61c6c4ddc88d8996cec5dadae,1.0,826366411,2206920564,2579115187,2018-07-28,delivered,125.99,23.68,149.67,credit_card,3.0,9.0,-10.0,0.0
892003136,738d6dc61c6c4ddc88d8996cec5dadae,2.0,826366411,2206920564,2579115187,2018-07-28,delivered,125.99,23.68,149.67,credit_card,3.0,9.0,-10.0,0.0
115814686,845faa625ef6a2b4549edd96a4bb7308,1.0,2673743802,3858020288,3526770996,2018-08-04,delivered,55.0,18.54,73.54,credit_card,6.0,10.0,-12.0,0.0
3652896058,3fe876ffec49107cfb2f6565704aebcd,1.0,3241920189,4294399807,2308685613,2018-08-19,delivered,80.9,8.73,89.63,boleto,1.0,4.0,0.0,0.0
4051793072,ada9fa782c2b09e429a3075016e025c2,1.0,2112593410,4058576918,1734769477,2018-07-27,delivered,39.9,18.38,58.28000000000001,credit_card,3.0,5.0,-13.0,0.0
901716825,ada9fa782c2b09e429a3075016e025c2,2.0,2112593410,4058576918,1734769477,2018-07-27,delivered,39.9,18.38,58.28000000000001,credit_card,3.0,5.0,-13.0,0.0
3616820706,ada9fa782c2b09e429a3075016e025c2,3.0,2112593410,4058576918,1734769477,2018-07-27,delivered,39.9,18.38,58.28000000000001,credit_card,3.0,5.0,-13.0,0.0
4089966988,27f9cf9d843287e332dcd815a0feda60,1.0,3084454026,3951581138,2880307388,2018-07-29,delivered,41.95,19.48,61.42999999999999,credit_card,5.0,24.0,0.0,0.0
2380320688,27f9cf9d843287e332dcd815a0feda60,2.0,3084454026,3951581138,2880307388,2018-07-29,delivered,41.95,19.48,61.42999999999999,credit_card,5.0,24.0,0.0,0.0
3087021089,27f9cf9d843287e332dcd815a0feda60,3.0,3084454026,3951581138,2880307388,2018-07-29,delivered,41.95,19.48,61.42999999999999,credit_card,5.0,24.0,0.0,0.0
2004164355,a87b1e2e028f2dd7b4f77afd0f1da268,1.0,2148840835,339199730,1813314038,2018-08-21,delivered,22.9,18.26,41.16,boleto,1.0,7.0,-7.0,0.0
1869843904,a87b1e2e028f2dd7b4f77afd0f1da268,2.0,2148840835,339199730,1813314038,2018-08-21,delivered,22.9,18.26,41.16,boleto,1.0,7.0,-7.0,0.0
663537283,47e8cbf8f737294d8ca46cb2c4229cfc,1.0,2356468428,1362305464,4071751220,2018-07-19,delivered,39.9,15.38,55.28,credit_card,1.0,4.0,-9.0,0.0
2437883430,04836fc7917dc0bfcfbd4456ec4156ac,1.0,1005427751,2146415846,1597860032,2018-07-21,delivered,99.99,58.78,158.77,credit_card,3.0,6.0,-24.0,0.0
3629814735,3a096f35d5eecf95ae3c9c9a50bfc700,1.0,3292786219,2036129729,261066546,2018-07-22,delivered,118.8,9.34,128.14,credit_card,5.0,4.0,-5.0,0.0
645424494,db0bd04c3beff2d041d364ce8d96b2f0,1.0,2808382306,2681232743,3523000694,2018-08-12,delivered,455.88,26.34,482.22,credit_card,10.0,11.0,-36.0,0.0
1226628697,8506571faf231af2bd4e43d1ba47dce8,1.0,2245979080,4127033778,447945570,2018-08-14,delivered,19.0,21.43,40.43,credit_card,2.0,17.0,2.0,1.0
3267825358,93665186a08d41fad2ac9580488ff17e,1.0,1545922930,2209229640,1716536501,2018-08-26,delivered,48.9,9.09,57.99,credit_card,2.0,4.0,-4.0,0.0
3660275812,351c531e51df4db1eedeaaeacb58e0b1,1.0,79428729,537217907,989903952,2018-08-06,delivered,64.99,19.65,84.64,credit_card,3.0,7.0,-2.0,0.0
3773779231,70f814478ea3019fff8677f0aca6a54b,1.0,2882734732,139646445,4132039069,2018-08-23,delivered,59.89,9.17,69.06,credit_card,1.0,4.0,-1.0,0.0
921224395,43a462022e4f6463144b36cc47783b7f,1.0,2467797901,750183195,4086780073,2018-07-31,delivered,119.0,21.47,140.47,credit_card,4.0,3.0,-16.0,0.0
3831035139,dbb785a23b8cf4ea6c911ed7b6aacc54,1.0,3184270429,656724483,4194263931,2018-07-22,delivered,100.9,38.98,139.88,credit_card,2.0,17.0,-15.0,0.0
3751260998,ab4362fccbf0de9194dc5b7c0ea13585,1.0,1361179263,3662339317,4194263931,2018-07-13,delivered,119.0,14.17,133.17,credit_card,1.0,10.0,-16.0,0.0
2681569303,020f04b3da1d597b9a00b825762299ba,1.0,461428935,1819142448,2157231089,2018-07-05,delivered,125.0,18.98,143.98,credit_card,2.0,8.0,-17.0,0.0
298107509,de024dbeed2d5b118cd0c1bebd0945e5,1.0,1055467784,3911641092,2173695781,2018-07-16,delivered,119.99,51.13,171.12,credit_card,2.0,10.0,-8.0,0.0
3146642626,d08bba6d656adbdc54eaf30b29532e89,1.0,3037914234,3407384685,3768979254,2018-07-13,delivered,76.0,22.41,82.77436363636365,credit_card,2.0,6.0,-25.0,0.0
699931294,d08bba6d656adbdc54eaf30b29532e89,2.0,3037914234,1542620785,897947394,2018-07-13,delivered,364.0,16.81,396.4456363636364,credit_card,2.0,6.0,-25.0,0.0
3454394696,d301cecfb230ab6585d1afcc0d63a417,1.0,3558651868,534315013,1734769477,2018-08-05,delivered,14.99,7.39,22.38,credit_card,1.0,1.0,-8.0,0.0
1643606880,c8a713dcca463bb2802f76c94667b413,1.0,1707967779,3372382916,112649996,2018-07-20,delivered,29.99,15.31,45.3,credit_card,1.0,7.0,-11.0,0.0
977957992,95be8cd93b77a78622e9a813b31cc0df,1.0,3454030127,71649296,212815993,2018-08-10,delivered,69.99,15.59,85.58,credit_card,1.0,11.0,-6.0,0.0
2239715019,d54f792bf7c14878fc42ba07c5512ead,1.0,1151468962,1548588200,667979233,2018-07-28,invoiced,179.9,82.93,262.83,credit_card,5.0,,,
2345440311,37f6cceb272b1ae10ed4bd8cc0d4a98a,1.0,3150008453,1529402584,3522250725,2018-08-06,delivered,45.97,19.51,65.48,credit_card,1.0,4.0,-7.0,0.0
1276601705,bc2680eb1e2605a68aef195cce2acbe9,1.0,3210551349,460823056,3371283952,2018-08-24,delivered,47.83,19.53,67.36,credit_card,6.0,4.0,-15.0,0.0
2748557493,d4b4b8d55b203dc85ccad823014fbb34,1.0,3385310926,979068530,1367109462,2018-07-24,delivered,195.0,67.9,262.9,credit_card,2.0,9.0,-26.0,0.0
2353271039,86df5fa6306829eeeab1906b3f7ad102,1.0,320111217,1785441143,1361108180,2018-07-29,delivered,64.99,22.39,87.38,boleto,1.0,8.0,-10.0,0.0
4232803098,86df5fa6306829eeeab1906b3f7ad102,2.0,320111217,1785441143,1361108180,2018-07-29,delivered,64.99,22.39,87.38,boleto,1.0,8.0,-10.0,0.0
2063685198,aa2d83efdc462b55b35559de37a04787,1.0,514123207,3726061563,3546486894,2018-07-28,delivered,14.0,8.29,22.29,credit_card,1.0,3.0,-2.0,0.0
3407050442,3058f418c175f89b5dc680bcb5634ab1,1.0,3079503145,3556791125,2810786206,2018-08-22,delivered,34.9,1.3,49.56554012345679,credit_card,4.0,5.0,-17.0,0.0
2231514165,3058f418c175f89b5dc680bcb5634ab1,2.0,3079503145,651539529,2571258329,2018-08-22,delivered,29.9,25.93,42.46445987654321,credit_card,4.0,5.0,-17.0,0.0
1141707384,a8cec343b0975de8649d3679eb20b587,1.0,1860842064,398559303,2485191462,2018-08-22,delivered,129.9,20.1,150.0,credit_card,2.0,5.0,-17.0,0.0
4079042419,b9fb62bee137cab9842bf7427c640778,1.0,1016829927,2226594822,2890074202,2018-08-12,delivered,31.0,12.88,43.88,credit_card,2.0,4.0,-7.0,0.0
3821200475,9acc2273b31b949190b1e828d326a926,1.0,3664626850,958547455,1254802852,2018-07-23,delivered,15.99,18.23,34.22,credit_card,1.0,6.0,-10.0,0.0
1471736311,1e8d091c9694d77f712f6540b7b54186,1.0,2091703487,3124087969,1027933367,2018-08-20,delivered,50.0,23.15,73.15,credit_card,2.0,8.0,-8.0,0.0
258450103,cf0fd312197c09391d0d85e878758e82,1.0,3701780530,3860496747,1579174796,2018-08-01,delivered,13.99,12.79,26.78,boleto,1.0,8.0,0.0,0.0
1345116326,cf0fd312197c09391d0d85e878758e82,2.0,3701780530,3860496747,1579174796,2018-08-01,delivered,13.99,12.79,26.78,boleto,1.0,8.0,0.0,0.0
3588519836,67407884c43b844b22aa1a20de86130a,1.0,1962943336,2138402210,2629314654,2018-07-07,delivered,15.99,15.23,31.22,credit_card,1.0,5.0,-20.0,0.0
2495170501,e1618c8576ca46d8e460cd2219eb2750,1.0,2700488497,604143162,1379301944,2018-08-24,delivered,55.0,14.7,69.7,credit_card,1.0,6.0,-6.0,0.0
2023592670,549d28441c9e96e57fd63005f18b5ca0,1.0,4042567615,3489777262,3485175421,2018-08-19,delivered,74.0,14.83,88.83,credit_card,3.0,7.0,-2.0,0.0
410216022,0a6e8d7b7db627f4863678eba2a98eef,1.0,2534101200,3300605175,3147314285,2018-07-11,delivered,390.0,49.68,439.68,credit_card,1.0,12.0,-8.0,0.0
318388606,b63d14d5b4f36c400c5a897287b48a1e,1.0,1731352580,900712167,3887855594,2018-07-27,delivered,139.0,64.77,203.77,credit_card,2.0,7.0,-26.0,0.0
955968535,40a81260704fba482a19cddbe37f3ca7,1.0,3426282304,473936173,1379301944,2018-07-18,shipped,117.6,18.92,136.52,credit_card,1.0,,,
2379797631,2421e957dc390d2f987c986a1683a757,1.0,1083997787,4055885371,817416274,2018-08-09,delivered,109.0,19.95,128.95,debit_card,1.0,8.0,-11.0,0.0
1440532794,b6e1870851fc18da0ef1cafe7b7360c1,1.0,4184162927,327867373,2775148626,2018-08-03,delivered,200.0,8.66,208.66,credit_card,10.0,5.0,-4.0,0.0
16011838,6bc824157c599390bc2e129920bda169,1.0,2688485277,914900306,2304947736,2018-07-19,delivered,59.0,15.51,74.51,credit_card,3.0,6.0,-13.0,0.0
4099401853,c9359e6f27fbe7d1397c40031341540c,1.0,2821956278,2746034656,261066546,2018-08-04,delivered,116.9,18.92,135.82,debit_card,1.0,3.0,-8.0,0.0
877247409,6f6141eab1bb4e6c11c31e631b60443a,1.0,3132772612,1984384427,1008270582,2018-07-29,delivered,126.99,9.5,136.485,debit_card,1.0,8.0,-23.0,0.0
313530045,6f6141eab1bb4e6c11c31e631b60443a,2.0,3132772612,1984384427,1008270582,2018-07-29,delivered,126.99,9.5,136.485,debit_card,1.0,8.0,-23.0,0.0
1448987728,2ed5305b914f9e070f396f7d29287aff,1.0,1587906066,1926760660,1040030263,2018-08-18,delivered,39.0,12.93,51.93,credit_card,1.0,12.0,-6.0,0.0
1921046036,2ee9f38d1a90756204f9428337b66444,1.0,166548007,2476858274,3789868639,2018-08-20,delivered,81.35,9.32,90.67,credit_card,3.0,2.0,-2.0,0.0
4114508497,27a67bd7466cbdf5af5708129e2ca7e5,1.0,2482649312,169006356,1867257412,2018-07-26,delivered,37.5,16.45,53.95,credit_card,5.0,7.0,-22.0,0.0
2272632252,67be6410d453784501c125d4f0ecb741,1.0,486538093,4188583954,584548037,2018-07-14,delivered,699.0,86.2,785.2,credit_card,4.0,6.0,-21.0,0.0
601914387,cda2c731fd39437d135fe728fadd2c52,1.0,4224881458,1630761380,256972323,2018-08-24,delivered,129.0,22.83,151.83,credit_card,3.0,6.0,-25.0,0.0
3622511962,31f8013402a0749b3ab433b1aee11754,1.0,1377247179,2752612908,1993625437,2018-08-14,delivered,26.9,15.29,42.19,boleto,1.0,6.0,-6.0,0.0
2708435037,c516d2f709c6364f4972d91c96569568,1.0,2200089422,125736554,3025054395,2018-07-25,delivered,48.99,19.53,68.52,boleto,1.0,13.0,-9.0,0.0
562513360,903886b8e51bd659e2826a72c3eb5c5d,1.0,3863161402,1441792044,3728141027,2018-07-30,delivered,129.01,19.0,148.01,credit_card,3.0,7.0,-17.0,0.0
63173714,726a67ad063495177a87c3958017c32e,1.0,2784538025,1415839245,91113541,2018-08-21,delivered,49.9,16.54,66.44,credit_card,1.0,6.0,-9.0,0.0
1764185895,7451bae6c17cbaa82fa2bb466c97cb45,1.0,3268075060,2895788609,1813314038,2018-07-04,delivered,52.9,23.52,76.42,credit_card,3.0,7.0,-23.0,0.0
3566306989,9c41b4f492e766fc38f8df3e60c4e144,1.0,4088043829,1981409340,328755463,2018-07-09,delivered,119.9,22.77,142.67,credit_card,2.0,14.0,-7.0,0.0
388203887,9d138733c51598bbcd3ea81678facf91,1.0,1202246858,1125615149,596468350,2018-08-07,delivered,69.0,14.79,83.79,boleto,1.0,5.0,-9.0,0.0
3805706783,3ec6546881c0f5dbc6fc2054c706c3ce,1.0,456974162,4127033778,730094745,2018-07-20,delivered,17.0,22.06,39.06,credit_card,1.0,14.0,-14.0,0.0
3286062182,1221112b1c9563dc03d5a32b6078a962,1.0,2291546354,3613947926,96764808,2018-08-09,delivered,169.9,19.36,189.26,credit_card,1.0,4.0,-3.0,0.0
2112810590,d0083f5db0e3fade5d9a7dc768e8df46,1.0,2214128304,1960479650,2304947736,2018-07-13,delivered,69.0,18.58,87.58,voucher,1.0,12.0,-11.0,0.0
3662745079,88bba3891566a6e0b16cee8135792e1b,1.0,1036102639,7012341,2526522891,2018-07-07,shipped,169.9,60.42,230.32,credit_card,3.0,,,
4048663069,6a7a221820715f6d872f967311d9e23d,1.0,762430629,1127842366,213195857,2018-07-04,delivered,56.9,11.42,68.32,credit_card,3.0,1.0,-11.0,0.0
362936835,d9ab642e5dd85a1f2bb53c6c546fa575,1.0,105433274,1802206990,1925879045,2018-07-15,delivered,46.9,19.52,0.0,unknown,0.0,5.0,-18.0,0.0
611605454,bef797897a2dddfbb08f9dff9c5ef7b7,1.0,3540799995,2993346500,3234005918,2018-07-16,delivered,129.9,15.98,145.88,voucher,1.0,7.0,-10.0,0.0
2622554877,0850d4915a0e1d284feb7aeee9f88573,1.0,3482750851,4105276896,1716536501,2018-08-09,delivered,48.9,9.09,57.99,credit_card,1.0,2.0,-6.0,0.0
3036304883,0937ee5de4e9482b7503bae26f9d243f,1.0,1364621534,716366971,256972323,2018-08-23,delivered,149.0,19.14,168.14,credit_card,6.0,6.0,-21.0,0.0
2809514387,e061774175ff51ccb6cfaeba1bd08121,1.0,3703450929,797903386,1734769477,2018-07-25,delivered,44.9,19.5,64.4,credit_card,3.0,14.0,-6.0,0.0
773617318,5b55ee8a50b508709962ccc9eba0de7f,1.0,1545841213,3868204063,2304947736,2018-07-19,delivered,55.0,15.49,70.49,credit_card,2.0,5.0,-23.0,0.0
4268181579,71b91036973ff7a67b9a17a8a20d3b9c,1.0,1757401967,3569719807,3147574442,2018-08-07,delivered,149.0,44.84,193.84,credit_card,3.0,8.0,-2.0,0.0
2228272095,ac13d782734edd6b595ba54850c1431f,1.0,2924618962,45863296,2304947736,2018-07-20,delivered,21.0,15.25,36.25,boleto,1.0,10.0,-7.0,0.0
2263100873,ac13d782734edd6b595ba54850c1431f,2.0,2924618962,45863296,2304947736,2018-07-20,delivered,21.0,15.25,36.25,boleto,1.0,10.0,-7.0,0.0
358039676,ac13d782734edd6b595ba54850c1431f,3.0,2924618962,45863296,2304947736,2018-07-20,delivered,21.0,15.25,36.25,boleto,1.0,10.0,-7.0,0.0
3955890188,d3660059f5d2ec500340d1bb2131bab3,1.0,1450327475,831429833,2304947736,2018-08-03,delivered,45.0,15.42,60.42,voucher,1.0,7.0,-11.0,0.0
3754090001,233da90437ba0d4dcbe22506b45612ea,1.0,150189965,2907161537,1813314038,2018-07-29,delivered,32.9,12.89,0.0,unknown,0.0,5.0,-11.0,0.0
993347583,743277e5089af7df0cbd543c93e5d852,1.0,2685441176,4132556901,4061475205,2018-07-06,delivered,73.0,11.53,84.53,boleto,1.0,7.0,-10.0,0.0
874558584,743277e5089af7df0cbd543c93e5d852,2.0,2685441176,4132556901,4061475205,2018-07-06,delivered,73.0,11.53,84.53,boleto,1.0,7.0,-10.0,0.0
2496893521,6e9b3d5868d4efc61bfafde4d03c6ae2,1.0,1239485341,2613663430,4156473050,2018-07-19,delivered,21.9,12.81,34.71,boleto,1.0,8.0,-6.0,0.0
3143439681,5f8af87da2123c6841b3941b3b5f478e,1.0,2516921222,2354583382,2060950116,2018-08-07,delivered,100.0,43.5,143.5,credit_card,9.0,2.0,-11.0,0.0
1627433534,a3bbe9aebc3d205399f59fadf59e9d42,1.0,2875601996,2372933516,4086780073,2018-07-13,delivered,109.0,24.84,133.84,credit_card,5.0,7.0,-11.0,0.0
3411691863,9ca29d49222112b86ede739f9a9dfbeb,1.0,1642812165,3123019817,2043647929,2018-07-24,delivered,92.99,13.31,106.3,credit_card,2.0,5.0,-8.0,0.0
2012616014,7bf010be3a0b710cdefe0091b13ddc6f,1.0,2700803219,3677795901,4254278802,2018-07-18,delivered,99.0,8.85,107.85,credit_card,1.0,2.0,-6.0,0.0
3294229081,b3abe697965039908d3203cd063a2ce6,1.0,4235508487,3574529082,2023461531,2018-07-31,delivered,49.99,7.61,57.6,credit_card,1.0,1.0,-6.0,0.0
790000466,81735ad6dd715a3327f0c2faaccfd559,1.0,4085072480,1795678832,2938631263,2018-07-03,delivered,51.8,27.13,78.93,boleto,1.0,17.0,-14.0,0.0
3459059863,be7d02ed4f9ec9a43ac0f6adade17ade,1.0,3623683390,1776620515,2475905934,2018-07-03,delivered,99.99,12.43,112.42,credit_card,2.0,1.0,-16.0,0.0
341870409,481075dd01a45aee93425cfdf090a8ca,1.0,1666001075,2441904371,1410726319,2018-07-27,delivered,139.9,27.93,167.83,boleto,1.0,11.0,-15.0,0.0
1106890306,0197416059c0e56b5344bf2188066317,1.0,927912672,1890216745,988577361,2018-07-26,canceled,399.9,21.71,421.61,credit_card,6.0,,,
2953225530,6eafb3047f5d0c7cadeec9d129f0e4d0,1.0,3518721454,3301415312,2544243389,2018-08-26,delivered,199.0,12.88,211.88,credit_card,15.0,3.0,-7.0,0.0
2022683618,2d3b53a594f674cb7c476510f364c430,1.0,4033552960,1570888716,53223181,2018-07-26,delivered,27.9,18.3,46.2,boleto,1.0,18.0,-3.0,0.0
2220573037,2d3b53a594f674cb7c476510f364c430,2.0,4033552960,1570888716,53223181,2018-07-26,delivered,27.9,18.3,46.2,boleto,1.0,18.0,-3.0,0.0
2226995416,b278e32520c84b90579da72688800ff6,1.0,803459719,1597119647,1579174796,2018-08-19,delivered,53.0,13.95,66.95,boleto,1.0,9.0,-1.0,0.0
1112302101,c93fec125b9d71dea70c1fd543683ef3,1.0,361363273,1018367849,1125369443,2018-07-24,delivered,105.0,53.09,158.09,boleto,1.0,26.0,-9.0,0.0
4159331676,b5fba0269666bbf33bc320fb533d32bb,1.0,3348633161,1744834494,261066546,2018-07-26,delivered,109.9,15.87,125.77,credit_card,2.0,4.0,-10.0,0.0
3677874913,c89cc188bf7fe39307862cb3dd2d0234,1.0,993302833,3026713088,392238237,2018-08-27,delivered,274.9,26.9,301.8,credit_card,10.0,1.0,-2.0,0.0
1111195547,1af2f4aed1b8812719266b0a8f496c51,1.0,2240247392,54050933,1716536501,2018-08-20,delivered,134.9,20.13,155.03,credit_card,10.0,8.0,-21.0,0.0
1491541943,9bdab6a58999d4197bb9182919f89712,1.0,3896646477,1277571969,1763790356,2018-07-31,delivered,170.0,15.64,185.64,credit_card,3.0,7.0,-23.0,0.0
828286601,8258256a5491a4e80cbc6e6d15362318,1.0,1371366465,244234332,1555790669,2018-08-14,delivered,107.0,39.02,146.02,credit_card,1.0,8.0,-25.0,0.0
1036251065,a1453ee829c85db898c6fd3f26257869,1.0,827770437,1519322974,4163232810,2018-07-21,delivered,19.99,15.24,35.23,credit_card,3.0,12.0,-17.0,0.0
4285142079,a6739d71ac53122c06071dad1d765a49,1.0,3482540523,2672386840,730094745,2018-08-08,delivered,188.0,28.27,216.27,credit_card,4.0,12.0,-20.0,0.0
671524509,476b812a7e4fc972646eb390517bddcb,1.0,3097301176,253648892,2261194409,2018-08-18,delivered,129.9,23.71,153.61,credit_card,4.0,12.0,-13.0,0.0
2855655522,667f0b8cc6b5403505c451a200a9bd28,1.0,2149281872,3281498217,3723740414,2018-08-11,delivered,99.0,21.99,120.99,boleto,1.0,9.0,-8.0,0.0
178126999,45c6469f0136458ebcb1ae34e7a4c3b9,1.0,2734276656,3508197554,925912501,2018-07-04,delivered,39.9,16.47,56.37,debit_card,1.0,6.0,-14.0,0.0
3904440776,84aa61a900410cfe26b57337d376a1ae,1.0,2837385310,2970384288,1696683105,2018-08-16,delivered,36.93,7.52,44.45,boleto,1.0,5.0,0.0,0.0
341261886,1d95cf3b52cc2ad7084239c958274b5c,1.0,766897142,3109553489,819761952,2018-07-18,delivered,28.9,7.94,36.84,debit_card,1.0,4.0,-4.0,0.0
3032639688,d8477e03a0b0c97723a5221b2044f68e,1.0,2171707784,264538627,390945606,2018-07-15,delivered,99.99,27.47,127.46,debit_card,1.0,15.0,-1.0,0.0
2970462307,8f5244306f56f64511c6d8b6a7064716,1.0,1673703435,911714269,1919968767,2018-07-16,delivered,110.32,8.03,118.35,boleto,1.0,9.0,-1.0,0.0
2172655444,59bcef0c3287abc23a5807748b62b7ad,1.0,2654780827,2773594733,604144110,2018-07-30,delivered,179.9,22.56,202.46,credit_card,2.0,3.0,-7.0,0.0
2926462065,69adad596ce64d77dd2a23f85ce3aa98,1.0,971198642,1127059809,2580370799,2018-07-20,delivered,88.9,17.55,106.45,credit_card,3.0,10.0,-28.0,0.0
1319216419,46c719474f16c03e64e590fa4d1a2ff7,1.0,1572042080,1118237897,753329531,2018-08-15,delivered,179.9,39.53,219.43,boleto,1.0,8.0,-13.0,0.0
3838629298,8299af0d040bc54540e8c6a35046e99f,1.0,2163708031,2157927679,2821648493,2018-08-04,delivered,87.97,27.57,115.54,credit_card,11.0,10.0,-9.0,0.0
3847517676,8054d343a41978d8c122045b28eb5e00,1.0,1757062992,4058964725,2681412629,2018-07-31,delivered,44.99,19.23,64.22,credit_card,1.0,7.0,-17.0,0.0
1866939422,8fb847d8f402a68dbcfdeac4cf2375c3,1.0,331154932,263668880,2580370799,2018-08-04,delivered,239.9,19.78,259.68,credit_card,1.0,10.0,-15.0,0.0
2561104302,407fe646704ea7828e324c8ef7e7e616,1.0,1827639848,4032755597,2278069784,2018-07-23,delivered,117.33,8.63,146.26086495113825,boleto,1.0,8.0,-10.0,0.0
4102989091,407fe646704ea7828e324c8ef7e7e616,2.0,1827639848,413314847,2612393066,2018-07-23,delivered,119.9,39.72,149.4645675244309,boleto,1.0,8.0,-10.0,0.0
303585589,407fe646704ea7828e324c8ef7e7e616,3.0,1827639848,413314847,2612393066,2018-07-23,delivered,119.9,39.72,149.4645675244309,boleto,1.0,8.0,-10.0,0.0
4185440931,165fc79e50295637b743a0f33fbb3599,1.0,4217884028,2850097910,1616220342,2018-08-02,delivered,189.99,14.67,204.66,credit_card,1.0,1.0,-11.0,0.0
4285971173,b15a1712256b8250cd6f952c85e4c65a,1.0,3716345085,1672925611,854629258,2018-08-20,delivered,74.99,18.11,93.1,credit_card,1.0,10.0,3.0,1.0
73298887,b89b5e15757b5d96e7d67c969324aeca,1.0,2006966037,1566704002,2085372711,2018-08-14,delivered,55.0,8.55,0.0,unknown,0.0,1.0,-6.0,0.0
1179807898,1d911134e95ec6f299e80fe19b5b88c5,1.0,544941154,1361873676,3145789189,2018-08-05,canceled,34.9,15.34,50.24,credit_card,3.0,,,
960115134,93c45f5d04043d75b06fe63e265b920d,1.0,3145537886,428872395,2892609914,2018-07-29,delivered,39.0,13.85,52.85,credit_card,5.0,4.0,-3.0,0.0
3379764115,427d0f687214f83a79eb0b0d33d32d28,1.0,3274297374,2105439760,2900036235,2018-08-04,delivered,179.0,19.48,198.48,credit_card,6.0,8.0,-2.0,0.0
3673847396,ab348b95012031ab6a86594395ad47e1,1.0,728403818,2854667204,3267334493,2018-08-10,delivered,79.99,9.31,89.3,credit_card,6.0,7.0,2.0,1.0
3463155214,188e0ceeddc1fff39d55d96545c912c2,1.0,1162978341,203776631,960009223,2018-07-01,delivered,20.0,15.24,35.24,credit_card,3.0,4.0,-20.0,0.0
1309349405,ded456690bcb2ffd4def86541479037f,1.0,1896091750,192668671,1884653127,2018-08-24,canceled,47.9,8.5,56.4,credit_card,3.0,,,
1402707457,a138c0644d38ab9a92ab77dfdd294584,1.0,1801504801,1595473175,2339751197,2018-07-04,delivered,153.9,9.83,163.73,credit_card,2.0,2.0,-11.0,0.0
132729185,542b5e9b74a189f238b8ddb6f4805667,1.0,3011656085,1969419061,112649996,2018-07-09,delivered,48.99,22.27,71.26,credit_card,4.0,15.0,-14.0,0.0
1800236471,01237c761ffb72594a466ed514518af0,1.0,3825426292,1345766636,1503930686,2018-07-05,delivered,107.9,18.56,126.46,credit_card,2.0,5.0,-15.0,0.0
3164718587,3b8571d1b976c25db4b555a5f04b1968,1.0,226603530,2777390242,2890074202,2018-08-10,delivered,19.55,18.24,37.79,credit_card,1.0,9.0,-7.0,0.0
3573591973,c7f9c9ed8383be0c7514a7672ffdfdbe,1.0,943123161,2585787886,1527939028,2018-08-16,delivered,49.9,18.45,68.35,credit_card,6.0,7.0,-8.0,0.0
2353270969,95169e040d35061fb85e797d1c163573,1.0,1785165447,304332980,866830663,2018-08-12,delivered,72.0,19.69,91.69,credit_card,2.0,4.0,-17.0,0.0
3036749221,053228d082dcc4c3730e511ecd4c9fa0,1.0,447214315,1816939174,1550185782,2018-07-31,delivered,85.99,22.88,108.87,boleto,1.0,20.0,3.0,1.0
1211862974,38d4d6c821c0cda17600c430495f6a06,1.0,1585752628,174750780,523493826,2018-08-19,delivered,122.99,30.11,153.1,credit_card,8.0,8.0,-9.0,0.0
1198191195,1abd0dfe27b9146f0fe7ac0e4d03fcf5,1.0,1379154821,3465434298,1970317356,2018-07-02,delivered,255.0,16.89,271.89,credit_card,1.0,7.0,-18.0,0.0
1529961534,4c9671e28ccfc8dafb3a9479e8f51adf,1.0,772205529,4002870134,3957555298,2018-07-05,delivered,269.9,28.19,298.09,voucher,1.0,6.0,-18.0,0.0
1968384394,23936c5f77c03f7cbd20d185732c60d9,1.0,279714822,3985290164,250985049,2018-08-01,delivered,50.2,13.69,63.89,credit_card,4.0,20.0,-6.0,0.0
632896474,1a777b4fbc5f78c56a4d194ce7311df5,1.0,1398844739,830586459,3968462480,2018-07-09,delivered,97.0,21.98,118.98,credit_card,8.0,11.0,-5.0,0.0
2567807380,b27afd384fc03b22ea356feec6f95dbf,1.0,3021498219,3010541060,2636346249,2018-08-03,delivered,27.99,15.3,43.29,credit_card,1.0,6.0,-7.0,0.0
2896049783,9b60426b9711c8a0a8a1b1b37d3c451f,1.0,3568479315,2999605023,4178650951,2018-07-13,delivered,209.0,20.37,229.37,credit_card,8.0,11.0,-14.0,0.0
1818537086,427911f3c5b426df742d7d17cb9424bb,1.0,4086486848,791912537,2003183828,2018-07-13,delivered,1699.0,60.26,1759.26,credit_card,7.0,10.0,-22.0,0.0
2563537101,33c1911ef3652a03c6cb098b9399b1d3,1.0,61699372,1345685363,1238242724,2018-07-03,delivered,79.69,18.66,98.35,credit_card,3.0,6.0,-18.0,0.0
959844019,8c8bf66336e3c7cdc9f751fbfac37a85,1.0,3444161371,1719183347,2308685613,2018-08-21,delivered,109.9,9.52,119.42,credit_card,2.0,8.0,2.0,1.0
4207868810,1389d3b1fab26d87e40c382d11a8ac3c,1.0,2608635271,3361113650,3734320862,2018-08-14,delivered,38.79,18.37,57.16,credit_card,4.0,12.0,-10.0,0.0
713647133,06fef28288938378d269904800db589f,1.0,758154068,1641330879,2173695781,2018-08-22,delivered,99.99,44.5,144.49,debit_card,1.0,7.0,-6.0,0.0
3857152003,b3129a0debe3f118c75c249216364c82,1.0,3275885360,124476403,205851915,2018-07-18,delivered,180.0,24.06,0.0,unknown,0.0,6.0,-14.0,0.0
1157302346,a376666be364f3f82e0ca187cd014a86,1.0,2012291673,3456254014,3942029387,2018-07-14,delivered,169.99,23.99,193.98,boleto,1.0,9.0,-14.0,0.0
3907907528,8e4614fbf9caf0cbe6bb3d1ac53d4f82,1.0,1638798641,2121264014,4156473050,2018-07-09,delivered,45.9,7.58,53.48,credit_card,2.0,3.0,-5.0,0.0
1888196521,8e4614fbf9caf0cbe6bb3d1ac53d4f82,2.0,1638798641,2121264014,4156473050,2018-07-09,delivered,45.9,7.58,53.48,credit_card,2.0,3.0,-5.0,0.0
2988803145,bd40646e66e4d98108aeb536cb58799b,1.0,1812337682,3381605903,2296215108,2018-07-16,delivered,377.9,62.78,440.68,credit_card,6.0,7.0,-9.0,0.0
4176926822,3315a8038d5ead17040d6658a1377c7f,1.0,3736397657,2186748197,2681412629,2018-07-13,delivered,23.99,22.89,46.88,credit_card,1.0,17.0,-15.0,0.0
2893164966,920c5e9d5a8a142e714aed65b5e06f8f,1.0,484644030,129581338,1138781032,2018-08-04,delivered,52.98,19.56,72.54,boleto,1.0,29.0,18.0,1.0
2758079923,5a97cb85d8737c11775451e5bcf67286,1.0,2023536998,3293014863,3451456201,2018-07-30,delivered,29.9,17.14,47.04,boleto,1.0,14.0,-9.0,0.0
3155837677,671368711001bb0c49c6d8c1ec82cde3,1.0,2573385418,548876619,53223181,2018-07-29,delivered,59.49,13.08,72.57,credit_card,6.0,4.0,-7.0,0.0
1306590718,b351c5d27be59a2dd430f7e536e5d09c,1.0,2870949843,480386533,1634107465,2018-07-02,delivered,78.9,18.65,97.55,credit_card,1.0,2.0,-27.0,0.0
3447462556,8b625b4e1dacc9fe542998ddc8cefd6c,1.0,1422247954,3470517503,1615213775,2018-08-16,delivered,56.1,19.58,75.68,credit_card,4.0,13.0,-16.0,0.0
1102630568,209e0537fe66ae1176cef2bc7953aef9,1.0,1916551591,1469550581,447945570,2018-08-02,delivered,19.0,11.15,30.15,credit_card,3.0,1.0,-12.0,0.0
753347017,991b6f0cb448175a229309dd55699710,1.0,3931696447,486554141,47085388,2018-08-15,delivered,45.0,18.42,63.42,credit_card,2.0,6.0,-20.0,0.0
2385107654,109e7f07a4c739fb54edf836bb9ef576,1.0,1266219344,1118237897,753329531,2018-07-19,delivered,197.5,21.65,219.15,credit_card,2.0,11.0,-8.0,0.0
947183279,8dc8685118410f97bea9569d280d64c4,1.0,1080196655,2871741084,1117484406,2018-08-04,delivered,29.9,13.79,43.69,credit_card,2.0,6.0,-4.0,0.0
1587666943,8dc8685118410f97bea9569d280d64c4,2.0,1080196655,2871741084,1117484406,2018-08-04,delivered,29.9,13.79,43.69,credit_card,2.0,6.0,-4.0,0.0
1099595930,dc83ed7ce1de08f74d849b222fe7b6ec,1.0,4205212023,1774386758,643988096,2018-08-18,delivered,159.99,43.83,0.0,unknown,0.0,4.0,-8.0,0.0
2196844076,344be4c763894534b87cb01ee46cd64f,1.0,3710428937,2896614241,3147574442,2018-07-11,delivered,149.0,51.33,200.33,credit_card,3.0,11.0,-10.0,0.0
1391745919,38fe76b8f86dd618f6647bb4f23d57de,1.0,2108869977,556166257,3051201525,2018-08-03,delivered,99.0,15.0,114.0,credit_card,5.0,8.0,-2.0,0.0
331584599,68da13c8f4ec09d2e31633d8ea16c15e,1.0,87524464,2040040410,2115375135,2018-07-29,delivered,489.06,26.22,515.28,boleto,1.0,8.0,-15.0,0.0
1081127641,74c415339f4e4bc0b0ce2d6c6d067b2a,1.0,1763064716,374434180,1799866159,2018-07-31,delivered,139.98,57.31,197.29,credit_card,1.0,22.0,-8.0,0.0
1217998702,5f24b613363e4af7466a250aa815a170,1.0,1348652727,1546111881,392238237,2018-07-23,delivered,263.9,93.19,357.09,credit_card,10.0,21.0,-2.0,0.0
2056101467,3fcffc1b6f653b43f6ac98b51f2735ea,1.0,3744027608,1631924440,4120033478,2018-07-31,delivered,69.9,8.83,78.73,credit_card,2.0,2.0,-3.0,0.0
276874411,c0c1604ce9151fcb3b655d3bb0caf670,1.0,2560110568,2397286120,753329531,2018-07-13,delivered,149.9,15.5,165.4,boleto,1.0,18.0,-6.0,0.0
2641003572,d47221803d32f8f54b53694c19f0a368,1.0,249383545,4065616189,3741694444,2018-08-04,delivered,395.0,20.94,415.94,credit_card,2.0,16.0,5.0,1.0
3633831707,355c14cca8fef764ee4faa28db69342f,1.0,2065182120,1385703501,4071751220,2018-08-16,delivered,55.0,11.42,66.42,credit_card,6.0,4.0,-4.0,0.0
2840490777,70c5ccc21360b2f9c8f0a0decfb4e41d,1.0,1049028196,529390216,168521415,2018-08-14,delivered,44.9,22.24,67.14,credit_card,5.0,14.0,-55.0,0.0
2147356997,283882195739ec4b5092b247f052f6d6,1.0,2554758317,2025103110,1622092360,2018-08-05,delivered,17.7,7.71,0.0,unknown,0.0,1.0,-6.0,0.0
934127033,3016d3537e78284991256efc878941ec,1.0,234989552,3878743603,2436133809,2018-08-10,delivered,99.9,27.0,126.9,credit_card,1.0,20.0,2.0,1.0
140391383,59cbe1b4d431c65474bfcd53c3a3b227,1.0,374513315,1245653087,819761952,2018-07-22,delivered,43.0,8.04,51.04,credit_card,1.0,2.0,-9.0,0.0
2470009717,9c33774fba00c73b651903f988c71bb9,1.0,2329572345,4185256722,3734640654,2018-08-20,delivered,249.9,42.73,292.63,debit_card,1.0,9.0,0.0,0.0
62070043,71c1cfc3a3c729ec550ea6b07cf51eb4,1.0,3572218225,1177862612,1868809992,2018-07-24,delivered,38.4,19.46,57.86,credit_card,5.0,6.0,-16.0,0.0
589601638,e028addc83a9ed4498311c3e203e53ff,1.0,1210203575,2034853905,2982880934,2018-07-30,delivered,94.9,8.82,103.72,credit_card,6.0,1.0,-7.0,0.0
449924242,3334505458e0f039b5a43c32dfef2cef,1.0,78390281,3509348591,205659635,2018-07-09,delivered,99.9,47.75,147.64999999999998,voucher,1.0,14.0,-28.0,0.0
4152730644,d8a23906d95c53fd16569067cefb9103,1.0,1934163821,1586483712,3147574442,2018-08-21,delivered,79.0,18.99,97.99,credit_card,8.0,5.0,-25.0,0.0
3365154387,54766753b06221dcdc0b0d27db25cc10,1.0,2646530213,3421910419,1943824544,2018-08-05,delivered,79.9,23.71,103.61,boleto,1.0,9.0,-8.0,0.0
788938627,036091098bdc85e780fc3594006276b7,1.0,3951038326,4017258838,935749508,2018-07-19,delivered,630.0,64.49,694.49,boleto,1.0,8.0,-6.0,0.0
3826738524,036091098bdc85e780fc3594006276b7,2.0,3951038326,4017258838,935749508,2018-07-19,delivered,630.0,64.49,694.49,boleto,1.0,8.0,-6.0,0.0
1608773050,633911754e7d587f10d189b10572c0ae,1.0,550683502,174750780,523493826,2018-07-12,delivered,122.99,30.11,153.1,boleto,1.0,25.0,5.0,1.0
3465927837,381cb353cd30a73a5e49e5f42e583c43,1.0,1991195761,4198849059,4194263931,2018-08-06,delivered,61.4,13.77,75.17,debit_card,1.0,14.0,3.0,1.0
973678899,6101a3cad652012312ccd9284733ac2b,1.0,3021472253,1127059809,2580370799,2018-07-23,delivered,88.9,34.0,122.9,boleto,1.0,10.0,-21.0,0.0
4237973407,911655697632aa4dc54e0cd37cc360a0,1.0,759392643,1598240996,4251734219,2018-08-01,delivered,879.33,13.42,892.75,credit_card,10.0,8.0,1.0,1.0
3122197893,add9b8e58a85333ecd17897517ceda1b,1.0,2654016059,880070998,2622583364,2018-07-17,delivered,119.9,13.5,133.4,credit_card,2.0,9.0,-6.0,0.0
2273683380,4ee4abefdd469c7756e296aca7f29361,1.0,1863931820,3621970897,2622583364,2018-08-01,delivered,162.9,19.24,182.14,credit_card,4.0,6.0,-13.0,0.0
2487335066,01cce1175ac3c4a450e3a0f856d02734,1.0,766231605,2783664097,1422840891,2018-07-19,delivered,60.0,25.24,77.15265509716306,debit_card,1.0,1.0,-16.0,0.0
3061468695,01cce1175ac3c4a450e3a0f856d02734,2.0,766231605,2553387911,3003813525,2018-07-19,delivered,36.23,2.27,46.58734490283695,debit_card,1.0,1.0,-16.0,0.0
59453615,61e0716d18d338f3eba2c3071e982f18,1.0,3494149102,3159802941,2886549658,2018-07-24,delivered,22.0,18.25,40.25,credit_card,1.0,8.0,-12.0,0.0
1022175777,0661cdf16c55936467e8d8c561e50730,1.0,2222011378,1145103361,4163232810,2018-08-12,delivered,5.99,7.39,13.38,debit_card,1.0,13.0,-2.0,0.0
44032723,cd919470d4038db47af0ae7904777f68,1.0,103891191,3285950715,3845926859,2018-07-05,delivered,299.99,81.33,381.32,credit_card,5.0,7.0,-19.0,0.0
1761388909,e1f61651871c0898a323bbbd154555c0,1.0,2279395329,1676106037,2681412629,2018-08-21,delivered,96.99,7.94,104.93,credit_card,1.0,3.0,-3.0,0.0
303292325,8883dd20e652369652c1abd7a411788f,1.0,2583904028,3700359098,2627125470,2018-08-14,delivered,199.99,9.31,209.3,credit_card,1.0,6.0,-3.0,0.0
2523623470,999c69ed49960e4595e36a9ab7413332,1.0,2502996088,914900306,2304947736,2018-07-27,delivered,59.0,15.51,74.51,credit_card,3.0,8.0,-10.0,0.0
2293539480,45e64bfe511bd5e24d56e200e29631b7,1.0,2796981907,4213707636,2580370799,2018-07-16,delivered,293.9,15.4,309.3,boleto,1.0,11.0,-11.0,0.0
3006334434,d7b464f6f1a31734fefea7eb6e9a9908,1.0,1180142642,2073401436,3667124800,2018-07-22,delivered,49.9,7.61,57.51,credit_card,3.0,3.0,-5.0,0.0
698564803,24ac7fc612c1995049d602089ed733fe,1.0,1051271587,618360279,2681412629,2018-08-03,delivered,229.99,34.09,0.0,unknown,0.0,11.0,-6.0,0.0
330734765,6638eba9b5e3a5a8342e07e8f2d32637,1.0,429260957,1268053098,1480205621,2018-07-20,delivered,228.8,16.7,245.5,credit_card,8.0,25.0,6.0,1.0
1631837991,a2a1ed735f0637ffdecf88eefa01399d,1.0,469192274,227075057,1379301944,2018-07-18,delivered,79.9,18.66,98.56,credit_card,1.0,6.0,-14.0,0.0
4088295746,8dbf95d9c5478e672a3de4e316ab4d9a,1.0,1859998849,4093084444,2304947736,2018-07-04,delivered,145.0,23.74,168.74,credit_card,5.0,9.0,-16.0,0.0
2046579853,4959c38155b6320f1e4bd741132334e0,1.0,671970935,190431719,1018258220,2018-08-01,delivered,149.65,19.15,168.8,credit_card,3.0,7.0,-7.0,0.0
4254646795,a27bc60b5829ed193c7a85e25f6de764,1.0,1659589109,458416923,3664770205,2018-08-06,delivered,129.0,14.24,143.24,credit_card,3.0,3.0,-7.0,0.0
1871495207,163e9678df3d069145613d032b4ab0b8,1.0,2206153747,344568413,658508820,2018-07-05,delivered,15.0,20.4,35.4,credit_card,1.0,5.0,-22.0,0.0
2021324768,0eb943e25686a73425894fcc95e842e3,1.0,40520157,1279111887,2304947736,2018-08-16,delivered,49.0,38.68,63.30553459119496,credit_card,10.0,5.0,-13.0,0.0
3330979558,0eb943e25686a73425894fcc95e842e3,2.0,40520157,3561404005,2304947736,2018-08-16,delivered,55.0,3.87,71.05723270440251,credit_card,10.0,5.0,-13.0,0.0
910693136,0eb943e25686a73425894fcc95e842e3,3.0,40520157,3868204063,2304947736,2018-08-16,delivered,55.0,3.87,71.05723270440251,credit_card,10.0,5.0,-13.0,0.0
1598127909,c594693c5aa51b23bb8188c28a81836e,1.0,469220606,758262709,748792307,2018-07-08,delivered,70.0,17.42,87.42,credit_card,1.0,25.0,-4.0,0.0
3967723845,727140332cb5607e87e03e1501f636b2,1.0,698414581,428405373,47085388,2018-08-15,delivered,40.0,15.38,55.38,voucher,1.0,6.0,-9.0,0.0
279143287,bd116e3c15911b8f09db896e682cb30c,1.0,1817255968,609947661,817416274,2018-07-11,delivered,140.0,15.29,155.29,credit_card,2.0,4.0,-9.0,0.0
625121885,64ae773be04783279d6b0763dc3cfcba,1.0,2249582063,1135319713,692566304,2018-08-10,delivered,216.0,24.31,240.31,credit_card,1.0,6.0,-8.0,0.0
1725276557,bce3d004aa51086cc5b0e1ce2db91884,1.0,3272440359,596427865,1008270582,2018-08-21,delivered,115.99,27.11,143.1,credit_card,4.0,7.0,-13.0,0.0
747570372,15db3ee82b2592326fd5390713cf56eb,1.0,241807979,4081925990,1919968767,2018-08-07,delivered,110.32,8.03,118.35,credit_card,5.0,8.0,1.0,1.0
2190600159,2ebeaae6b3c969c7f5474e8f736bc33a,1.0,3465550944,2594868280,1921184264,2018-07-09,delivered,140.0,15.29,155.29,credit_card,3.0,7.0,-11.0,0.0
2035848556,438d4df3e56a6ca1618791c7cd1588aa,1.0,3362369438,701735974,2712979794,2018-07-17,delivered,22.5,7.42,29.92,credit_card,1.0,6.0,-2.0,0.0
2250486112,c042c97fd633f5e705a44361fb468828,1.0,3781239328,3470517503,1615213775,2018-07-04,delivered,56.1,19.58,75.68,credit_card,3.0,7.0,-20.0,0.0
931796513,d364ed074343c683a974cfa900a9d4c9,1.0,584177712,3561404005,2304947736,2018-07-20,delivered,55.0,3.34,83.0423611111111,credit_card,7.0,5.0,-21.0,0.0
2600152994,d364ed074343c683a974cfa900a9d4c9,2.0,584177712,4127033778,730094745,2018-07-20,delivered,17.0,33.37,25.667638888888888,credit_card,7.0,5.0,-21.0,0.0
2191196696,7b4405df446ea40525ecd10212e28f2a,1.0,1897947222,2466355469,523493826,2018-08-09,delivered,66.99,27.75,94.74,credit_card,3.0,8.0,-18.0,0.0
1148012161,8e3aafa608957bdc2ddb74b7d9a7a559,1.0,774774085,1260897519,3034887517,2018-08-03,delivered,103.95,15.04,118.99,credit_card,2.0,6.0,-14.0,0.0
94171020,62ce4e3989a3477928510bb4d1064cc4,1.0,3008829271,3105421102,2490225171,2018-07-19,delivered,32.0,9.99,38.49751850239443,credit_card,10.0,6.0,-12.0,0.0
2725906674,62ce4e3989a3477928510bb4d1064cc4,2.0,3008829271,2973009132,2880307388,2018-07-19,delivered,79.9,3.33,96.12349151066608,credit_card,10.0,6.0,-12.0,0.0
786606732,62ce4e3989a3477928510bb4d1064cc4,3.0,3008829271,1957200690,3267771422,2018-07-19,delivered,26.9,6.66,32.36197649107531,credit_card,10.0,6.0,-12.0,0.0
2133462107,62ce4e3989a3477928510bb4d1064cc4,4.0,3008829271,3105421102,2490225171,2018-07-19,delivered,32.0,9.99,38.49751850239443,credit_card,10.0,6.0,-12.0,0.0
998509206,62ce4e3989a3477928510bb4d1064cc4,5.0,3008829271,3105421102,2490225171,2018-07-19,delivered,32.0,9.99,38.49751850239443,credit_card,10.0,6.0,-12.0,0.0
441865565,62ce4e3989a3477928510bb4d1064cc4,6.0,3008829271,1957200690,3267771422,2018-07-19,delivered,26.9,6.66,32.36197649107531,credit_card,10.0,6.0,-12.0,0.0
3615065635,029c545413b10a6bd7540401f6eef0a3,1.0,2865363790,2564876216,1671137633,2018-07-10,delivered,1350.0,294.76,1644.76,credit_card,10.0,9.0,-10.0,0.0
2618860756,bb645512c737c47f7bb875b67153b3f4,1.0,4128833468,82888122,212815993,2018-07-17,delivered,114.99,15.91,130.9,credit_card,3.0,13.0,-9.0,0.0
3282555760,bb645512c737c47f7bb875b67153b3f4,2.0,4128833468,82888122,212815993,2018-07-17,delivered,114.99,15.91,130.9,credit_card,3.0,13.0,-9.0,0.0
2758761313,ac6f2372fee2d8b5f63bd2387aa26a28,1.0,3450775682,2531712764,1472339194,2018-08-25,delivered,119.9,9.59,129.49,credit_card,4.0,5.0,-6.0,0.0
3751716631,4925d46939ebcbb319898208aa308321,1.0,3642209909,2310009894,3488828128,2018-08-14,delivered,52.51,18.47,70.98,credit_card,1.0,8.0,-11.0,0.0
1206553091,a91e629d7c60ee83c467d41250528cc5,1.0,1474946321,1085274131,3773013363,2018-08-12,delivered,1623.9,30.56,1654.46,credit_card,3.0,10.0,-8.0,0.0
924129454,68025b4097f26554336bf88f51c9a9db,1.0,1951863583,920724510,811506041,2018-07-27,delivered,119.9,13.14,133.04,credit_card,1.0,3.0,-6.0,0.0
1200728865,0e96a13c8fd38b3cf8d5f8e30b7a7b8b,1.0,3589850288,3228622470,72832377,2018-08-10,delivered,34.99,15.35,50.34,credit_card,1.0,7.0,-6.0,0.0
3851197080,604eaa08ecca86f614fb23ab44999543,1.0,434985285,3125981986,1555790669,2018-07-04,delivered,199.0,9.13,208.13,boleto,1.0,2.0,-14.0,0.0
2876573293,4f484a232ce76de5a28249a74faceffc,1.0,298130501,2116048782,4055463965,2018-07-24,delivered,22.32,7.74,30.06,credit_card,1.0,9.0,-8.0,0.0
1285372920,1f8e863921f1d0daeda98b603a956954,1.0,1108324537,3338599894,1696683105,2018-07-03,delivered,39.99,7.54,47.53,credit_card,4.0,7.0,-6.0,0.0
1968787537,083b812dd46ddf24d9ae0b6429139c9f,1.0,2239340870,576217295,3577589362,2018-07-13,delivered,14.9,15.23,30.13,credit_card,1.0,11.0,-7.0,0.0
3445807079,5efadf4b12dd71ad2003ee3b7f2b24c3,1.0,1368660421,2700071972,605810449,2018-08-03,delivered,58.99,26.71,85.7,credit_card,10.0,6.0,-7.0,0.0
3889534796,5efadf4b12dd71ad2003ee3b7f2b24c3,2.0,1368660421,3365651182,605810449,2018-08-03,delivered,58.99,26.71,85.7,credit_card,10.0,6.0,-7.0,0.0
950719202,79782533a7f3400f4ec7ab41028b40f7,1.0,2376531052,1533722205,1303264640,2018-07-21,delivered,59.54,14.72,74.26,boleto,1.0,19.0,4.0,1.0
1359517019,adaf01f381286c648134e9d617a4a1ba,1.0,1836991037,70776697,3422743060,2018-07-20,delivered,45.05,12.98,58.03,credit_card,1.0,7.0,-7.0,0.0
989547761,13e22fa9743822ef30f7e3bdcfff69ee,1.0,665230347,2911624243,2304947736,2018-07-22,delivered,69.0,7.74,0.0,unknown,0.0,6.0,-3.0,0.0
114787953,07f6947cb721727031402e0cd6d6e5e9,1.0,999150019,2957736288,3381238893,2018-08-07,delivered,19.83,12.8,32.63,credit_card,1.0,5.0,-11.0,0.0
3511430795,7ce68309502b8d864e9ef8e47d21fd03,1.0,2703079354,4179807102,3383264847,2018-08-16,delivered,78.0,18.65,96.65,boleto,1.0,11.0,-17.0,0.0
119494052,3e33f5f2369d96398462a491d376fefd,1.0,295519036,3361113650,3734320862,2018-08-04,delivered,39.99,12.94,52.93,credit_card,1.0,9.0,-4.0,0.0
652685115,1166c0cee90e165a1b3cf275339be6cc,1.0,4283032279,3548064169,1868809992,2018-07-21,delivered,35.0,19.44,54.44,boleto,1.0,9.0,-14.0,0.0
1195582116,1166c0cee90e165a1b3cf275339be6cc,2.0,4283032279,3548064169,1868809992,2018-07-21,delivered,35.0,19.44,54.44,boleto,1.0,9.0,-14.0,0.0
3281713298,62b4063077164817444ed917010c5c16,1.0,3294403806,3034452514,3024217810,2018-08-07,delivered,27.18,8.94,36.12,credit_card,2.0,1.0,-1.0,0.0
2848906741,34c18a8b5a4a469bd30549f852d97e32,1.0,36701083,2421298325,1994919736,2018-08-09,delivered,85.0,15.7,100.7,credit_card,1.0,6.0,-21.0,0.0
2733053721,34c18a8b5a4a469bd30549f852d97e32,2.0,36701083,2421298325,1994919736,2018-08-09,delivered,85.0,15.7,100.7,credit_card,1.0,6.0,-21.0,0.0
2252785314,1dfe970583e8a1a09241aa32a815a5b4,1.0,3092043262,3375036936,3485175421,2018-07-18,delivered,230.0,48.66,278.66,credit_card,10.0,13.0,-8.0,0.0
3355549729,497867927f8b7eca209cf8a7050711e9,1.0,348866758,790632221,392238237,2018-07-24,delivered,169.9,18.4,188.3,credit_card,1.0,2.0,-6.0,0.0
519391488,a8a2f97bc403ceb2bc6c142b4b4add3e,1.0,2639268423,2460194029,2612393066,2018-07-03,delivered,19.9,18.24,38.14,credit_card,1.0,8.0,-19.0,0.0
1487972443,9de8f4ac771189b55e817ebd04cf21a7,1.0,1365474972,3286585782,3667124800,2018-07-31,delivered,49.9,15.45,65.35,boleto,1.0,7.0,-9.0,0.0
3344892708,990eab27d0855cf08464eec60d4c18f5,1.0,2033445135,533563162,1480205621,2018-08-12,delivered,178.9,19.35,198.25,credit_card,6.0,8.0,-9.0,0.0
3906376809,3e3a2f955d45f35c654bd13bade8e0d3,1.0,2965853405,2697482035,1624456352,2018-07-30,delivered,109.9,18.87,128.77,credit_card,3.0,6.0,-8.0,0.0
4164587486,9b555fa3c1a9ac79415e947cde8180bd,1.0,1272318224,2514894628,1266529499,2018-07-10,delivered,189.9,17.6,207.5,credit_card,2.0,1.0,-7.0,0.0
3929979106,42120fdf9e2fb1cf82882ebca7e86db6,1.0,4260410646,1058717146,123833255,2018-08-10,delivered,29.0,8.36,37.36,debit_card,1.0,4.0,-1.0,0.0
2829510483,c68d61e0221d10f9ffd722a96a2f10cb,1.0,2033303923,2828594702,1734769477,2018-08-03,delivered,179.9,13.56,193.46,boleto,1.0,13.0,8.0,1.0
1740141057,dbe2e048ec0057accc15716fa929c405,1.0,1917730270,4115263263,1008270582,2018-08-19,delivered,115.99,27.11,143.1,credit_card,5.0,10.0,-13.0,0.0
2768325,dbe2e048ec0057accc15716fa929c405,2.0,1917730270,4115263263,1008270582,2018-08-19,delivered,115.99,27.11,143.1,credit_card,5.0,10.0,-13.0,0.0
637493543,5aae98560d0aff8d326d8f5767979e22,1.0,260812521,949013637,250985049,2018-07-05,delivered,123.9,18.97,142.87,boleto,1.0,18.0,-16.0,0.0
2981387792,2e0900f25a11a9802bc76d2613b1144c,1.0,723049018,2773148603,819761952,2018-07-24,delivered,89.49,37.54,127.03,boleto,1.0,13.0,-9.0,0.0
2776857365,2e0900f25a11a9802bc76d2613b1144c,2.0,723049018,2773148603,819761952,2018-07-24,delivered,89.49,37.54,127.03,boleto,1.0,13.0,-9.0,0.0
31662792,33155e3c770d0aeb3c0e7d431e6b420d,1.0,1938414025,3489777262,3485175421,2018-07-04,delivered,79.9,23.36,103.26,credit_card,3.0,7.0,-27.0,0.0
1898546673,d8b4993a29bdafff6aff3ddc66a8eee0,1.0,2623686833,3578064965,2433711167,2018-07-19,delivered,49.9,13.01,62.91,credit_card,5.0,7.0,-11.0,0.0
1485186090,bb01789fc0271409b394c7b283e9dd29,1.0,2277917677,3345960418,2580370799,2018-08-07,delivered,178.5,19.35,197.85,credit_card,6.0,7.0,-14.0,0.0
1084057968,355b4e6204fe47b46901e1c030255e77,1.0,56718530,1024136421,447945570,2018-07-17,delivered,159.9,43.4,203.3,credit_card,2.0,14.0,-15.0,0.0
2519181402,b3ccbde27ee2833da8d2683e29d73307,1.0,3821083290,433911543,797873474,2018-08-12,delivered,89.0,9.37,98.37,credit_card,4.0,2.0,-14.0,0.0
1074860175,bb63df7449a5caa0edc362d01cf54f36,1.0,2294424405,2194238359,856338408,2018-08-06,delivered,19.9,7.4,27.3,debit_card,1.0,6.0,-1.0,0.0
62174824,c84f367d7b52ff36843e8c8e08fa5c11,1.0,1748045343,3286585782,3667124800,2018-08-20,delivered,49.9,15.45,65.35,credit_card,1.0,4.0,-21.0,0.0
2065499107,30bf87367ed2e63f68bfb5aacdae279b,1.0,2577140750,1681819293,1399826378,2018-08-11,delivered,47.9,9.09,56.99,credit_card,1.0,3.0,-9.0,0.0
2889032592,bec18cf4e07d7c422cbbeca1ba9573f2,1.0,520243094,1354194349,1813314038,2018-07-23,delivered,49.9,13.93,63.83,boleto,1.0,6.0,-10.0,0.0
553536897,d0b9b4ddffcd1fe48c13d9fec485302d,1.0,626658162,4189905279,2622583364,2018-08-23,delivered,188.0,38.23,226.23,credit_card,3.0,7.0,-26.0,0.0
3208741586,736e1922ae60d0d6a89247b851902527,1.0,1233801584,1803961680,3926212090,2018-07-15,delivered,1790.0,28.72,1818.72,boleto,1.0,11.0,-7.0,0.0
3952929452,736e1922ae60d0d6a89247b851902527,2.0,1233801584,1803961680,3926212090,2018-07-15,delivered,1790.0,28.72,1818.72,boleto,1.0,11.0,-7.0,0.0
3923146163,736e1922ae60d0d6a89247b851902527,3.0,1233801584,1803961680,3926212090,2018-07-15,delivered,1790.0,28.72,1818.72,boleto,1.0,11.0,-7.0,0.0
4185975935,736e1922ae60d0d6a89247b851902527,4.0,1233801584,1803961680,3926212090,2018-07-15,delivered,1790.0,28.72,1818.72,boleto,1.0,11.0,-7.0,0.0
1894126126,72f3f62e2e4208804e2c4ed8a28ead52,1.0,3309002739,1597415275,1503930686,2018-07-19,delivered,95.9,14.98,110.88,boleto,1.0,6.0,-8.0,0.0
4055706711,049ede3fc839758e81752a9dacd1f911,1.0,3689751084,739772637,35460556,2018-08-02,delivered,12.99,12.79,25.78,boleto,1.0,7.0,-7.0,0.0
2732870388,da0b10b78f4b4fd25b1635724889e7df,1.0,2232706300,3959743047,687121961,2018-07-31,delivered,79.99,9.31,89.3,credit_card,1.0,3.0,-7.0,0.0
284114152,8101f323f454f972d5f4773094d2c5e4,1.0,2383115137,2666992013,1358302452,2018-08-05,delivered,229.0,16.7,245.7,credit_card,10.0,5.0,-7.0,0.0
4091524253,6508ccfd77b6c1684614de32ac787f21,1.0,2955518962,2110348811,1622092360,2018-07-24,delivered,25.9,19.09,44.99,credit_card,4.0,6.0,-10.0,0.0
1859072967,64158e0be1de0bb467aec3c8d1e25df1,1.0,3239568174,1593380646,420819844,2018-07-24,delivered,45.0,7.58,52.58,credit_card,1.0,2.0,-11.0,0.0
1158042095,a1a6eadae352582010f449d8527b55f3,1.0,1358155547,66929536,3488828128,2018-08-18,delivered,72.9,23.5,96.4,credit_card,2.0,6.0,-10.0,0.0
1493244973,dacc7a1d6edca844b4f0f6cf124b4f24,1.0,2703228774,3548064169,1868809992,2018-08-11,delivered,35.0,19.44,54.44,credit_card,10.0,13.0,-17.0,0.0
2331026596,dacc7a1d6edca844b4f0f6cf124b4f24,2.0,2703228774,3548064169,1868809992,2018-08-11,delivered,35.0,19.44,54.44,credit_card,10.0,13.0,-17.0,0.0
2162767632,dacc7a1d6edca844b4f0f6cf124b4f24,3.0,2703228774,3548064169,1868809992,2018-08-11,delivered,35.0,19.44,54.44,credit_card,10.0,13.0,-17.0,0.0
2386282453,dacc7a1d6edca844b4f0f6cf124b4f24,4.0,2703228774,3548064169,1868809992,2018-08-11,delivered,35.0,19.44,54.44,credit_card,10.0,13.0,-17.0,0.0
788244944,1a246d78fa3f7c563a0b27ea0b1639bc,1.0,3522930928,2909157433,2384848440,2018-07-25,delivered,62.9,27.72,90.62,credit_card,4.0,14.0,-6.0,0.0
2114557152,b50dd584b57f884ca278422e0607f7d3,1.0,2565594347,804290873,3738344605,2018-08-20,delivered,124.9,13.17,138.07,credit_card,4.0,4.0,0.0,0.0
2038951082,54c5976111a966ff8a2224dd242cd07a,1.0,1459803206,901329953,2431625250,2018-07-15,delivered,219.99,53.89,273.88,credit_card,4.0,8.0,-14.0,0.0
1267546545,a15616fe830c593a7ee849e4d2f0d023,1.0,1271316740,2718057188,1276368770,2018-07-26,delivered,59.0,8.57,67.57,credit_card,2.0,4.0,-13.0,0.0
3496533294,374fd048ff590c1059eb5d4fe2d892b4,1.0,1803838435,3478202829,918571473,2018-07-13,delivered,154.91,16.18,171.09,credit_card,5.0,14.0,-11.0,0.0
4126462130,6ea09ab8953f7fda1f69d387c9d252eb,1.0,4061112660,2747310450,2636346249,2018-08-11,delivered,39.99,11.48,49.95912172315912,credit_card,7.0,3.0,-7.0,0.0
1065514654,6ea09ab8953f7fda1f69d387c9d252eb,2.0,4061112660,2052502348,2131055484,2018-08-11,delivered,19.9,3.45,24.86087827684087,credit_card,7.0,3.0,-7.0,0.0
3309792093,d2b401a47dcec4ec39bc080b7154cd39,1.0,1498530574,174750780,523493826,2018-08-13,delivered,122.99,30.11,153.1,boleto,1.0,7.0,-21.0,0.0
1358978185,2b7715df43e5e353fabf1846cde8529b,1.0,1535911440,2067738168,1755005248,2018-07-24,delivered,70.0,32.51,102.51,credit_card,5.0,7.0,-13.0,0.0
1777345855,47852cb7df51fcfcdcf3f3f9969ac1b9,1.0,1400662269,734773546,3523028557,2018-07-04,delivered,86.25,34.36,120.61,credit_card,6.0,8.0,-21.0,0.0
2733659239,4590ff46dd75f5b7ca1c5a8a3f1b1b5f,1.0,1223264863,1230382813,728604636,2018-08-09,delivered,169.9,31.99,201.89,debit_card,1.0,11.0,-22.0,0.0
1785549730,d44bd377d793dc513e7cc2bdcd42488c,1.0,1923457114,4102193398,2681412629,2018-08-23,delivered,79.99,7.82,87.81,boleto,1.0,4.0,-2.0,0.0
2848222913,519440577b644a6822242fe9f13b31e8,1.0,1625176371,3637673828,2656671748,2018-08-06,delivered,28.9,7.46,36.36,credit_card,3.0,2.0,-1.0,0.0
1574691739,9c3225a3efe9fb83ea06492acb99d42c,1.0,3806125416,4198849059,4194263931,2018-08-07,delivered,61.4,13.77,75.17,credit_card,1.0,20.0,4.0,1.0
3287752947,3ea7135b7064169abacfc10aa72f2e3a,1.0,4044756873,2930095485,3131976384,2018-08-12,delivered,64.9,19.64,84.54,credit_card,4.0,9.0,-22.0,0.0
3005669541,6a4e7db21066dff2d18a84059245c6d1,1.0,1251419248,1957200690,3267771422,2018-07-02,delivered,25.9,12.84,38.74,credit_card,1.0,14.0,-4.0,0.0
3367787760,3c9165fe4078dc576322edf3612985b7,1.0,1488071224,1277571969,1763790356,2018-08-13,delivered,199.0,21.66,220.66,credit_card,1.0,15.0,-8.0,0.0
1690387065,db6bbd5bd39d674b8778df50982d00de,1.0,1270160797,803202585,3356407459,2018-08-25,delivered,439.99,19.35,459.34,credit_card,10.0,3.0,-3.0,0.0
1222669878,8f9be3b3799b30feec4b8f2f628670e5,1.0,1776729534,2237665748,292598503,2018-07-25,delivered,39.67,15.38,55.05,voucher,1.0,6.0,-22.0,0.0
2771714960,1c6ba4e1c9d47c2594130a03f164287c,1.0,2204574508,1668038383,3633342575,2018-08-13,delivered,17.0,15.23,32.23,boleto,1.0,9.0,-5.0,0.0
2605726422,3064071cf67a2cc381cd53b13055eac5,1.0,3005371052,2485975051,2047495738,2018-08-28,delivered,19.9,7.56,27.46,credit_card,2.0,1.0,-4.0,0.0
3984753471,317eaa9a9846b9c1f08c1f38d26bab63,1.0,2405864522,275694337,357383673,2018-07-04,delivered,69.9,17.62,87.52,boleto,1.0,8.0,-15.0,0.0
911305983,103de323ece563a1012b4b6adf5a81b2,1.0,1400180755,1018367849,1125369443,2018-08-15,delivered,105.0,9.67,114.67,boleto,1.0,18.0,11.0,1.0
3262780234,7d2f60154f0f8219ade132f874d2e500,1.0,690500561,1171233411,3383774233,2018-07-24,delivered,15.9,34.35,24.59552821997105,credit_card,10.0,7.0,-9.0,0.0
4021871616,7d2f60154f0f8219ade132f874d2e500,2.0,690500561,2326761177,935749508,2018-07-24,delivered,53.2,3.44,82.29447178002894,credit_card,10.0,7.0,-9.0,0.0
922483305,67fedde68ac222a19b4351dd0814d76e,1.0,533580460,3305857079,833536147,2018-07-14,delivered,199.0,24.19,223.19,credit_card,4.0,12.0,-7.0,0.0
3507993179,368df49737936bddc9d47a700a1920b9,1.0,1108064215,1411087233,4120033478,2018-08-09,delivered,69.9,23.29,0.0,unknown,0.0,7.0,-4.0,0.0
247283993,bb99de3ac419763812be82d454b8350e,1.0,1692538031,710437262,3659481684,2018-07-26,delivered,64.89,18.55,0.0,unknown,0.0,4.0,-16.0,0.0
1249198417,574e38ca454c86f60df545b65a03277d,1.0,2978187340,722059908,740847726,2018-08-03,delivered,35.0,18.05,53.05,credit_card,1.0,5.0,-9.0,0.0
2613009247,24f1803064ef788a570a74e04dc6663f,1.0,386675119,3233458298,1612681572,2018-08-01,delivered,36.0,15.35,51.35,credit_card,1.0,5.0,-3.0,0.0
2299992553,4d67b87a6fa0612c18688c1f371f4104,1.0,3775258280,2686822313,2384848440,2018-07-28,delivered,129.9,16.86,146.76,credit_card,2.0,4.0,-7.0,0.0
4075445635,b24f4b97e574bf36072e9bd1a8fe042c,1.0,4090500741,741045983,988577361,2018-08-14,delivered,799.9,12.86,812.76,debit_card,1.0,13.0,-2.0,0.0
98463591,0d922ec2be9bd5e75e225b6bacfdc4d6,1.0,511019729,975683653,4160630161,2018-07-08,delivered,27.5,7.45,34.95,credit_card,1.0,2.0,-8.0,0.0
4279461213,bbccdda00b2115d37f4f288e19d207b5,1.0,4164708255,4114507059,1994919736,2018-08-08,delivered,86.0,18.7,104.7,credit_card,4.0,9.0,-19.0,0.0
448810813,dc20ddee58064808944cd819f518dcc1,1.0,2037564877,718071674,1734769477,2018-07-08,delivered,29.9,7.79,37.69,credit_card,7.0,5.0,-6.0,0.0
3712548690,dc20ddee58064808944cd819f518dcc1,2.0,2037564877,458673453,1734769477,2018-07-08,delivered,29.9,7.79,37.69,credit_card,7.0,5.0,-6.0,0.0
3328430378,d32c8abcdc749f46da62424028a3aba0,1.0,427187513,3231537602,2622933298,2018-08-22,delivered,34.9,7.5,42.4,credit_card,1.0,6.0,-1.0,0.0
2919431343,ae2834f54ef9bb766fbce5cad77ef198,1.0,1986773659,2957736288,3381238893,2018-07-29,delivered,19.83,12.8,32.63,credit_card,1.0,17.0,2.0,1.0
2188229385,5d2331c2b9c856b5b42d3c9f0c9b97cc,1.0,517347798,112267203,1361108180,2018-08-19,delivered,29.99,18.31,48.3,boleto,1.0,4.0,-20.0,0.0
2479396132,6653526158fc41798fd489f9b3c86b56,1.0,3785373362,722776472,2304947736,2018-07-27,delivered,69.0,13.94,77.96415254237289,credit_card,2.0,4.0,-2.0,0.0
823392268,6653526158fc41798fd489f9b3c86b56,2.0,3785373362,1069936409,2304947736,2018-07-27,delivered,49.0,1.39,55.365847457627126,credit_card,2.0,4.0,-2.0,0.0
581808771,9f14c1ef946ed872bfb5f6c2ca8adc3e,1.0,1319861024,3463176742,2622583364,2018-07-31,delivered,138.0,19.07,157.07,boleto,1.0,12.0,-10.0,0.0
2611065117,09ce422617b0ec4c246ceb2922ea1ea1,1.0,1770264619,3991015439,634632467,2018-08-22,delivered,43.5,23.11,66.61,credit_card,6.0,8.0,-5.0,0.0
1735662498,32f46692d9d85353f5f51f9ffd04e90a,1.0,3566115375,4154509221,2053349188,2018-07-07,delivered,6.5,18.23,24.73,credit_card,1.0,6.0,-17.0,0.0
1292091300,d9d8dc6068a3a115e15bc276d53afc8e,1.0,1496498659,1000966602,4055463965,2018-07-22,delivered,28.9,17.13,46.03,credit_card,1.0,11.0,-18.0,0.0
3240236937,4daa7a4d91386678160a5f646293be29,1.0,3896181778,1816939174,1550185782,2018-07-13,delivered,89.99,18.43,108.42,voucher,1.0,10.0,-20.0,0.0
2818766114,9e0d565b6426f0ec14ee6e1be3047f8d,1.0,3006284479,1880950498,2023461531,2018-08-09,delivered,24.99,7.44,0.0,unknown,0.0,1.0,-4.0,0.0
1863525451,9e0d565b6426f0ec14ee6e1be3047f8d,2.0,3006284479,1880950498,2023461531,2018-08-09,delivered,24.99,7.44,0.0,unknown,0.0,1.0,-4.0,0.0
1850169725,07a038893865b59b24c46892652be2b7,1.0,1203465096,3212844528,112649996,2018-07-10,delivered,29.99,22.14,52.13,credit_card,5.0,13.0,-14.0,0.0
620716197,17b8e90e60f4d19615b77562e40de425,1.0,2748473055,2032437896,1350631362,2018-07-30,delivered,139.0,16.07,155.07,credit_card,2.0,3.0,-7.0,0.0
4144487098,593608ed6695aef889973ce8a45506b4,1.0,314274614,3304200972,2250123381,2018-08-15,delivered,64.0,18.55,82.55,credit_card,4.0,5.0,-8.0,0.0
852410158,86d715fc34a3dcdaa28d66fab140f969,1.0,3706322929,1980854038,2373578609,2018-08-15,delivered,56.9,11.42,0.0,unknown,0.0,1.0,-5.0,0.0
648725697,0896eccb8187d6b1738ce4a3a1add1b3,1.0,693843110,2839989663,3131976384,2018-08-13,delivered,89.99,15.7,105.69,credit_card,1.0,4.0,-4.0,0.0
784342352,dd1254ca982d33390f4268c104bcb5b3,1.0,163006063,2318164116,3242763796,2018-08-12,delivered,437.0,62.29,499.29,credit_card,1.0,10.0,-19.0,0.0
3521326004,6054d8418ec326a7a9382171632b7a7d,1.0,1131916681,3949951491,3066591355,2018-07-22,delivered,379.95,48.96,428.91,credit_card,6.0,12.0,-12.0,0.0
2705370347,be9fb10d58d9a2df903271600e76e32f,1.0,692093341,1078800403,3131976384,2018-08-04,delivered,69.9,23.64,93.54,credit_card,3.0,9.0,-7.0,0.0
2778980303,96b947c986b42f213c9e6b8ccccedb89,1.0,473082711,1504099406,137453236,2018-07-30,canceled,380.0,79.63,459.63,boleto,1.0,,,
2301409421,d757eef533ce8e541e4bfbf66b692ec9,1.0,630035311,3279615301,3371283952,2018-07-16,delivered,153.17,59.15,212.32,credit_card,8.0,8.0,-12.0,0.0
28502444,9e8ef3a707f0f0558057a948db92f600,1.0,88686925,732231075,2636346249,2018-08-16,delivered,27.99,17.13,45.12,credit_card,1.0,12.0,-17.0,0.0
4234041635,2fdd596723c47b1dd0dcade4d2cd1df4,1.0,2501068581,40217216,2679036362,2018-07-31,delivered,90.0,7.89,97.89,debit_card,1.0,5.0,-1.0,0.0
2470723832,003423b755b562962a6225a8de40d12e,1.0,2957341157,1943541630,1276368770,2018-07-08,delivered,232.75,28.58,261.33,boleto,1.0,16.0,-15.0,0.0
676156738,830fc83eb6376eb2f375005e54d4801d,1.0,2582090564,2036129729,261066546,2018-08-19,delivered,116.9,19.73,136.63,boleto,1.0,8.0,-15.0,0.0
1390636032,b37db6912ff47596467cd81b36818a5c,1.0,3626206991,3452738577,2681412629,2018-08-14,delivered,49.99,18.45,68.44,credit_card,5.0,10.0,-7.0,0.0
92430741,79104bbe8dd124c763911a2821546889,1.0,3922413676,3361113650,3734320862,2018-08-21,delivered,38.79,18.37,57.16,credit_card,5.0,6.0,-22.0,0.0
1276325190,aefd94f1b5fb4acfd62eaf1264846946,1.0,3480585362,1532811110,3833703632,2018-07-13,delivered,349.9,19.38,369.28,credit_card,3.0,8.0,-13.0,0.0
3307773392,93bfa8d308b3feeb69f9ab51f55b5987,1.0,1706286764,4102193398,2681412629,2018-07-24,delivered,79.99,7.82,87.81,credit_card,1.0,2.0,-5.0,0.0
3941317349,a6ba686abe92f4b2c2cffcd962db019c,1.0,1513379301,264231931,1612681572,2018-07-30,delivered,105.0,18.54,123.54,credit_card,2.0,7.0,-1.0,0.0
2950697363,259f388570f65b0d8c575f826cbdedf6,1.0,2137553093,870882749,1675260091,2018-07-20,delivered,19.0,12.79,31.79,boleto,1.0,5.0,-9.0,0.0
1989567896,9fec962af24505f0b989965945c1fc64,1.0,216487993,1782083014,1868809992,2018-07-24,delivered,67.0,14.05,81.05,credit_card,1.0,4.0,-13.0,0.0
3011836505,b4f0e735d23a1ec6a012fb7769cb909f,1.0,905448005,1099156521,796664912,2018-07-25,delivered,186.6,10.06,196.66,credit_card,2.0,2.0,-5.0,0.0
1012003268,975314569c698f3bd86f7f7013f19acf,1.0,975831418,1920622603,447945570,2018-07-16,delivered,59.9,38.93,98.83,credit_card,8.0,10.0,-13.0,0.0
2461648666,886705cc2c44ec5ce3560d7a2fc95810,1.0,3180904002,2176744526,1432305819,2018-08-11,delivered,39.99,15.38,55.37,credit_card,1.0,5.0,-3.0,0.0
1165688824,b3600c15b636df09dc66ca0f895befe1,1.0,3144246281,2495106546,2580370799,2018-07-12,delivered,119.9,15.94,135.84,credit_card,2.0,8.0,-18.0,0.0
3860493965,90c6e60786251825a184d18d6a4718bb,1.0,2130777936,1783500745,1771451786,2018-08-18,delivered,175.0,19.33,194.33,credit_card,10.0,9.0,-15.0,0.0
2676104383,9035f15a94295b635575a49041ea406a,1.0,1162768186,2952777915,581044507,2018-07-29,delivered,155.0,13.75,168.75,credit_card,4.0,9.0,-9.0,0.0
2213166899,5c2b36b8e747abcc27f2d9ab379ed334,1.0,2964783648,3756820141,3051201525,2018-07-16,delivered,79.0,19.74,98.74,credit_card,3.0,7.0,-9.0,0.0
1470756057,b164237e62593d65bd06208c4e722120,1.0,4167511884,914900306,2304947736,2018-08-07,delivered,59.0,7.67,66.67,credit_card,2.0,3.0,1.0,1.0
3632690778,1a8fc490b877717c9f69454713bd778c,1.0,3080434876,3299822039,3670166590,2018-07-28,delivered,19.99,7.4,27.39,credit_card,2.0,3.0,-2.0,0.0
693652749,cdaf4ca1fc6d2b2304d8224ea767038e,1.0,3228319927,602789848,3485175421,2018-07-18,delivered,99.9,27.0,126.9,credit_card,10.0,5.0,-23.0,0.0
4095986405,3b0353c6b736cdf2d363f3ab39356b55,1.0,2053810269,2883017693,111151761,2018-08-12,delivered,65.9,33.54,99.44,boleto,1.0,5.0,-11.0,0.0
798625602,421bc5d68665463cbb939db50847894d,1.0,1720857060,3120487373,2235530015,2018-07-01,delivered,830.0,133.69,963.69,boleto,1.0,12.0,-18.0,0.0
1427966419,421bc5d68665463cbb939db50847894d,2.0,1720857060,3120487373,2235530015,2018-07-01,delivered,830.0,133.69,963.69,boleto,1.0,12.0,-18.0,0.0
2002020434,c40611b989a9c073bcf8cee7d16e2473,1.0,1299616628,1637542398,2490225171,2018-08-16,delivered,15.0,16.32,31.32,boleto,1.0,6.0,-7.0,0.0
2204006176,db4c0f9244a52fae664f9325333250e6,1.0,615220333,3740394687,726665638,2018-08-13,delivered,329.9,105.7,435.6,credit_card,10.0,9.0,-11.0,0.0
880257781,d1ab8de1e279bd8a55e4135f83d5c599,1.0,501520818,1325576410,3396868089,2018-07-29,delivered,39.98,13.28,50.02036308623298,credit_card,10.0,3.0,-9.0,0.0
1027492976,d1ab8de1e279bd8a55e4135f83d5c599,2.0,501520818,3368044912,1117484406,2018-07-29,delivered,78.67,13.28,98.42676248108928,credit_card,10.0,3.0,-9.0,0.0
4200139777,d1ab8de1e279bd8a55e4135f83d5c599,3.0,501520818,2151962258,1659506471,2018-07-29,delivered,39.99,13.28,50.032874432677765,credit_card,10.0,3.0,-9.0,0.0
4257623648,942456653f776d428a6107bb73f7780c,1.0,2572718169,1205176810,1765806340,2018-08-14,delivered,119.0,16.13,135.13,credit_card,3.0,2.0,-6.0,0.0
3154010810,942456653f776d428a6107bb73f7780c,2.0,2572718169,1205176810,1765806340,2018-08-14,delivered,119.0,16.13,135.13,credit_card,3.0,2.0,-6.0,0.0
3926705304,c11d9ffa0f049e01a764c954c7494aa0,1.0,2492479458,3612268459,2681412629,2018-08-05,delivered,58.99,13.07,72.06,debit_card,1.0,8.0,-3.0,0.0
1944776939,0d07bd4924272608e7804bd91993ba33,1.0,890865105,3778826756,2947136883,2018-07-17,delivered,58.9,23.21,82.11,credit_card,1.0,7.0,-13.0,0.0
3110030231,46a807245872949237fba36f6f00b2b4,1.0,3782292892,3975056712,2304947736,2018-08-11,delivered,49.0,18.44,67.44,credit_card,1.0,5.0,-6.0,0.0
2731011974,0cf8068e7b7318f0e518be23c903b9f2,1.0,2821030487,1277571969,1763790356,2018-08-04,invoiced,170.0,10.32,180.32,boleto,1.0,,,
2207248484,b353cc5afe48891188abd0ccadf3f543,1.0,1714034010,1746474377,3633342575,2018-08-19,delivered,33.9,8.4,42.3,credit_card,4.0,1.0,-2.0,0.0
2917003703,5a6566ca1aa7d313e6a34e0443e32ba1,1.0,1542899845,441397869,3514986460,2018-07-25,delivered,229.99,43.89,273.88,boleto,1.0,13.0,-9.0,0.0
1862572710,9fcf074ecd6df19f51f6fc30b6a33161,1.0,1643149809,2703664508,9861004,2018-08-06,delivered,49.9,20.99,70.89,boleto,1.0,4.0,-3.0,0.0
3217151135,2cee056eb245a8978a5d8a408436e82f,1.0,3449248859,2992823587,1914769873,2018-08-08,delivered,129.49,27.21,156.7,credit_card,1.0,7.0,-8.0,0.0
2133248464,c225a1d1e67247ee404d56643c5b11ad,1.0,2467760210,3621970897,2622583364,2018-07-17,delivered,168.9,19.28,188.18,boleto,1.0,14.0,-5.0,0.0
832097800,91ba8089d2fac808ba2eebac6c8c8819,1.0,1508986156,3594720246,2054166637,2018-08-21,delivered,39.9,7.54,47.44,credit_card,1.0,1.0,-1.0,0.0
2733129219,7f9cfd88530c3c6d0ce6084b27ef46ff,1.0,955335332,4251483094,469479857,2018-08-13,delivered,1199.0,37.03,1269.0741319444444,credit_card,1.0,8.0,-27.0,0.0
36667568,7f9cfd88530c3c6d0ce6084b27ef46ff,2.0,955335332,408851073,3320559845,2018-08-13,delivered,68.2,37.03,72.18586805555556,credit_card,1.0,8.0,-27.0,0.0
1970114197,2e85393d4ab82c2f5b44528d8a551606,1.0,914806015,4102193398,2681412629,2018-08-16,delivered,79.99,18.66,98.65,credit_card,4.0,8.0,-13.0,0.0
3112692215,0ef7129ab98149bcbd4aadde9ba093d9,1.0,1726609169,2677142505,2629314654,2018-07-07,delivered,19.99,12.8,0.0,unknown,0.0,8.0,-9.0,0.0
3154033651,5528ba50898b536ac11c799ba9eef5ac,1.0,1089464717,534828546,1480205621,2018-07-26,delivered,299.0,24.02,323.02,credit_card,8.0,13.0,-9.0,0.0
2025501044,25348d7abfa3893731e3836aab2f6a6c,1.0,2908355288,2485039888,918571473,2018-07-09,delivered,699.9,13.65,713.55,credit_card,8.0,23.0,6.0,1.0
1429730642,020a1591ace758e4c97d7843e1a03a88,1.0,1192996387,3643461386,856338408,2018-08-13,delivered,18.9,7.39,26.29,credit_card,2.0,2.0,-7.0,0.0
2654202856,6158f79edb10532c75937acb0a0e567d,1.0,2055134585,3698918344,2304947736,2018-08-09,delivered,55.0,18.49,73.49,credit_card,1.0,6.0,-7.0,0.0
3048482039,852fab0ef8986c549194d5959498f160,1.0,1804154448,4160849911,3659481684,2018-07-08,delivered,14.89,7.71,22.6,boleto,1.0,2.0,-8.0,0.0
2002421802,425dece5c02ae29542005b6c0a9c3b63,1.0,4057720275,3710684273,1912895863,2018-07-14,delivered,503.34,62.75,566.09,credit_card,8.0,6.0,-13.0,0.0
1090691178,35acd7d0da0be873dde0470893f3d5c2,1.0,1474601887,2353644388,2715904789,2018-08-12,delivered,42.9,18.4,61.3,credit_card,2.0,8.0,-7.0,0.0
2313274508,ae20f5a9812b11c76007a2c389285486,1.0,676055164,4146214106,3051201525,2018-08-02,delivered,56.0,19.58,0.0,unknown,0.0,12.0,-8.0,0.0
974438165,46919c41f3e2b0e06e6fe85383250e9a,1.0,2110097541,2707439138,3488828128,2018-07-04,delivered,35.9,14.55,50.45,credit_card,1.0,6.0,-16.0,0.0
517719430,852249023f7a3d3154837ef058c3aed2,1.0,2986904553,1743006223,2261194409,2018-08-09,delivered,129.9,23.71,153.61,credit_card,7.0,15.0,-6.0,0.0
1654888233,ca64208b67f4cb6e1503818a3317485f,1.0,2196131213,3220391569,2890074202,2018-07-07,delivered,60.0,27.5,87.5,credit_card,1.0,6.0,-11.0,0.0
821887039,3794a8409797f2c05b177f54e4105c69,1.0,197571844,1870358564,357383673,2018-07-08,delivered,79.0,14.71,93.71,credit_card,1.0,3.0,-15.0,0.0
2786610318,b35ce82e5e535cc632c4441e01d6046a,1.0,1307038642,73318518,1555790669,2018-07-19,shipped,98.0,19.88,117.88,debit_card,1.0,,,
986340780,b0e1b07dae953c6056f02e040a2e596c,1.0,1907876326,1943790943,53223181,2018-08-23,delivered,55.49,18.49,73.98,credit_card,2.0,7.0,-21.0,0.0
2230433307,33a3567a036169435a622361c5d3b79e,1.0,2165850811,2332568759,1350631362,2018-08-24,delivered,74.0,15.62,89.62,debit_card,1.0,3.0,-35.0,0.0
2966818994,55e54fbe84b592cd76e9cb620b4e41be,1.0,2570101319,2451649877,3393462886,2018-08-14,delivered,99.99,18.8,118.79,credit_card,2.0,6.0,-6.0,0.0
3431635709,3ba97310c8f8f6f5e9153973e87297ae,1.0,159140230,3590648669,960009223,2018-07-22,delivered,29.99,12.87,42.86,boleto,1.0,4.0,-10.0,0.0
3717079002,d28a0d4aabf9fe1941c36b8d1af9bd5a,1.0,306537595,3898425002,3383679924,2018-08-03,delivered,22.25,17.09,39.34,credit_card,1.0,12.0,-5.0,0.0
1578381444,2da8bce3611134cc95cb5d33bf1e2d3b,1.0,2833353468,2597588240,3633342575,2018-07-06,delivered,61.0,6.42,83.82466019417474,credit_card,2.0,14.0,-10.0,0.0
652884656,2da8bce3611134cc95cb5d33bf1e2d3b,2.0,2833353468,781534149,3633342575,2018-07-06,delivered,42.0,32.12,57.71533980582524,credit_card,2.0,14.0,-10.0,0.0
253109998,4a987097277f21bd90f8d6e50af76593,1.0,2145892069,2953673548,72832377,2018-08-12,delivered,24.99,22.11,47.1,credit_card,4.0,8.0,-20.0,0.0
629458175,c9c9e0b5e174e13426bc9daf1372bcef,1.0,1858730597,3069891733,3396868089,2018-08-09,delivered,29.9,8.37,38.27,credit_card,3.0,3.0,-3.0,0.0
1555632090,636b730a85bdd05024f5570316c55597,1.0,920430511,3781916482,925912501,2018-08-14,delivered,19.9,8.3,28.2,credit_card,1.0,2.0,-1.0,0.0
184687945,aaeb782b2c3417edea48a095560116d3,1.0,3315928404,3265006515,1919968767,2018-08-08,delivered,110.32,22.7,133.02,credit_card,1.0,14.0,-15.0,0.0
2654681843,6a868efa34dccad934e939877994dafe,1.0,2225767279,2913757754,3468483859,2018-07-20,delivered,54.9,22.2,77.10000000000001,voucher,1.0,6.0,-8.0,0.0
1887469364,b83bcc2e6111826562978d06d5de4e7e,1.0,651184115,969169982,1661230352,2018-08-02,delivered,95.4,14.98,110.38,boleto,1.0,8.0,-3.0,0.0
923524666,881d60b41ea9627a5428fb78693fad34,1.0,1835605422,529495488,3485175421,2018-07-24,delivered,79.9,17.69,97.59,debit_card,1.0,9.0,-5.0,0.0
1782322658,3c74e538974fb013e938fbdd7d83675c,1.0,2999363919,4198849059,4194263931,2018-08-04,delivered,61.4,13.77,75.17,voucher,1.0,12.0,-25.0,0.0
3273842441,d40cfeb2e19997b52a5832dc2e21fa02,1.0,1211428299,3208225937,2059590905,2018-08-22,delivered,175.04,24.03,199.07,credit_card,4.0,7.0,-23.0,0.0
993304166,5f66067164a5ca7adf49a87bfe4cccc1,1.0,544922079,969012648,1763790356,2018-07-31,delivered,650.0,104.16,754.16,credit_card,5.0,21.0,1.0,1.0
2169990589,4518ab57ad7e9009e40b69c17bc005b4,1.0,864779657,2868588524,3482396629,2018-07-31,delivered,59.0,18.51,77.51,boleto,1.0,10.0,-3.0,0.0
3048627242,443ca495356740c3822c77b19cf02c4a,1.0,630138726,3944844586,584717230,2018-08-15,delivered,197.5,24.53,222.03,boleto,1.0,11.0,-2.0,0.0
2187125392,d310b57747a742fc3a54a009114a77db,1.0,2881452190,3291771989,2206307339,2018-08-03,delivered,81.0,23.37,104.37,credit_card,1.0,6.0,-12.0,0.0
3729045064,d03ca98f59480e7e76c71fa83ecd8fb6,1.0,2959160571,2493191062,3106288757,2018-08-29,delivered,109.9,9.52,119.42,credit_card,2.0,1.0,-5.0,0.0
2040930896,295f86e82a2d290cce6aef6009b55fb6,1.0,1345408003,81864429,1716536501,2018-08-06,delivered,48.9,9.09,57.99,credit_card,3.0,4.0,-3.0,0.0
2775176613,db090a16182b263b1e896bb26c6f66cf,1.0,4280365119,2478356935,2090364660,2018-07-13,delivered,31.5,15.32,46.82,credit_card,2.0,13.0,-10.0,0.0
4027751694,75a9432bc86fcd9061f4557cc03183ef,1.0,4130407575,2803782886,1480205621,2018-08-20,delivered,355.9,20.59,376.49,credit_card,2.0,7.0,-13.0,0.0
2016963001,8d6f70397db05604f0f4ccca7e376f12,1.0,972036978,2404226968,1573069542,2018-08-09,delivered,6.5,7.39,13.89,credit_card,1.0,4.0,-10.0,0.0
1510129383,2b40731966a5ce118fc7ca8b1cac993e,1.0,2114381786,1939083321,788869188,2018-08-03,delivered,105.0,20.02,125.02,credit_card,10.0,6.0,-10.0,0.0
4112280313,00f6ac4816d12f49026b09f2aa77d15f,1.0,1232044423,3548064169,1868809992,2018-08-06,delivered,35.0,19.44,54.44,credit_card,3.0,6.0,-14.0,0.0
2018052649,00f6ac4816d12f49026b09f2aa77d15f,2.0,1232044423,3548064169,1868809992,2018-08-06,delivered,35.0,19.44,54.44,credit_card,3.0,6.0,-14.0,0.0
2046714944,00f6ac4816d12f49026b09f2aa77d15f,3.0,1232044423,3548064169,1868809992,2018-08-06,delivered,35.0,19.44,54.44,credit_card,3.0,6.0,-14.0,0.0
3246409940,0c92cd0095b2e1f57c013f2094f4e434,1.0,3552389652,3513669726,900310379,2018-07-20,delivered,98.9,53.04,151.94,credit_card,3.0,14.0,-24.0,0.0
3736098929,170b7a63bf7b5f3d511c138e81f06e54,1.0,420760152,1368867325,796664912,2018-08-05,delivered,88.83,18.72,107.55,boleto,1.0,8.0,-1.0,0.0
3781198656,dcaccc51fd72c756c94ebec8b6480b51,1.0,1408267924,3420221311,123833255,2018-07-19,delivered,32.0,16.43,48.43,boleto,1.0,6.0,-8.0,0.0
2087929453,3220cd63fe43f4d8ec90a2f1a2925714,1.0,3838211145,2160789852,528827331,2018-08-10,delivered,101.0,25.06,126.06,credit_card,8.0,10.0,-7.0,0.0
874496468,841f2e1933fe5a504b9988e799265650,1.0,1807678070,4123710493,1138781032,2018-08-16,delivered,115.98,20.0,135.98,boleto,1.0,11.0,-31.0,0.0
3081641477,35a1f77503821f43673d975ffe0bb7b4,1.0,430701818,2464311720,1756264364,2018-08-21,delivered,289.9,45.83,335.73,credit_card,5.0,7.0,-17.0,0.0
451303970,8fb7d40ee1093b202dec8c0e06e2d21b,1.0,3488940921,750030509,1734769477,2018-07-03,delivered,29.9,7.79,37.69,boleto,1.0,2.0,-12.0,0.0
192460526,890e7120b669f8e79df87610b80b3b91,1.0,2884615137,2045315014,1734769477,2018-07-03,delivered,24.9,7.91,32.81,credit_card,1.0,2.0,-11.0,0.0
1625331967,4908ec7da1a1ce47b9b5da8de4192f4c,1.0,3228083837,517498823,4117658320,2018-08-14,delivered,97.5,19.87,117.37,boleto,1.0,12.0,-1.0,0.0
1518482360,77de74763ac99bedb50deb68da4b981d,1.0,1150752812,3692120055,355541326,2018-07-05,delivered,70.25,12.22,82.47,credit_card,8.0,11.0,-7.0,0.0
4218243400,b07f363d9c31fdda91a9c8079b99c2d1,1.0,2350532155,897415163,1868809992,2018-08-15,delivered,349.3,77.1,426.4,credit_card,8.0,9.0,-9.0,0.0
3322783588,b3298cf726e74882e77238c731e53f30,1.0,1792536183,1570442479,596468350,2018-07-05,delivered,89.0,23.42,112.42,credit_card,4.0,20.0,-14.0,0.0
1680176944,0affd51e37e6621004e4fe4fd7c64f4b,1.0,19187621,1251674484,988577361,2018-08-12,delivered,1325.9,27.38,1353.28,debit_card,1.0,17.0,-15.0,0.0
3205332322,3c91fb2601d8d06e7e3c9ee4f79060c0,1.0,2583203898,2809574497,519564207,2018-08-12,delivered,134.99,23.75,158.74,credit_card,4.0,4.0,-8.0,0.0
1737531629,42c8c432478c96a21d6b78c5350ccd28,1.0,1706832122,1772930474,2296215108,2018-07-31,delivered,395.0,25.53,420.53,credit_card,10.0,5.0,-4.0,0.0
4204237747,1fa4bffa6539c9b85fa24de8db7b2d48,1.0,4292344654,1491398631,2947136883,2018-07-04,delivered,64.8,14.76,79.56,boleto,1.0,7.0,-13.0,0.0
2163962963,e0e1fe9ae2dd406e99025006b746c364,1.0,1735198030,3913334083,935749508,2018-08-25,delivered,29.99,12.87,42.86,credit_card,2.0,5.0,-5.0,0.0
3299145357,a083c58efb31a3ae3e0ec63ccbdc8e37,1.0,3348397086,2788952506,1524586005,2018-07-23,delivered,35.9,8.41,44.31,credit_card,4.0,9.0,-2.0,0.0
2975109098,91bb03327725cc7058e5890bc6afda69,1.0,1888797435,1469916743,2261194409,2018-08-23,delivered,159.9,15.43,175.33,credit_card,4.0,6.0,-6.0,0.0
3855673993,3e8dab241fc3468ea66691de15216895,1.0,3753904417,398096557,2082146367,2018-08-18,delivered,648.0,26.82,674.82,credit_card,10.0,10.0,-13.0,0.0
4003966551,3e93213bb8fdda91186b4018b2fe0030,1.0,266826552,174750780,523493826,2018-07-17,delivered,122.99,53.21,176.2,credit_card,8.0,20.0,-2.0,0.0
2585100484,0967ab27ef08c9ab5cb890eb3c1f8f5b,1.0,233080975,1570888716,53223181,2018-07-15,delivered,27.9,18.3,46.2,boleto,1.0,8.0,-11.0,0.0
3616370069,6e9b1ed8338411f98f2dd86298e00826,1.0,3943133237,1833840202,1884653127,2018-08-11,delivered,32.9,23.03,55.93,credit_card,1.0,5.0,-13.0,0.0
3181796908,03e5d6a8dd520898f86f8429ccd07c21,1.0,3633962451,56186799,229483877,2018-07-30,shipped,119.9,15.94,135.84,voucher,1.0,,,
1535748662,4312fbcaf802f48339fed28e13a5dcc7,1.0,767783480,2850700559,3267334493,2018-07-15,delivered,59.99,18.52,78.51,credit_card,1.0,5.0,-14.0,0.0
3506994586,97a0c3698151724b828f425d511d224c,1.0,2132567536,1345049130,3115096273,2018-07-25,delivered,119.0,39.43,158.43,credit_card,5.0,6.0,-1.0,0.0
1939112603,380a3824a3077f718ff3e99534666bda,1.0,3478129843,1368867325,796664912,2018-07-03,delivered,80.38,18.66,99.04,boleto,1.0,10.0,-21.0,0.0
713830078,380a3824a3077f718ff3e99534666bda,2.0,3478129843,1368867325,796664912,2018-07-03,delivered,80.38,18.66,99.04,boleto,1.0,10.0,-21.0,0.0
1667305174,33a07fed56477fe605818442871aa9bd,1.0,639600669,1277571969,1763790356,2018-08-09,delivered,170.0,15.64,185.64,credit_card,3.0,12.0,-7.0,0.0
987274315,8c3ef96e828b5894ec632ba10985867d,1.0,1620732107,2809574497,519564207,2018-08-23,delivered,134.99,23.75,158.74,credit_card,3.0,4.0,-10.0,0.0
2239702875,8c65d56ff533ea4260692ba747aebc7b,1.0,2792962640,969169982,1661230352,2018-08-25,delivered,95.4,11.69,107.09,credit_card,5.0,3.0,-3.0,0.0
2924956198,8d58703c7926bd13b718863681e60e42,1.0,3190193840,1359004442,605810449,2018-07-17,delivered,38.99,13.85,52.84,credit_card,5.0,7.0,-7.0,0.0
1436745707,681520892dd4126ee802bcd5aca41c73,1.0,4227455381,3940529267,737969628,2018-08-11,delivered,74.9,23.32,98.22,credit_card,1.0,9.0,-3.0,0.0
2137504144,7b4dd7a1e967f3c305574c48bf4045f5,1.0,2947571505,2950671571,3734320862,2018-07-11,delivered,49.95,18.45,68.4,credit_card,6.0,10.0,-23.0,0.0
2354277842,487af6c1b2cb9c5259105b2388278bca,1.0,2217657323,2495106546,2580370799,2018-07-20,delivered,139.9,17.91,157.81,credit_card,3.0,9.0,-31.0,0.0
613120336,2342c7ad7ade2a5d4af9b379289044d8,1.0,4092806831,931310310,1751079328,2018-07-09,delivered,269.9,9.63,279.53,credit_card,2.0,2.0,-9.0,0.0
2411928466,2342c7ad7ade2a5d4af9b379289044d8,2.0,4092806831,931310310,1751079328,2018-07-09,delivered,269.9,9.63,279.53,credit_card,2.0,2.0,-9.0,0.0
1217373397,00f426c7214575822c3cb44ea59ef0f6,1.0,4136518850,1516644067,1985086499,2018-07-13,delivered,71.0,23.65,94.65,debit_card,1.0,12.0,-19.0,0.0
461315780,487b0b7a323d6f88a2ef4e194cdfd287,1.0,1691027590,1767205982,1615213775,2018-08-12,delivered,26.4,13.77,40.17,credit_card,1.0,10.0,0.0,0.0
545269077,39900b73a172015fa77a5a451c3cbc95,1.0,3201160941,3264037004,3026700899,2018-08-19,delivered,10.9,18.23,29.13,boleto,1.0,10.0,-7.0,0.0
4243010946,4f7dbee2068ee41007872df9d2532dfa,1.0,7933214,3286585782,3667124800,2018-08-10,delivered,49.9,15.45,65.35,credit_card,1.0,24.0,12.0,1.0
1568498286,98dbf8445c584d2354afd1a0ad55c033,1.0,82216625,2096595360,274025264,2018-07-05,delivered,34.9,18.34,53.24,credit_card,2.0,5.0,-30.0,0.0
1016192199,c264a164325d23f657477ec6c1f0907a,1.0,3319235654,784240119,2580370799,2018-07-15,delivered,564.9,18.25,583.15,credit_card,2.0,10.0,-12.0,0.0
2253827453,58b67b63bcec8f5f157c17d15b724b89,1.0,2684192360,1118237897,753329531,2018-08-15,delivered,179.9,39.53,219.43,credit_card,3.0,8.0,-12.0,0.0
3623941103,0749c820395dd586556efd230c9d1bb9,1.0,1753390828,389691767,1765806340,2018-07-04,shipped,85.9,15.9,101.8,credit_card,4.0,,,
914709719,70fd326c5cd0a2e95b8f8a457d62ee8c,1.0,2132790691,3055316057,2433711167,2018-07-27,delivered,49.9,18.45,68.35,credit_card,4.0,10.0,-10.0,0.0
2627332380,c4b59df9433d6b495858b721fa6008d4,1.0,3136501109,529495488,3485175421,2018-07-22,delivered,79.9,17.69,97.59,credit_card,4.0,4.0,-11.0,0.0
3118277575,4a23fbea65fe9c7d1163141340436ca0,1.0,4286595403,1825796659,275494328,2018-08-09,delivered,244.99,20.91,265.9,credit_card,5.0,6.0,-8.0,0.0
3657456153,a9ada7abcca958b99713b0cf42dc5c4c,1.0,3903124881,1934518943,96764808,2018-07-22,delivered,14.9,7.39,22.29,credit_card,1.0,2.0,-8.0,0.0
816668686,e1e7bf45ba3cdff55983f9c1741384a0,1.0,3068900323,82933504,2384848440,2018-08-07,delivered,119.9,17.03,136.93,credit_card,3.0,5.0,-4.0,0.0
4117538500,0b137ac032763829e728afcfee3ac3f2,1.0,3268168847,178126164,1765806340,2018-07-01,delivered,169.9,19.36,189.26,credit_card,8.0,4.0,-12.0,0.0
170909558,1a7a280eca13140d779d2f43ea48c15f,1.0,3812545588,2567847414,1567321006,2018-08-16,delivered,93.8,14.97,108.77,boleto,1.0,5.0,-30.0,0.0
3080183852,3683eb727daa8e1c605aeabd87b02445,1.0,3629276436,1776620515,2475905934,2018-08-05,delivered,69.99,11.51,81.5,boleto,1.0,10.0,2.0,1.0
1381793193,9e0ce3f44bcfc81171be7c5362887b80,1.0,2452585216,1764528659,3583083943,2018-07-05,delivered,62.21,13.78,75.99,credit_card,3.0,4.0,-16.0,0.0
2095360086,8c0464e7da83f3138bfff17574a840b6,1.0,847425369,2155746626,4120033478,2018-08-17,delivered,49.9,11.61,61.51,credit_card,3.0,5.0,-2.0,0.0
1522682516,daf3d34986ea6ba8b098570a1951677f,1.0,707926949,1477661494,3807170672,2018-07-09,shipped,154.0,16.18,170.18,credit_card,6.0,,,
1072544904,0faf27f68362829970b17e9b0989b20d,1.0,3163025124,1800334931,3774348967,2018-08-09,delivered,797.0,19.89,816.89,credit_card,8.0,5.0,-8.0,0.0
1982463132,7fad4942eb2e0461140e94f51a3e5053,1.0,368218713,3491261832,123833255,2018-07-21,delivered,40.0,9.03,49.03,credit_card,2.0,3.0,-7.0,0.0
3752002934,5f3af433b422f8039d6985ff87ba847e,1.0,1245304544,2160614722,738004747,2018-08-16,delivered,169.0,48.26,217.26,credit_card,4.0,9.0,-4.0,0.0
3853290351,43eb55273f90173602132799e81d95e2,1.0,3035110152,2656534737,4185397625,2018-08-19,delivered,120.0,21.28,141.28,credit_card,6.0,4.0,-1.0,0.0
1515309123,066bcda20b88b5f4d4870b32a387f822,1.0,3313486898,4276064104,1167975112,2018-07-30,delivered,185.0,19.4,204.4,credit_card,1.0,6.0,-17.0,0.0
1176019713,c86ec4cb10140cc7588fc65d09c279ac,1.0,2409445072,1277571969,1763790356,2018-07-31,delivered,170.0,25.54,195.54,credit_card,3.0,12.0,-7.0,0.0
2470251235,c682dfb743ebb49b200f4ad7fc4ab232,1.0,620204696,2164008281,2190763425,2018-08-08,delivered,129.89,11.93,141.82,boleto,1.0,8.0,-18.0,0.0
113622225,803f2f8bfcbe571642a39478ac759b12,1.0,3435984564,368714414,3267771422,2018-07-05,delivered,36.9,11.99,48.89,boleto,1.0,6.0,-7.0,0.0
1360844896,b0d9e11d4daffb6828bd2ca9ea78d916,1.0,1774327291,2719904175,3147574442,2018-08-08,delivered,89.77,31.5,121.27,boleto,1.0,9.0,-11.0,0.0
3175257837,17fa9c64619b1cf287c13c5249dd6b0c,1.0,4028971059,2477273896,3129531441,2018-07-13,delivered,130.0,39.99,169.99,debit_card,1.0,14.0,-31.0,0.0
2352527967,b843ecf0468cd0f373c436effbd6f37f,1.0,3047727730,1923178473,2633816467,2018-07-02,delivered,23.9,15.27,39.17,boleto,1.0,5.0,-18.0,0.0
199296827,446f7424265f98943549eb1cb79eceed,1.0,3217332373,2083996128,3626123686,2018-08-19,delivered,63.0,19.63,82.63,credit_card,3.0,8.0,-8.0,0.0
166792745,1b0e1058a094f333948edf16f4248323,1.0,27130602,3704740045,1884653127,2018-07-09,delivered,29.9,9.52,39.42,credit_card,1.0,3.0,-6.0,0.0
3342145945,ddba311fbcd3b55e2964aadd8ca8d231,1.0,2548051948,1626679553,1107359178,2018-08-24,delivered,109.9,11.79,121.69,credit_card,2.0,6.0,-7.0,0.0
96521839,c08918f04f354ae73e08676fd16d5527,1.0,506382737,3337623103,2278069784,2018-07-16,delivered,75.33,22.81,98.14,credit_card,1.0,9.0,-12.0,0.0
3776135857,c8328720517a06417715c52c03e52c89,1.0,579641139,3478202829,918571473,2018-07-11,delivered,199.9,52.12,252.02,credit_card,8.0,9.0,-25.0,0.0
1776564507,c8328720517a06417715c52c03e52c89,2.0,579641139,3478202829,918571473,2018-07-11,delivered,199.9,52.12,252.02,credit_card,8.0,9.0,-25.0,0.0
4214379326,1143f20f5408741a0c7d79bfa56efa6b,1.0,1383251513,4127040913,1357333497,2018-08-02,delivered,109.9,16.0,125.9,credit_card,6.0,6.0,-8.0,0.0
1163801581,191613fb4f2b5148a83470f7332551b8,1.0,2538603124,1059235571,3734963615,2018-08-08,delivered,240.99,15.03,256.02,credit_card,5.0,7.0,-1.0,0.0
3402466470,86df669ae5f899e27ee38488affc0d16,1.0,2127845884,3686510176,4109304321,2018-07-06,delivered,149.0,14.38,163.38,boleto,1.0,10.0,-14.0,0.0
1649754294,abccdfc385eeac64f4e5147bc7d9191c,1.0,906601976,2334624312,3396868089,2018-07-20,delivered,49.9,10.24,61.530758721195006,credit_card,6.0,1.0,-9.0,0.0
963178380,abccdfc385eeac64f4e5147bc7d9191c,2.0,906601976,2586520729,3396868089,2018-07-20,delivered,9.99,5.12,12.318482557609984,credit_card,6.0,1.0,-9.0,0.0
2333830927,abccdfc385eeac64f4e5147bc7d9191c,3.0,906601976,2334624312,3396868089,2018-07-20,delivered,49.9,10.24,61.530758721195006,credit_card,6.0,1.0,-9.0,0.0
1203961603,075e94be744f3e28a18d6ea444785f45,1.0,1546221503,1165008079,3995891762,2018-07-19,delivered,151.4,23.86,175.26,credit_card,9.0,7.0,-20.0,0.0
315062480,075e94be744f3e28a18d6ea444785f45,2.0,1546221503,1165008079,3995891762,2018-07-19,delivered,151.4,23.86,175.26,credit_card,9.0,7.0,-20.0,0.0
3073772671,5ce5414216f07cdd464573ba59e7f187,1.0,3791406423,1558201959,1361108180,2018-08-01,delivered,100.0,38.97,138.97,credit_card,2.0,7.0,-13.0,0.0
1251866504,bff370f6b528410596f33e9bb8ccae83,1.0,1560641593,331087579,1227159798,2018-07-25,delivered,14.99,7.39,22.38,credit_card,1.0,2.0,-14.0,0.0
2965853171,2bcca46cc41a77cd84a4bdc700411b14,1.0,355182273,2246164642,471171552,2018-08-15,delivered,87.0,23.55,110.55,boleto,1.0,6.0,-8.0,0.0
2765264451,c981128521975354988b8e88309a898d,1.0,1355356324,4194300541,3034887517,2018-08-05,delivered,253.57,38.69,292.26,credit_card,10.0,3.0,-53.0,0.0
2342231212,dde52e7aadf2e606b4c1b0effe1950bd,1.0,2609659408,4279602102,1654754434,2018-08-09,delivered,95.0,19.86,114.86,boleto,1.0,13.0,-1.0,0.0
2391924420,7f6945b2c635db3bce1cfb585ba82d33,1.0,2196547735,1595438487,1379301944,2018-07-27,delivered,35.19,18.35,53.54,credit_card,1.0,6.0,-26.0,0.0
479065122,a36a7f2219c828e52cb094ddc8d89b84,1.0,3132889351,1854062967,1019739776,2018-07-03,delivered,161.99,33.61,195.6,credit_card,2.0,6.0,-14.0,0.0
3153489741,0f04257628f269da8bcc26b6839d66f5,1.0,1483055067,2032437896,1350631362,2018-08-02,delivered,139.0,51.69,190.69,credit_card,1.0,13.0,-12.0,0.0
864959831,652e395eca81cbe843ef95202a101cf0,1.0,469574282,3969078892,1340118940,2018-07-24,delivered,77.9,9.3,87.2,credit_card,3.0,6.0,-4.0,0.0
4167082536,31edfdd76d49716666c52c80ae236d75,1.0,3070707352,3277277795,1813314038,2018-07-21,delivered,26.9,12.85,39.75,credit_card,1.0,5.0,-13.0,0.0
1319861183,543b09a837f0bfbe0b94e28a69588fb4,1.0,2678872005,2718103869,3539512176,2018-07-09,delivered,184.0,19.39,203.39,credit_card,6.0,4.0,-24.0,0.0
1428576025,329262a8ce814ac8ed283f9ae66ebee2,1.0,3300206988,592096461,2304947736,2018-07-23,delivered,78.0,15.65,93.65,credit_card,4.0,14.0,-4.0,0.0
3360682818,24f18122273caa6950e256dcb2d2f7a7,1.0,1641432658,630185185,934960704,2018-07-23,delivered,45.49,18.42,63.91,credit_card,1.0,7.0,-15.0,0.0
3170774042,db18e1e78435519ff49eae6ada66f29c,1.0,999400756,777655845,60670679,2018-07-29,delivered,33.0,23.38,56.38,credit_card,1.0,9.0,-7.0,0.0
1082886642,1c1d7c04efff33ea9ebb71907b576f50,1.0,4207130321,3983692150,4106597905,2018-07-24,delivered,68.9,18.28,87.18,debit_card,1.0,6.0,-23.0,0.0
218016409,d6af6233aac78108f824d75f4461fa14,1.0,1947942019,3248178789,212815993,2018-07-20,delivered,107.99,15.86,123.85000000000002,credit_card,1.0,7.0,-13.0,0.0
2701684232,d6af6233aac78108f824d75f4461fa14,2.0,1947942019,3248178789,212815993,2018-07-20,delivered,107.99,15.86,123.85000000000002,credit_card,1.0,7.0,-13.0,0.0
4236191120,d6af6233aac78108f824d75f4461fa14,3.0,1947942019,3248178789,212815993,2018-07-20,delivered,107.99,15.86,123.85000000000002,credit_card,1.0,7.0,-13.0,0.0
235276407,00b6e66f005a657a6b13eedcacdf9342,1.0,2374008377,1277571969,1763790356,2018-08-11,delivered,199.0,39.66,0.0,unknown,0.0,10.0,-10.0,0.0
3966103727,00b6e66f005a657a6b13eedcacdf9342,2.0,2374008377,1277571969,1763790356,2018-08-11,delivered,199.0,39.66,0.0,unknown,0.0,10.0,-10.0,0.0
2206661341,3290506deecf9d593a1e7a295fa13dbe,1.0,1163716051,1302923677,4270254564,2018-07-21,delivered,54.9,16.57,71.47,boleto,1.0,9.0,-22.0,0.0
3819033249,0a31cde0de75146ec6aa043161f74cf3,1.0,1527626786,2648223023,196831707,2018-07-15,delivered,229.99,58.09,288.08,credit_card,1.0,9.0,-17.0,0.0
4179637353,2095de529ec22771a4996c8ef81f6ba7,1.0,4057514137,1676477070,1379301944,2018-08-22,delivered,11.55,7.87,19.42,credit_card,1.0,5.0,-3.0,0.0
3961031271,2760fc9dd1ab8d8e9269d4d9f7ee48f6,1.0,51966335,2216978836,2023461531,2018-08-10,delivered,29.99,15.31,45.3,credit_card,1.0,6.0,-7.0,0.0
2158464371,95807754346c1a01b8040f29f42f74d7,1.0,721918491,3214932595,825382268,2018-07-03,delivered,109.9,15.22,125.12,credit_card,2.0,6.0,-14.0,0.0
384213539,ddb860efe17d6082630b99db1200b1c0,1.0,1119021971,1544447277,2102163508,2018-08-20,delivered,132.0,17.11,149.11,credit_card,2.0,7.0,-10.0,0.0
557843255,5af5569e61eae15d683a20b707882e60,1.0,1249392514,476758799,112649996,2018-07-17,delivered,29.99,18.31,48.3,credit_card,1.0,5.0,-18.0,0.0
2801412802,5af5569e61eae15d683a20b707882e60,2.0,1249392514,476758799,112649996,2018-07-17,delivered,29.99,18.31,48.3,credit_card,1.0,5.0,-18.0,0.0
2238599267,5eff641a591dc86709424d65585467a5,1.0,2717594310,1045357713,3659481684,2018-07-10,delivered,25.89,19.09,44.98,credit_card,4.0,10.0,-9.0,0.0
454123737,bef03713fe5980450be9ff427e26b699,1.0,3579696574,1996407822,3078712930,2018-07-07,delivered,38.62,19.46,58.08,credit_card,2.0,5.0,-24.0,0.0
2009280526,be3e82e85f91b973f1fbc0c75fb1b465,1.0,1644657979,3898251050,96764808,2018-07-10,delivered,14.9,7.39,22.29,voucher,1.0,2.0,-6.0,0.0
2430887090,8c49dc4a643a15ef1db44391d2034366,1.0,3934967653,4251025103,274025264,2018-07-27,delivered,34.9,15.34,50.24,credit_card,1.0,6.0,-18.0,0.0
4248888828,442c441e8e8588cbf0f462423f7d864b,1.0,1414285732,506729612,3267771422,2018-07-09,delivered,14.9,8.82,23.72,boleto,1.0,3.0,-6.0,0.0
3289065929,442c441e8e8588cbf0f462423f7d864b,2.0,1414285732,506729612,3267771422,2018-07-09,delivered,14.9,8.82,23.72,boleto,1.0,3.0,-6.0,0.0
3575164464,b75ec2d4ba9e40634c65c4b6be946b6c,1.0,155118358,2198832795,1294284707,2018-08-19,delivered,579.0,19.15,598.15,credit_card,5.0,9.0,-7.0,0.0
2713395092,9014b176a3efa6ac1b06cc50cf2d3fff,1.0,229411237,1250239031,3620228618,2018-08-20,delivered,14.5,15.23,29.73,credit_card,2.0,7.0,-17.0,0.0
3077075859,c4416b46a61a027f858fdc3746644312,1.0,2878251051,4256177069,1868809992,2018-07-14,delivered,230.0,82.92,312.92,credit_card,4.0,11.0,-13.0,0.0
3910595382,364aedfbbc0fa797cdee61d4dc4d2dcb,1.0,435927986,927520167,487055631,2018-07-18,delivered,259.0,28.11,287.11,credit_card,4.0,6.0,-14.0,0.0
9224913,5d4a04483cce0b0e684e25f05919fa89,1.0,790026899,4010911302,2250123381,2018-08-21,delivered,93.0,18.99,0.0,unknown,0.0,6.0,-25.0,0.0
3723835253,46305152468c40eab4e76930746d4ab1,1.0,3672210933,3822421164,2304947736,2018-07-26,delivered,95.0,13.33,108.33,credit_card,3.0,5.0,-9.0,0.0
2423340930,d01395763bb11d18d9482f322715b80d,1.0,2480528628,722397700,3873129795,2018-08-28,delivered,150.9,9.22,160.12,credit_card,1.0,1.0,-2.0,0.0
1834689957,2922d9dd6672241cb658a40bf507e4b1,1.0,1041579243,1712467345,1192140775,2018-07-11,canceled,97.0,14.98,111.98,credit_card,6.0,,,
2863663626,1362f8eb7b8f4e07b852a57afc251381,1.0,2556853702,3853069843,420819844,2018-07-23,delivered,190.0,16.43,206.43,boleto,1.0,11.0,-7.0,0.0
1018554000,20aac17e27ac5fb3ebbf44a26b0e2d3c,1.0,2156851311,1971706587,1919968767,2018-08-04,delivered,110.32,8.03,0.0,unknown,0.0,9.0,0.0,0.0
4294455682,94d2360b6b3afaf6e51fee341b108392,1.0,3332918973,1996513666,2023461531,2018-08-24,delivered,30.0,8.96,38.96,credit_card,1.0,3.0,-2.0,0.0
248424362,9e766b8cbac373f4795d99c05f57514c,1.0,647062086,2093636419,1379301944,2018-07-08,delivered,10.0,18.23,28.23,credit_card,1.0,11.0,-18.0,0.0
2528325530,bda3c40c66117ac3211d4934f4a43ec6,1.0,417226777,1411241954,4109428959,2018-07-30,delivered,12.67,7.39,20.06,debit_card,1.0,11.0,0.0,0.0
1181712017,5c7cd811e61b95684de8c9416aa236ce,1.0,1305686373,1033495,3807170672,2018-08-03,delivered,49.0,18.44,67.44,credit_card,3.0,12.0,-2.0,0.0
2990308505,ddbee74a2a5acaf9c9c17fb5671e13a9,1.0,575552589,2770607055,2834557933,2018-08-19,delivered,499.0,62.64,561.64,credit_card,2.0,7.0,-16.0,0.0
1323045690,242a0801712ac98aba33d3db88344ae0,1.0,1204266909,3987684668,123833255,2018-07-23,delivered,180.0,19.06,199.06,credit_card,2.0,21.0,-7.0,0.0
3726549137,60b570df9018c6b6441017314a2dd081,1.0,3821988193,160377734,2082347993,2018-07-18,delivered,179.99,45.25,225.24,boleto,1.0,23.0,-21.0,0.0
2456416167,60b570df9018c6b6441017314a2dd081,2.0,3821988193,160377734,2082347993,2018-07-18,delivered,179.99,45.25,225.24,boleto,1.0,23.0,-21.0,0.0
1619776701,60b570df9018c6b6441017314a2dd081,3.0,3821988193,160377734,2082347993,2018-07-18,delivered,179.99,45.25,225.24,boleto,1.0,23.0,-21.0,0.0
1357478930,60b570df9018c6b6441017314a2dd081,4.0,3821988193,160377734,2082347993,2018-07-18,delivered,179.99,45.25,225.24,boleto,1.0,23.0,-21.0,0.0
1874722531,60b570df9018c6b6441017314a2dd081,5.0,3821988193,160377734,2082347993,2018-07-18,delivered,179.99,45.25,225.24,boleto,1.0,23.0,-21.0,0.0
2319974369,60b570df9018c6b6441017314a2dd081,6.0,3821988193,160377734,2082347993,2018-07-18,delivered,179.99,45.25,225.24,boleto,1.0,23.0,-21.0,0.0
417333020,6b1c7130d5aac7f42b53755af58fe82a,1.0,2564783087,3480532368,1107359178,2018-07-25,delivered,89.9,57.4,147.3,credit_card,1.0,14.0,-8.0,0.0
2910349022,99a18b057d4dd4778d6f3a33ba498777,1.0,2442752350,1031724250,1700921277,2018-08-06,delivered,13.98,7.71,21.69,credit_card,1.0,1.0,-2.0,0.0
2390960600,244232dbaf1d3d08c7e863d28b8ec328,1.0,1480967975,1241208376,2023461531,2018-08-16,delivered,79.99,22.49,102.48,boleto,1.0,11.0,-21.0,0.0
1271377349,a7c7a7efd0001000ffec268b29c694da,1.0,817987306,2254328024,1432305819,2018-08-13,delivered,29.99,22.93,52.92,boleto,1.0,11.0,-5.0,0.0
4018946784,5b57194733d4f66438a34574e9055b32,1.0,1636430131,853961923,664830643,2018-07-17,delivered,19.0,7.39,26.39,voucher,1.0,9.0,-5.0,0.0
3073595064,474c4ea497345c47f7b63558a380d73a,1.0,2815990675,2524535724,1919968767,2018-08-20,delivered,110.32,8.03,118.35,credit_card,1.0,8.0,-1.0,0.0
1860687355,2ecc68b349bb1dbe198e18f315c4889b,1.0,867922224,1424510107,274025264,2018-07-02,delivered,34.9,18.34,53.24,credit_card,5.0,8.0,-23.0,0.0
4016140018,3cd7db83ec0d0241ff01cd50c1571acb,1.0,1664381578,1542620785,897947394,2018-07-17,delivered,364.0,21.74,385.74,credit_card,8.0,9.0,-13.0,0.0
2801722821,4568a2bce4050c7579e898eca38f8833,1.0,3237848092,2090335714,3326062316,2018-08-11,delivered,39.9,15.38,55.28,credit_card,1.0,17.0,-6.0,0.0
3276468409,162f8986e2cc7a5fca25fd4be685b98d,1.0,3108284882,2322181515,1467775728,2018-07-18,delivered,36.9,50.98,87.88,credit_card,8.0,13.0,-12.0,0.0
1493899223,b48c09f638b289e9055c56ab3c3e4ae3,1.0,1249561646,291387229,726665638,2018-08-03,delivered,299.9,38.18,338.08,boleto,1.0,5.0,-5.0,0.0
492709833,b48c09f638b289e9055c56ab3c3e4ae3,2.0,1249561646,291387229,726665638,2018-08-03,delivered,299.9,38.18,338.08,boleto,1.0,5.0,-5.0,0.0
3196778988,ad2730b7abb692df187294b85fc0705d,1.0,43670681,574323517,123833255,2018-07-19,delivered,135.0,11.97,146.97,credit_card,8.0,4.0,-4.0,0.0
1983864660,6cf42ae592086e2192284047cbfb4632,1.0,749888058,2898892647,1692866640,2018-08-07,delivered,64.39,18.25,82.64,boleto,1.0,14.0,-3.0,0.0
2278848373,6cf42ae592086e2192284047cbfb4632,2.0,749888058,2898892647,1692866640,2018-08-07,delivered,64.39,18.25,82.64,boleto,1.0,14.0,-3.0,0.0
898365069,22f94104a2c1ac2af08122839aa708b2,1.0,2215319429,1040496830,1303264640,2018-07-17,shipped,57.88,27.36,85.24,boleto,1.0,,,
4141104344,c3b1312808b5e55eda5efa7fcb111b00,1.0,3888329835,906454670,1604814988,2018-07-03,delivered,92.9,77.42,170.32,credit_card,3.0,20.0,-10.0,0.0
1074514520,c3b1312808b5e55eda5efa7fcb111b00,2.0,3888329835,906454670,1604814988,2018-07-03,delivered,92.9,77.42,170.32,credit_card,3.0,20.0,-10.0,0.0
4061374925,22036cdcfe0c280a53567412a2bc04b6,1.0,1765411160,653417559,4086780073,2018-07-30,delivered,119.0,41.81,160.81,credit_card,1.0,7.0,-14.0,0.0
3062993141,838f02ea52c8e48b8bc5ed2671e7bfd3,1.0,3616880916,4042275067,1637578522,2018-07-09,delivered,14.0,7.39,6.8,credit_card,1.0,2.0,-7.0,0.0
190205528,5fbb36c2e55d34d7799cb74e65d73a62,1.0,1198045360,3039721405,2823580135,2018-07-03,delivered,72.0,16.69,88.69,credit_card,2.0,6.0,-11.0,0.0
3066504362,ad87f982d1ef40d7a0bc339828e35616,1.0,1695552614,2719904175,3147574442,2018-07-21,delivered,89.77,62.88,152.65,credit_card,8.0,15.0,-9.0,0.0
3182165539,e16fb24453a306d5d6ba1fb3156df7a4,1.0,1570944713,512832238,2629314654,2018-08-06,delivered,8.99,22.06,31.05,boleto,1.0,13.0,-11.0,0.0
1081550587,40b9d0a196fc994938fec40d258133be,1.0,1859764307,3203899544,1565580883,2018-08-11,delivered,95.28,12.13,107.41,credit_card,1.0,3.0,-7.0,0.0
1599088476,47106caf7707ccc0552581877874349f,1.0,3610791483,367210197,1115532295,2018-08-11,delivered,24.5,12.83,37.33,credit_card,3.0,6.0,-11.0,0.0
1686978757,4ce5781581782e1783fb9ed718ab6053,1.0,2055490005,3663760914,2694359720,2018-07-19,delivered,14.89,9.5,24.385,boleto,1.0,5.0,-26.0,0.0
1467716126,4ce5781581782e1783fb9ed718ab6053,2.0,2055490005,3663760914,2694359720,2018-07-19,delivered,14.89,9.5,24.385,boleto,1.0,5.0,-26.0,0.0
831728389,47d248c19f5affa1ef2a5b91c8006ddf,1.0,2729617019,944970780,753329531,2018-07-23,delivered,189.9,21.6,211.5,boleto,1.0,8.0,-13.0,0.0
3183540825,c680034cfb1945850fadf876ace52483,1.0,4278051595,2992711353,4275876195,2018-08-13,delivered,129.97,8.17,138.14,credit_card,2.0,4.0,-5.0,0.0
3398377304,1f6d86317f38faa3dc8534370197ee15,1.0,2977398856,527012192,1555790669,2018-07-21,delivered,647.0,17.83,664.83,credit_card,10.0,4.0,-8.0,0.0
3678703263,d4b4050ad0885ce84603e34ee06201ca,1.0,3013344814,3136512756,2765189476,2018-08-07,delivered,399.0,154.38,553.38,credit_card,5.0,3.0,-11.0,0.0
1830414553,c28d64b0e65c1fc17a65f6902f11226f,1.0,2456830628,3350753136,3485175421,2018-08-02,delivered,68.5,14.06,82.56,credit_card,8.0,7.0,-4.0,0.0
2873237611,2c316630a424abef517f1f8d7295d666,1.0,571637850,2976346552,3478032676,2018-08-23,delivered,99.9,14.28,114.18,credit_card,2.0,6.0,-12.0,0.0
2394832517,3085b7ef3898f0caa9793f33a175b07e,1.0,2537924201,1115709752,2304947736,2018-07-31,delivered,78.0,22.48,0.0,unknown,0.0,7.0,-13.0,0.0
2929410500,2c810e97c1d3956172e1830863e6a133,1.0,1843751168,885262998,1018258220,2018-08-15,delivered,1299.65,27.2,1326.85,credit_card,8.0,5.0,-7.0,0.0
2766215682,4114c50e035cecc014d1340671e07f88,1.0,747189865,4220492549,3051201525,2018-08-13,delivered,139.0,34.05,173.05,debit_card,1.0,7.0,-3.0,0.0
4097386939,1eec0efabea726c266e947674306621a,1.0,1368772788,2709425629,3446539219,2018-07-21,delivered,97.5,14.99,112.49,credit_card,5.0,9.0,-13.0,0.0
1996851481,235d63795ce7643944b9b41203d37c30,1.0,1957501344,3376465395,2971376258,2018-07-12,delivered,220.0,24.34,244.34,credit_card,2.0,7.0,-19.0,0.0
3032938730,6e57e0a357e780334cea7b98208d6f25,1.0,2095460781,146029857,123833255,2018-07-05,delivered,39.0,8.43,47.43,boleto,1.0,5.0,-7.0,0.0
289046447,5bcc22a5b7883bf37424018f8068c511,1.0,3116832809,3924580625,4194263931,2018-07-27,delivered,65.9,37.37,103.27,boleto,1.0,19.0,-7.0,0.0
638690967,5bcc22a5b7883bf37424018f8068c511,2.0,3116832809,3924580625,4194263931,2018-07-27,delivered,65.9,37.37,103.27,boleto,1.0,19.0,-7.0,0.0
3396421264,5c41c8b1cb46ca2a7fdd390e960d9ade,1.0,798299804,441094769,519564207,2018-07-17,delivered,95.0,15.74,110.74,credit_card,1.0,2.0,-12.0,0.0
1527408686,4a2882a91107820eb25a65e0190575b0,1.0,1121653619,3562369157,1716536501,2018-07-09,delivered,134.9,10.07,144.97,credit_card,2.0,2.0,-7.0,0.0
708008723,77ff811b9df5550b4691cc8b4bb4902a,1.0,698787556,643758985,2982880934,2018-07-03,delivered,27.9,22.13,50.03,boleto,1.0,8.0,-22.0,0.0
3374098574,2671e7f4ef9e76c9019650580aaeae95,1.0,2110923084,828471097,4288352225,2018-08-04,delivered,129.99,20.1,150.09,credit_card,2.0,11.0,-7.0,0.0
3794295810,9d141b2bebc8cf4060d3fe3e0d2f0b8d,1.0,2330573419,4102193398,2681412629,2018-08-21,delivered,79.99,7.82,87.81,credit_card,2.0,3.0,-2.0,0.0
3671191885,74599b2f01a4dc2150e3e9c9d8ecab7f,1.0,3180958513,2639647191,585086534,2018-08-02,delivered,31.99,27.5,59.49,credit_card,2.0,7.0,-14.0,0.0
2651727914,7c405ba2f3b8dd2c78b2bc4b002def54,1.0,2621042862,1414012464,447945570,2018-07-23,delivered,39.9,22.56,62.46,boleto,1.0,11.0,-11.0,0.0
886996732,b5f7ed4633fb5be4575467a3ecd2ebc0,1.0,3387516759,1554685056,2404857819,2018-08-04,delivered,84.0,28.17,107.1759313667881,credit_card,10.0,2.0,-23.0,0.0
3079739174,b5f7ed4633fb5be4575467a3ecd2ebc0,2.0,3387516759,40854502,355541326,2018-08-04,delivered,87.27,14.09,111.34813726642378,credit_card,10.0,2.0,-23.0,0.0
1836831946,b5f7ed4633fb5be4575467a3ecd2ebc0,3.0,3387516759,1554685056,2404857819,2018-08-04,delivered,84.0,28.17,107.1759313667881,credit_card,10.0,2.0,-23.0,0.0
3037542613,b6969182ca56633a2bfb942ad18bb2b4,1.0,1781155337,728160491,604861625,2018-08-14,delivered,63.99,16.64,80.63,credit_card,1.0,8.0,-6.0,0.0
1061663632,7cf01fbc143d74367eedc9b9f8fbf437,1.0,3537969279,2245446452,2977093912,2018-08-08,delivered,75.0,16.72,91.72,credit_card,2.0,12.0,-2.0,0.0
2319740220,dc040d454f8619d4efa801ed69538bc5,1.0,3065666009,1795108154,2612393066,2018-08-14,delivered,135.0,17.88,152.88,credit_card,2.0,13.0,-1.0,0.0
1944506505,a65e61b2cf7bed6e9df047a709f06242,1.0,2252972107,3969958778,1503930686,2018-07-11,delivered,166.9,47.83,214.73,credit_card,8.0,14.0,-19.0,0.0
2144748947,058dbc6a010af0332e7515f383c02b5b,1.0,1385424499,1425614791,3485175421,2018-07-31,delivered,77.9,23.35,101.25,credit_card,10.0,6.0,-8.0,0.0
681208413,0a131976e98291762104959158e2bdc6,1.0,2765058944,3664121180,3805440001,2018-07-14,delivered,599.0,66.44,665.44,credit_card,4.0,22.0,-2.0,0.0
2422631572,5b8dcad724fe4568d2615017c056e69b,1.0,312955327,178126164,1765806340,2018-08-13,delivered,240.0,19.85,259.85,credit_card,10.0,4.0,-6.0,0.0
2104256763,ab76aedb67702363009523f1a9bc78ab,1.0,233742126,3463176742,2622583364,2018-07-30,delivered,138.0,19.07,157.07,credit_card,5.0,8.0,-15.0,0.0
912029830,18b33f2430f136a8deba8893596a53da,1.0,688839866,2756829448,3942029387,2018-08-09,delivered,75.0,23.33,98.33,credit_card,5.0,7.0,-24.0,0.0
2092852817,18b33f2430f136a8deba8893596a53da,2.0,688839866,2756829448,3942029387,2018-08-09,delivered,75.0,23.33,98.33,credit_card,5.0,7.0,-24.0,0.0
2511722235,8624511aa767a83ed91a47c158320964,1.0,3332529511,382228588,2997337676,2018-08-06,delivered,527.9,21.8,549.7,credit_card,8.0,28.0,5.0,1.0
1348878371,df62ac4bbb9419ada32597da29f9fe31,1.0,3478352189,3151701045,1379301944,2018-08-02,delivered,187.2,24.11,211.31,credit_card,10.0,10.0,-15.0,0.0
1659647905,a951133aeeb49076723a581a3eb8d51b,1.0,2954524481,721170892,3267771422,2018-07-27,delivered,49.9,23.15,73.05,credit_card,1.0,6.0,-14.0,0.0
1015719375,bd36f36524f5f3cc085c07a839d31a37,1.0,2928730021,3023074052,604144110,2018-08-16,delivered,98.9,15.79,114.69,boleto,1.0,6.0,-7.0,0.0
3805986866,0e1ab5408ec0c9ece6adcbb661b3a901,1.0,4253172848,3199174217,1505240583,2018-08-08,delivered,189.0,53.67,242.67,credit_card,4.0,9.0,-5.0,0.0
3264962861,55484b30fbc70a655031929c9a7acff9,1.0,1482182039,3699984013,2021085665,2018-08-13,delivered,134.0,9.1,143.1,credit_card,10.0,1.0,-2.0,0.0
2153658449,24a670b13d0b287bf0e123c3010fd19c,1.0,3239539653,174750780,523493826,2018-08-07,delivered,122.99,30.11,153.1,credit_card,2.0,12.0,-14.0,0.0
604881720,1f96abbd2bfd92185040f1e5b6ef7c41,1.0,2359238979,2809444719,881916968,2018-08-16,delivered,44.5,13.65,58.15,credit_card,2.0,7.0,-20.0,0.0
3880734141,4a314795304cb8de1e5e3f7956e2765f,1.0,3575331953,880070998,2622583364,2018-07-30,delivered,119.9,18.94,138.84,credit_card,4.0,7.0,-10.0,0.0
2679587247,5ef603cf924626f99285129d63316a1a,1.0,1988154249,3463176742,2622583364,2018-08-03,delivered,138.0,19.07,157.07,boleto,1.0,6.0,-12.0,0.0
378050120,62005c92ae50253cbafc90c07cf33d2e,1.0,2207730274,2791009449,2417877563,2018-08-21,delivered,22.99,7.42,30.41,credit_card,1.0,3.0,-6.0,0.0
2643091731,617a1be8a890f200080c6a798674e06a,1.0,4039456891,4294399807,2308685613,2018-08-13,delivered,82.0,8.73,90.73,credit_card,1.0,2.0,-2.0,0.0
2022468761,0b3ca8c9e3b3199306adb467fcd0e982,1.0,2839065929,1134493040,2565070737,2018-07-16,delivered,34.75,50.96,85.71,boleto,1.0,18.0,-10.0,0.0
3531812528,793edc24e4e9b6c0fbb5b63b1c07910b,1.0,2099559579,2928164159,9861004,2018-07-24,delivered,49.91,20.99,70.9,credit_card,2.0,6.0,-8.0,0.0
65392145,ad598503d5390301de7d5cd3b1dc2c4d,1.0,4214540785,3925803884,1026558515,2018-07-26,delivered,179.9,23.19,203.09,credit_card,10.0,12.0,-8.0,0.0
2225135428,a5dc44fe023a6153b7b9df59de5762b7,1.0,3688838697,35434626,819761952,2018-07-23,invoiced,93.0,14.96,107.96,credit_card,1.0,,,
404746367,52a2359e51fb8624aed7515a20a1494a,1.0,3219860319,3665607715,2880307388,2018-07-16,delivered,79.9,19.75,99.65,credit_card,1.0,14.0,-14.0,0.0
2206484689,b59dd1cfaae00761d5a3b6749e874c80,1.0,2151867492,4151761977,3768269081,2018-08-02,delivered,795.0,63.65,858.65,credit_card,8.0,7.0,-7.0,0.0
1149140294,d26e5113b124c2bf24274139cf339a8b,1.0,279562763,3598529902,2304947736,2018-07-03,delivered,29.0,19.11,48.11,credit_card,3.0,9.0,-13.0,0.0
2477177990,49e6f4ed0034a19d7c8051244c8d64ba,1.0,3830545657,3443668357,212815993,2018-07-23,delivered,194.99,8.79,203.78,debit_card,1.0,4.0,-24.0,0.0
3529200611,d0444c65949d9cea920374debbfbd723,1.0,819657728,553412510,2100815658,2018-07-03,delivered,95.2,18.47,113.67,credit_card,2.0,6.0,-24.0,0.0
3041688769,a96d3bc5d1e3315554ccd38f27ff5ef3,1.0,1737932118,1118237897,753329531,2018-07-25,delivered,179.9,39.53,219.43,credit_card,10.0,11.0,-14.0,0.0
2599872865,a96d3bc5d1e3315554ccd38f27ff5ef3,2.0,1737932118,1118237897,753329531,2018-07-25,delivered,179.9,39.53,219.43,credit_card,10.0,11.0,-14.0,0.0
269942113,a96d3bc5d1e3315554ccd38f27ff5ef3,3.0,1737932118,1118237897,753329531,2018-07-25,delivered,179.9,39.53,219.43,credit_card,10.0,11.0,-14.0,0.0
718271073,3304b73bf1a8b2f1e44d5cd320476582,1.0,2034831072,358211385,3397218519,2018-07-24,delivered,74.5,21.16,95.66,credit_card,1.0,3.0,-13.0,0.0
3654546286,a651186842ef57c2a7a20501436beaf7,1.0,1423801336,3753214852,3968462480,2018-07-30,delivered,140.0,27.96,167.96,credit_card,7.0,8.0,-6.0,0.0
3328890766,0ce94e50ed7d28e7856f3d127990d17c,1.0,1385544844,4259541492,2395580491,2018-07-29,delivered,315.0,36.5,351.5,boleto,1.0,10.0,-15.0,0.0
3269948895,bf0a0b465be0fe8e8e83edb5bca69a34,1.0,2141932707,3226316213,581044507,2018-07-19,delivered,549.0,25.77,574.77,credit_card,8.0,20.0,-12.0,0.0
1494735257,3899c98e47bec0b8dc7d92daa46ee1ed,1.0,3722450199,3794714258,4109304321,2018-07-30,delivered,139.0,44.77,183.77,credit_card,3.0,4.0,-11.0,0.0
2275908817,66102db498a42db4dd18edc624df4a95,1.0,2027947440,691977015,229483877,2018-08-19,delivered,127.9,16.0,143.9,credit_card,3.0,2.0,-13.0,0.0
2310975209,d001290419ddebaed22e4089349d4258,1.0,3700020573,2254554039,4194263931,2018-08-06,delivered,125.0,22.81,147.81,credit_card,5.0,17.0,-13.0,0.0
293011408,ae86e8d601cc4c3762fff0d9609a0861,1.0,2258923976,146801151,1241765477,2018-07-05,delivered,199.08,9.55,208.63,boleto,1.0,5.0,-8.0,0.0
2300443317,5cc512157c6670b00ba7bc623fb9ec23,1.0,4238027421,211704435,1018330744,2018-07-17,delivered,28.99,18.3,47.29,credit_card,4.0,7.0,-14.0,0.0
2830779047,818fffaae89ab44e0f2254ab0a2b560d,1.0,3373671331,3165793180,389971305,2018-08-10,delivered,11.2,22.06,33.26,credit_card,3.0,10.0,-9.0,0.0
4132395485,88d1a4053f36cee7a806c473458c6c11,1.0,3228139175,1150114816,1716536501,2018-08-17,delivered,48.9,19.53,68.43,credit_card,4.0,6.0,-4.0,0.0
2903453368,88d1a4053f36cee7a806c473458c6c11,2.0,3228139175,4289544797,1716536501,2018-08-17,delivered,48.9,19.53,68.43,credit_card,4.0,6.0,-4.0,0.0
1222104774,c2727cc96d58f1f1cf1ff57b3e4fac27,1.0,1664864329,1135949858,2544243389,2018-08-01,delivered,199.0,22.69,221.69,credit_card,10.0,5.0,-24.0,0.0
3208561464,397e335a89983e6eba9313c4a8f65e4b,1.0,2398878247,2951116895,358900552,2018-07-27,delivered,25.9,18.28,0.0,unknown,0.0,5.0,-13.0,0.0
1861600950,d591fe8e95691bbffc5f4f2478bb3a7c,1.0,200593294,216018721,2622583364,2018-08-01,delivered,299.9,14.76,314.66,credit_card,3.0,7.0,-6.0,0.0
493053198,2f508dcfe7fed8d13639afe310df65ab,1.0,3923573361,855398928,3741694444,2018-07-25,delivered,99.0,17.62,116.62,credit_card,2.0,9.0,-17.0,0.0
3547016445,30572123f2730cbcda9ff3acf4b879e2,1.0,3846429643,789290574,605810449,2018-07-25,delivered,64.99,14.77,79.76,credit_card,5.0,5.0,-8.0,0.0
1711906902,aee019a48962151b8f0a5f2667523a69,1.0,3576457015,709106470,447945570,2018-08-08,delivered,37.9,12.57,50.47,credit_card,1.0,8.0,1.0,1.0
1100405186,8c9e68d34aa382d77160f9a1190037ca,1.0,1089407991,2629057683,3371283952,2018-08-04,delivered,27.24,11.92,39.16,credit_card,2.0,4.0,-8.0,0.0
3108732927,8c9e68d34aa382d77160f9a1190037ca,2.0,1089407991,2629057683,3371283952,2018-08-04,delivered,27.24,11.92,39.16,credit_card,2.0,4.0,-8.0,0.0
2080069316,481fc532b3f80d9dea57e91dbbcf7119,1.0,3895936950,3770983526,2200182065,2018-08-09,delivered,94.0,29.14,123.14,boleto,1.0,11.0,-14.0,0.0
4140592160,3478b113b28e0c77c5b870f927de40cc,1.0,4236484304,2780123184,1195323413,2018-07-05,delivered,29.9,22.14,52.04,credit_card,1.0,5.0,-24.0,0.0
906992085,cdf746aa8492ace4e8785a606adf00f4,1.0,1700893942,1857638905,2880307388,2018-08-07,delivered,119.85,23.64,143.49,credit_card,7.0,20.0,-8.0,0.0
1470967690,7ece841b35eb37fd53c5ddf9ce85b1aa,1.0,1199482786,740571613,900310379,2018-08-23,delivered,35.94,13.59,49.53,credit_card,4.0,6.0,-5.0,0.0
132064153,ddc904ea8bd4313e136beae61948c20d,1.0,3202932637,4145880371,1867257412,2018-07-03,delivered,103.99,22.03,126.02,credit_card,2.0,8.0,-14.0,0.0
3848550432,cd8a09a7fdc1232c4b96604d9bcadc98,1.0,1781261811,126095465,4185397625,2018-07-13,delivered,38.99,27.25,66.24,credit_card,1.0,11.0,-9.0,0.0
201465808,e28a6e3aa7a161c1681ff579233321b8,1.0,1436219303,271482854,2622583364,2018-08-02,delivered,149.9,13.71,163.61,credit_card,3.0,7.0,-11.0,0.0
916578363,0decb14beb4de8d3b4e37103e81f119b,1.0,1896428675,114767540,1580385122,2018-07-31,delivered,34.9,17.17,52.07,voucher,1.0,8.0,-26.0,0.0
548129884,112eb6f37f1b9dabbced368fbbc6c9ef,1.0,1358155547,449110986,2417877563,2018-07-23,delivered,99.0,8.85,107.85,credit_card,1.0,2.0,-7.0,0.0
2106885097,717255f43d5c9b702e9bc8c7d03a82ad,1.0,624341766,2324370903,1839514776,2018-08-06,delivered,180.0,16.36,196.36,credit_card,5.0,7.0,-1.0,0.0
1825881073,5f540bf1c900b1734b6e0a2a86f4f08f,1.0,2531382749,2159850267,357160637,2018-07-06,delivered,14.5,7.39,21.89,credit_card,1.0,6.0,-7.0,0.0
767902173,624dc7bbc5e8bce830fd84e8ba75da2e,1.0,199193178,267705418,4185397625,2018-07-22,delivered,36.0,8.41,44.41,credit_card,2.0,2.0,-7.0,0.0
2461625831,ad0fdf82adbac10e4f1161e52433fed4,1.0,620050050,270986259,3422743060,2018-07-11,delivered,79.99,52.91,132.9,credit_card,1.0,14.0,-8.0,0.0
655140970,c97d02761ac50ebad2f99e2c4b710976,1.0,644820365,1545060036,229483877,2018-08-12,delivered,69.9,15.59,0.0,unknown,0.0,5.0,-13.0,0.0
132471051,5971f2b65e9c6f58aca350ec6674905d,1.0,669080453,98179416,2533375300,2018-07-13,delivered,24.9,18.27,43.17,credit_card,1.0,10.0,-17.0,0.0
1044222302,9bc4a96e4a1d676280d0f8ead78ceadf,1.0,1920969410,2203887488,2023461531,2018-08-05,delivered,99.0,13.35,112.35,boleto,1.0,5.0,-4.0,0.0
5620553,694bcde1f9a49ffeba5da89982f7b9ae,1.0,3973825066,1345766636,1503930686,2018-08-19,delivered,107.9,23.56,131.46,credit_card,3.0,8.0,-22.0,0.0
2518828393,c4ec84506bc793d3c774db9b0736d2c7,1.0,777353447,3003297880,1503930686,2018-08-18,delivered,108.9,23.56,132.46,boleto,1.0,10.0,-23.0,0.0
3252084973,d99a07d049ac5c39f6f62edba8d57721,1.0,2793906122,3527561180,1734769477,2018-08-28,delivered,99.9,11.72,0.0,unknown,0.0,1.0,-6.0,0.0
3052885282,8ff11ef36366d995297165f26d073f3e,1.0,2273948326,2233259332,3051201525,2018-08-18,delivered,91.0,14.22,105.22,credit_card,5.0,5.0,-5.0,0.0
529479654,03ef5dedbe7492bdae72eec50764c43f,1.0,2247570378,4056155569,2712979794,2018-08-29,delivered,24.9,8.33,33.23,credit_card,1.0,1.0,-4.0,0.0
729854297,6e5f1d377726554b0f65e0efce15e195,1.0,2280002100,2217081475,1847905424,2018-07-25,delivered,129.15,44.7,173.85,debit_card,1.0,9.0,-6.0,0.0
1752852886,d1e07e954814a237a314e375592363b3,1.0,3144320085,4294399807,2308685613,2018-08-21,delivered,82.49,18.68,101.17,credit_card,6.0,9.0,-5.0,0.0
2157732478,053060b606af02b5ea4b079dd492ec5b,1.0,394217096,2353644388,2715904789,2018-07-13,delivered,42.9,18.4,61.3,credit_card,2.0,7.0,-17.0,0.0
164321637,bee04fc605991e730c12544619d4a5ea,1.0,1809195722,2395007317,3051201525,2018-08-14,delivered,109.0,22.58,131.58,credit_card,2.0,6.0,-7.0,0.0
2332843143,1f6c0814bc17d77eaa0f31f053ec9ae2,1.0,3150540912,2548679098,4160630161,2018-08-07,delivered,9.9,7.39,17.29,boleto,1.0,6.0,3.0,1.0
1960057403,1f6c0814bc17d77eaa0f31f053ec9ae2,2.0,3150540912,2548679098,4160630161,2018-08-07,delivered,9.9,7.39,17.29,boleto,1.0,6.0,3.0,1.0
2497314088,d0a2ee9c1866926b3d773366fd916e37,1.0,3346735133,739772637,35460556,2018-07-23,delivered,12.99,7.39,20.38,credit_card,1.0,5.0,-9.0,0.0
1928039666,6265e86b71fc209d82742bcfebe33046,1.0,2091744792,3304200972,2250123381,2018-08-15,delivered,64.0,13.11,77.11,debit_card,1.0,5.0,-7.0,0.0
1147566735,3ebce4ad057096fca374d43a261707b6,1.0,626776709,2253528689,3242763796,2018-07-08,delivered,437.0,61.14,498.14,credit_card,1.0,16.0,-8.0,0.0
2295335385,9f7db45b6f8cc96acdf9c10d8a56bf74,1.0,1139383673,4114507059,1994919736,2018-07-09,delivered,86.0,18.7,104.7,credit_card,5.0,30.0,7.0,1.0
547703847,16ec508e18e1d4949fb54daf2539f7bd,1.0,4244615305,4010911302,2250123381,2018-08-23,delivered,96.0,13.33,0.0,unknown,0.0,6.0,-7.0,0.0
2050501829,26c032093452825fab1ef0adcde581ac,1.0,1691541432,264231931,1612681572,2018-08-14,delivered,105.0,23.54,128.54,credit_card,2.0,8.0,-7.0,0.0
2313234887,664141bb6dcd20117425954f2bae35ca,1.0,2405452848,462265391,2845521358,2018-07-10,delivered,69.5,22.42,91.92,credit_card,3.0,30.0,9.0,1.0
3523541413,b24235bd2ebf1a14887ec351288351d7,1.0,2611284737,1686484640,2208217379,2018-08-08,shipped,109.99,23.57,133.56,credit_card,1.0,,,
3121600545,ad1c31ec035e55a4187e536234b28e38,1.0,699288276,756055614,1868809992,2018-08-17,delivered,25.0,26.86,33.39375,credit_card,10.0,12.0,-7.0,0.0
2090833069,ad1c31ec035e55a4187e536234b28e38,2.0,699288276,3187461871,3485175421,2018-08-17,delivered,135.0,26.86,180.32625,credit_card,10.0,12.0,-7.0,0.0
3271543634,c1cf3cb3cf9e48ca06d7eb08d8b9dc0a,1.0,1143185710,2466355469,523493826,2018-08-17,delivered,66.99,27.75,94.74,credit_card,1.0,6.0,-20.0,0.0
2158456442,e1cbcc0a628610d3a838acf58bb4a8a5,1.0,1250114894,3964159918,3526770996,2018-07-31,canceled,88.0,15.72,103.72,credit_card,4.0,,,
342317813,d86151346a2ad9a3a4e6cfb4e2a885a1,1.0,1546419604,4069123494,1059084950,2018-08-11,delivered,59.9,58.93,118.83,credit_card,2.0,10.0,-20.0,0.0
2344039071,60a7df16f9a8d8f38bd974b8a873167d,1.0,3244847084,2497209898,581044507,2018-07-26,delivered,185.0,13.96,198.96,credit_card,8.0,4.0,-17.0,0.0
2111068311,1a1e19dbf8fabee87a30637487e4ddb7,1.0,3515819488,2172693901,568670513,2018-08-13,delivered,16.89,8.88,25.77,boleto,1.0,3.0,-4.0,0.0
1051889398,1a1e19dbf8fabee87a30637487e4ddb7,2.0,3515819488,2172693901,568670513,2018-08-13,delivered,16.89,8.88,25.77,boleto,1.0,3.0,-4.0,0.0
1387377745,c1f7501bdc05e68361a9d1c71ef75dcc,1.0,2389607262,2209229640,1716536501,2018-07-30,delivered,48.9,9.09,57.99,boleto,1.0,2.0,-2.0,0.0
1969246034,360d1b0085f85a626f77b5fe558e8ae8,1.0,2186641154,1241208376,2023461531,2018-07-18,delivered,69.99,15.59,85.58,credit_card,1.0,14.0,-2.0,0.0
2949569376,6b7d50bd145f6fc7f33cebabd7e49d0f,1.0,1051799179,3375036936,3485175421,2018-07-29,delivered,230.0,22.25,252.25,credit_card,8.0,11.0,-6.0,0.0
1370513244,459bf040bdb67f151841bbf50f9b10e8,1.0,1608594770,2422745456,3796303809,2018-08-09,delivered,69.9,7.75,77.65,credit_card,1.0,8.0,2.0,1.0
356085783,0c06a823dbc08a3948528a087cc01906,1.0,1506741620,1370340198,179864683,2018-07-28,delivered,59.9,16.61,76.51,credit_card,1.0,3.0,-9.0,0.0
2253718202,311a55e7e3386e44b73ace3d2fa51d6c,1.0,3856633999,2851501405,2348458789,2018-07-31,delivered,80.0,14.14,94.14,credit_card,1.0,3.0,-6.0,0.0
512024685,bb874c45df1a3c97842d52f31efee99a,1.0,2340147587,358211385,3397218519,2018-07-28,delivered,74.5,47.57,0.0,unknown,0.0,10.0,-15.0,0.0
868566684,790cd37689193dca0d00d2feb6459164,1.0,3028973140,1829243580,41857459,2018-08-10,shipped,99.0,8.11,107.11,boleto,1.0,,,
2128023454,6d415687ad03111662fbfc54c811414e,1.0,3499380364,3650959129,2533375300,2018-08-18,delivered,26.9,22.12,49.02,boleto,1.0,10.0,-22.0,0.0
3518855446,d66cdd2dee90bc354ba79f909e9dfda4,1.0,3163686767,2434883364,2284033100,2018-07-26,delivered,120.0,23.64,143.64,debit_card,1.0,6.0,-15.0,0.0
3423243760,1f4ef92fe96573c57bbdf0fd5c284459,1.0,4060727243,2608146566,91113541,2018-08-04,shipped,99.9,22.0,121.9,credit_card,8.0,,,
3419174649,4eae2c0464a15323f650d829daf9b778,1.0,1615038355,3269897659,1393673581,2018-07-23,delivered,39.0,18.37,57.37,boleto,1.0,6.0,-14.0,0.0
4209489869,9d7ecf49e46ed6b1d5caa034b87404a5,1.0,361538743,2036129729,261066546,2018-08-02,delivered,116.9,9.33,126.23,credit_card,5.0,4.0,-1.0,0.0
102883779,b7f955dbe116a63ae780222ad1b1da01,1.0,1854494713,3666027819,945263063,2018-07-20,delivered,59.9,16.61,76.51,credit_card,3.0,6.0,-22.0,0.0
3654917693,b7f955dbe116a63ae780222ad1b1da01,2.0,1854494713,3666027819,945263063,2018-07-20,delivered,59.9,16.61,76.51,credit_card,3.0,6.0,-22.0,0.0
3938612521,a0a4f45a87d4f0655d00a76cd579651e,1.0,484895146,3674741738,2580370799,2018-07-29,delivered,198.9,20.3,219.2,credit_card,4.0,10.0,-19.0,0.0
224275941,b43889e8181d41782f7b8489b1500fef,1.0,3580474022,3975056712,2304947736,2018-08-02,delivered,49.0,15.44,64.44,debit_card,1.0,6.0,-4.0,0.0
646056307,09744659d8e64274cf91bb288d9c3aec,1.0,472797742,1542620785,897947394,2018-07-16,delivered,364.0,64.8,428.8,credit_card,3.0,14.0,-10.0,0.0
3865340425,c2132e2cae45a1362b9d3496c25c5783,1.0,843574340,385216984,3521477845,2018-08-19,delivered,94.9,15.73,110.63,credit_card,5.0,4.0,-12.0,0.0
903769188,4055525efb230dfd940236b7888f2012,1.0,893334388,446817090,390945606,2018-07-19,delivered,19.99,8.89,28.88,credit_card,1.0,4.0,-4.0,0.0
1200234522,5e5f65b0204e38a3cfa1ef11f4fae391,1.0,3907039646,3168400041,3659481684,2018-07-17,delivered,33.89,17.17,51.06,credit_card,1.0,6.0,-9.0,0.0
3970454393,32c618cf9e5152197af878badcd117cc,1.0,3721338310,2964204229,3027005292,2018-07-12,delivered,39.0,19.46,58.46,debit_card,1.0,12.0,-13.0,0.0
3939728210,3fe0e2ede93f661b59fb83477ac2695b,1.0,2448370590,542271080,1856359935,2018-07-10,delivered,16.99,7.39,24.38,credit_card,2.0,3.0,-11.0,0.0
1587058931,320dcf288de15e4ff06ebbfce4e42c78,1.0,2869298085,4257561566,1422228924,2018-08-26,delivered,29.9,12.88,39.36833333333334,credit_card,3.0,4.0,-11.0,0.0
4008213929,320dcf288de15e4ff06ebbfce4e42c78,2.0,2869298085,463618410,1422228924,2018-08-26,delivered,31.9,12.87,42.00166666666667,credit_card,3.0,4.0,-11.0,0.0
1891671601,c6f6cbb3c845593222d5c594bb69c5fd,1.0,2734252388,1320840892,4125443955,2018-08-26,delivered,89.9,23.43,104.34,credit_card,4.0,4.0,-14.0,0.0
2053577304,cb8e4e4edadcee29ddbe43c4d2396db7,1.0,1444265945,2964204229,3027005292,2018-07-31,delivered,39.0,19.46,58.46,debit_card,1.0,6.0,-14.0,0.0
763230960,8b4b66868641eb5fc2bc090dc4f702f7,1.0,3256195057,2116048782,4055463965,2018-08-15,delivered,22.32,17.09,39.41,boleto,1.0,12.0,-23.0,0.0
4182422064,61c52217b9686dbe5382a3affae85cfc,1.0,2985589913,1175674364,2304947736,2018-07-06,delivered,55.0,23.11,78.11,credit_card,2.0,21.0,-5.0,0.0
1129571652,80fe5b2fe4869330fabbceea5e5e7c0c,1.0,1157365979,2267953768,353620887,2018-07-22,delivered,89.9,19.82,109.72,debit_card,1.0,18.0,-12.0,0.0
188380995,b360e877916b9d6b03877df56551e4dc,1.0,2099962439,3212844528,112649996,2018-07-03,delivered,29.99,22.14,52.13,credit_card,2.0,8.0,-23.0,0.0
2388947375,d00c0296f63ccdcf9062c425887095e6,1.0,2605885366,3420221311,123833255,2018-08-01,delivered,32.0,13.8,45.8,credit_card,1.0,5.0,-6.0,0.0
1154035988,5f4232203a9f7cd910b49787d7f32437,1.0,2164033885,1510914574,1138781032,2018-07-30,delivered,31.98,18.32,50.3,credit_card,1.0,10.0,-15.0,0.0
4257401797,1a7b59b9cddabc898f2cc56389b5fbc1,1.0,1925336809,2109349738,1692866640,2018-08-02,delivered,32.99,11.25,44.24,boleto,1.0,6.0,0.0,0.0
3474330078,1a7b59b9cddabc898f2cc56389b5fbc1,2.0,1925336809,2109349738,1692866640,2018-08-02,delivered,32.99,11.25,44.24,boleto,1.0,6.0,0.0,0.0
3777672423,c15790c4480e97b6a152024a4f53f0f6,1.0,1046530990,2172992090,3861952746,2018-08-20,delivered,99.9,19.99,119.89,credit_card,6.0,10.0,-35.0,0.0
2945367006,40a6bf502702fa0bfaee3ae436b554ed,1.0,3553487911,2915880041,605810449,2018-07-31,delivered,38.99,19.46,58.45,credit_card,8.0,7.0,-23.0,0.0
2297316152,40a6bf502702fa0bfaee3ae436b554ed,2.0,3553487911,2915880041,605810449,2018-07-31,delivered,38.99,19.46,58.45,credit_card,8.0,7.0,-23.0,0.0
336779161,da01eb83df2aafd16872ab0c5f24d5b6,1.0,1404194863,3733820191,1141793129,2018-07-01,delivered,39.0,12.93,51.93,credit_card,1.0,5.0,-17.0,0.0
2828527050,514988a3e142461049264d74b768b365,1.0,1247036257,3234093899,1622838244,2018-07-31,delivered,129.99,15.98,145.97,credit_card,1.0,6.0,-10.0,0.0
1841498575,8e8f8ef29c78c7b9c98cac70dd331ce2,1.0,1887521428,1277571969,1763790356,2018-08-08,delivered,170.0,30.44,200.44,credit_card,6.0,13.0,-6.0,0.0
2893836594,8e8f8ef29c78c7b9c98cac70dd331ce2,2.0,1887521428,1277571969,1763790356,2018-08-08,delivered,170.0,30.44,200.44,credit_card,6.0,13.0,-6.0,0.0
4053419327,8e8f8ef29c78c7b9c98cac70dd331ce2,3.0,1887521428,1277571969,1763790356,2018-08-08,delivered,170.0,30.44,200.44,credit_card,6.0,13.0,-6.0,0.0
3927431554,8e8f8ef29c78c7b9c98cac70dd331ce2,4.0,1887521428,1277571969,1763790356,2018-08-08,delivered,170.0,30.44,200.44,credit_card,6.0,13.0,-6.0,0.0
2007535734,8e8f8ef29c78c7b9c98cac70dd331ce2,5.0,1887521428,1277571969,1763790356,2018-08-08,delivered,170.0,30.44,200.44,credit_card,6.0,13.0,-6.0,0.0
4173499491,8e8f8ef29c78c7b9c98cac70dd331ce2,6.0,1887521428,1277571969,1763790356,2018-08-08,delivered,170.0,30.44,200.44,credit_card,6.0,13.0,-6.0,0.0
3634898327,aff32bb12b83b30724cae766b0270c64,1.0,3409645205,3897508342,2021085665,2018-08-24,delivered,189.0,10.07,199.07,credit_card,6.0,3.0,-3.0,0.0
326530032,56fe61b71a31aec95c794f860ede4ab8,1.0,390495580,2338770647,3094387524,2018-07-16,delivered,69.9,21.13,91.03,credit_card,1.0,6.0,-9.0,0.0
2630694721,19475e4f70007f7a726004e6c6f87cb7,1.0,2406795565,471644124,1505458309,2018-08-16,delivered,36.9,15.36,52.26,credit_card,1.0,7.0,-7.0,0.0
2856630301,df7133582058755527a65a8395403d26,1.0,2904484465,1010240874,1082701225,2018-08-03,delivered,59.9,9.17,69.07,credit_card,1.0,3.0,-1.0,0.0
1748298260,a67fbbbf7ef00baa90a44ab097b61e29,1.0,414117540,1293391083,797873474,2018-08-06,delivered,23.95,12.47,36.42,credit_card,1.0,10.0,-1.0,0.0
1080909282,d80272e7d2cde76157c01c03b3deebcc,1.0,1548371504,1117975320,3124966291,2018-07-12,delivered,25.0,7.44,32.44,credit_card,1.0,2.0,-6.0,0.0
3794731630,43b1a006a45825d17b170589b587f07c,1.0,2927865743,2499234023,1379301944,2018-07-28,delivered,29.9,7.95,37.85,credit_card,1.0,4.0,-1.0,0.0
511112902,b68dcf49a2ac5d629f24860c2959c6ab,1.0,3812491989,2425922164,4163232810,2018-08-07,delivered,35.99,19.44,55.43,boleto,1.0,8.0,-11.0,0.0
3029710710,bad80abf6bc799b1c731a90f1a761689,1.0,2861316372,228069001,1011007161,2018-08-02,delivered,89.9,13.97,103.71631463146316,credit_card,3.0,8.0,-5.0,0.0
2182549510,bad80abf6bc799b1c731a90f1a761689,2.0,2861316372,236146390,1512163182,2018-08-02,delivered,91.9,13.97,106.02368536853686,credit_card,3.0,8.0,-5.0,0.0
2491092532,d4a72eff3bfdb6ff7667bef4119283e9,1.0,436060819,1946056985,3051201525,2018-07-04,delivered,37.0,19.45,56.45,credit_card,1.0,7.0,-15.0,0.0
853682158,d4a72eff3bfdb6ff7667bef4119283e9,2.0,436060819,1786921561,3051201525,2018-07-04,delivered,37.0,19.45,56.45,credit_card,1.0,7.0,-15.0,0.0
1810212893,9858c41d96443ebb71329d305f62302d,1.0,983489288,3646085392,2166899228,2018-08-06,delivered,35.0,23.05,58.05,credit_card,4.0,8.0,-7.0,0.0
762149629,86dda1172108d1601101914c45b51699,1.0,2818248100,2372875899,407461500,2018-07-12,delivered,699.0,23.8,722.8,credit_card,8.0,13.0,-8.0,0.0
570358303,521061459524ada27c911dfdc0059314,1.0,59306172,2467692187,196831707,2018-07-09,delivered,265.0,24.57,289.57,credit_card,2.0,4.0,-5.0,0.0
2279077668,9da2b22e3f25c8310d5e5c36084a97ea,1.0,1689631839,3987684668,123833255,2018-07-02,delivered,130.0,15.22,145.22,credit_card,3.0,3.0,-14.0,0.0
3699611093,46d041b384bbdb77141815dd111b0e43,1.0,1857400510,3569974446,1637578522,2018-08-11,delivered,14.0,7.39,21.39,credit_card,1.0,2.0,-3.0,0.0
4058616122,46d041b384bbdb77141815dd111b0e43,2.0,1857400510,2281966105,3962302186,2018-08-11,delivered,14.0,7.39,21.39,credit_card,1.0,2.0,-3.0,0.0
3651535007,521758adf4fa0c8f76b1488d0aebb48e,1.0,113619571,2174546872,3681078781,2018-07-09,delivered,179.9,16.36,196.26,debit_card,1.0,16.0,-19.0,0.0
127430275,c3a937f97910c3602c1e4cdb4b951b1e,1.0,604205585,2275578707,2612393066,2018-07-01,delivered,15.0,18.23,33.23,credit_card,1.0,9.0,-20.0,0.0
1334814594,d9fba4d4669d79e886681d5bfbdf9f17,1.0,3134058457,1855535587,3669715512,2018-08-25,delivered,139.49,15.29,154.78,credit_card,4.0,5.0,-14.0,0.0
1425499173,60a33bdbdd12f868ce8db165ae533c18,1.0,669077220,2221954930,3147574442,2018-07-02,delivered,149.0,34.8,183.8,credit_card,3.0,7.0,-17.0,0.0
2841219464,a7931d1356ebfaff87f69f952ff58208,1.0,346015663,3133269672,3267771422,2018-08-19,delivered,22.9,7.42,30.32,credit_card,2.0,2.0,-2.0,0.0
3256797208,a7931d1356ebfaff87f69f952ff58208,2.0,346015663,3133269672,3267771422,2018-08-19,delivered,22.9,7.42,30.32,credit_card,2.0,2.0,-2.0,0.0
1427939719,a7931d1356ebfaff87f69f952ff58208,3.0,346015663,3133269672,3267771422,2018-08-19,delivered,22.9,7.42,30.32,credit_card,2.0,2.0,-2.0,0.0
35436069,402df52ba885529dfecfe3de3788b7a1,1.0,83360895,3111622276,2288027518,2018-08-24,delivered,149.0,27.99,176.99,credit_card,3.0,5.0,-11.0,0.0
746970052,dc2152f56d388bfc5f358fd79d3e6bdc,1.0,13487243,1150114816,1716536501,2018-08-19,delivered,48.9,22.84,56.88299407720064,credit_card,3.0,10.0,-28.0,0.0
3254616589,dc2152f56d388bfc5f358fd79d3e6bdc,2.0,13487243,3334917264,3035982500,2018-08-19,delivered,97.99,1.14,113.98700592279938,credit_card,3.0,10.0,-28.0,0.0
812515702,0c349a33319c2d39efe799b472d71e7d,1.0,1039346151,2315298639,2304947736,2018-07-22,delivered,29.0,18.3,47.3,credit_card,4.0,7.0,-9.0,0.0
3110556310,86f67a35fe1b268a04dab03c7cbdb333,1.0,1853665813,3911641092,2173695781,2018-07-17,delivered,119.99,44.64,164.63,credit_card,1.0,6.0,-24.0,0.0
130806722,bbde15031c474ab4519b10001935f416,1.0,2067794486,2896614241,3147574442,2018-07-05,delivered,149.0,51.33,200.33,credit_card,7.0,8.0,-18.0,0.0
4101669704,7336b444ed0c3b2431e2ec1e3f4ea91b,1.0,221125316,794828636,213195857,2018-07-25,delivered,72.9,14.09,86.99,credit_card,4.0,7.0,-7.0,0.0
3966127350,6f0ac9b2069a1f5b1518938be44d87ee,1.0,1354351717,462265391,2845521358,2018-08-06,delivered,69.5,22.42,91.92,boleto,1.0,9.0,-14.0,0.0
631155933,c027f3c5515fef73b9212d8381c33b25,1.0,4200537870,53867632,3393462886,2018-07-17,delivered,199.9,45.2,245.1,credit_card,8.0,8.0,-14.0,0.0
2288713886,2ca369587935712412b0097c8b319bb6,1.0,3456672339,3030224413,2082347993,2018-07-15,delivered,159.98,45.11,0.0,unknown,0.0,22.0,-23.0,0.0
3250343104,5c097b2906957e90e5958008194041ba,1.0,3805330651,1659615207,3474918787,2018-08-08,delivered,69.9,18.29,0.0,unknown,0.0,8.0,-3.0,0.0
3393882617,5fab55847de7117fd67d9522ef1db87d,1.0,4106512078,2791563243,3845613896,2018-08-12,delivered,189.0,14.9,203.9,credit_card,10.0,6.0,-6.0,0.0
2343331246,20a9733a8c2daed3d21e51040ecb4f22,1.0,2637476893,4070335493,442956100,2018-07-31,delivered,79.9,7.82,87.72,credit_card,1.0,2.0,-3.0,0.0
1712768258,a733dd756bea706319508beaf3873a3c,1.0,207764098,394339765,2304947736,2018-08-18,delivered,249.0,9.9,258.9,credit_card,3.0,3.0,-1.0,0.0
2535057440,d84d70e52f7b7abba77d84d49d97a134,1.0,2172192934,4173694598,213195857,2018-08-17,delivered,49.9,18.15,68.05,credit_card,1.0,9.0,-8.0,0.0
1216663341,5ae50807e27aa5da76c61f26abd3a04b,1.0,124184044,3783104343,2626732951,2018-07-22,delivered,62.0,23.23,85.23,credit_card,2.0,9.0,-8.0,0.0
258925123,5ae50807e27aa5da76c61f26abd3a04b,2.0,124184044,3783104343,2626732951,2018-07-22,delivered,62.0,23.23,85.23,credit_card,2.0,9.0,-8.0,0.0
1766117825,1ca643d83940d8a6482159517b32ddb7,1.0,2194954963,2123162441,4108968737,2018-07-27,delivered,157.9,43.33,201.23,credit_card,3.0,10.0,-16.0,0.0
4008716926,2eb148d17176fe23318301162e290974,1.0,2314246957,457248455,1868809992,2018-07-23,delivered,150.0,42.03,192.03,credit_card,3.0,6.0,-16.0,0.0
980575951,581bc29c5d7f193bd3f1cc87c24ae067,1.0,2705709166,2992823587,1914769873,2018-08-07,delivered,129.49,13.21,142.7,credit_card,1.0,1.0,-5.0,0.0
1488618247,a2e0ceb6d71b7658cd40852920066f75,1.0,532114923,3621970897,2622583364,2018-08-21,delivered,152.9,13.73,166.63,credit_card,3.0,7.0,-5.0,0.0
1880647352,73d8cc61665c773dfb85dc7fdb5c292d,1.0,321399476,4019824993,500047037,2018-07-20,delivered,99.0,8.11,107.11,boleto,1.0,4.0,-21.0,0.0
3790356590,1e7b55dfee29c0ed7edb54c8cfeaf244,1.0,1299378217,4268971921,926823165,2018-08-16,delivered,16.9,18.23,35.13,boleto,1.0,6.0,-20.0,0.0
3706818582,bd8c777b163d434c13d72bc016869c97,1.0,1027825061,2594868280,1921184264,2018-08-02,delivered,119.9,27.79,147.69,debit_card,1.0,14.0,-12.0,0.0
1723460639,3df5b35afbdc0b5adb218570cc635139,1.0,226479345,1048950813,60670679,2018-08-11,delivered,111.0,27.08,138.08,voucher,1.0,12.0,-6.0,0.0
2868434323,1e3d732b1d231004fa6b9c9141f53856,1.0,3327685081,231041745,796664912,2018-08-03,delivered,109.22,16.96,126.18,debit_card,1.0,5.0,-11.0,0.0
2064196622,b04b5f6052511a30ad4b0fddef226949,1.0,1801429321,2828023475,2810786206,2018-08-14,delivered,49.9,22.28,72.18,credit_card,7.0,7.0,-8.0,0.0
1881488245,a101dc8c16d9f1b0217313ca346231c1,1.0,1906697384,126915598,3115096273,2018-07-16,delivered,118.99,17.96,136.95,credit_card,6.0,9.0,-6.0,0.0
210546637,645fe97a0bdded23a1498357223769de,1.0,1418391358,3528735364,3728838497,2018-08-19,delivered,225.0,14.24,239.24,boleto,1.0,10.0,-5.0,0.0
3528270662,ad729f060dc2a81423b87ca2845ef6a4,1.0,394995396,2961291221,3968462480,2018-08-18,delivered,179.0,37.58,216.58,debit_card,1.0,3.0,-2.0,0.0
3591000808,df9a83542974f3a48afb63552d2f4bc5,1.0,1439083711,1221457373,935749508,2018-08-21,delivered,56.99,19.59,76.58,credit_card,2.0,2.0,-13.0,0.0
1151788121,cc747bcd22a8ec8bbddbe6c96945a5ad,1.0,4046356775,2368046688,1868809992,2018-08-02,delivered,196.8,27.68,224.48,credit_card,2.0,12.0,-5.0,0.0
393164990,994c71d451ee0dd361119399d7ade19a,1.0,3172550715,3423283229,934960704,2018-07-16,delivered,34.49,18.34,52.83,credit_card,2.0,7.0,-11.0,0.0
3386136559,b81dc96814c73196e795524a469a2c35,1.0,2828257147,2088733333,1666817986,2018-08-07,invoiced,29.9,12.87,42.77,credit_card,3.0,,,
82584555,505fc168ab839b442d590113f07ce67f,1.0,1503030673,3849474800,2845521358,2018-08-10,delivered,59.5,18.52,78.02,credit_card,7.0,13.0,-13.0,0.0
4083601739,329dc72939ca5ca51023e9e8b2d4ca78,1.0,3797081243,41308522,2068067571,2018-08-22,delivered,89.0,23.77,112.77,credit_card,1.0,6.0,-15.0,0.0
571545150,7086e3b83e873f58a6933c0bbf734d19,1.0,1577201773,3456254014,3942029387,2018-07-20,delivered,179.99,24.06,204.05,credit_card,1.0,6.0,-14.0,0.0
2542816144,b7b4ac6cf1e3f2b55add5793768dc23b,1.0,842982663,1339989781,1343522669,2018-07-07,delivered,29.9,23.01,52.91,credit_card,1.0,5.0,-21.0,0.0
827034425,5db9b8f52b7f31e8ff3bd6111936000d,1.0,2177878226,1745648530,9861004,2018-08-07,delivered,49.9,41.33,91.23,credit_card,7.0,7.0,-12.0,0.0
1792091571,341aa5f2e049abdcf01324107401e6d8,1.0,1940486034,3992507393,2304947736,2018-07-31,delivered,55.0,13.05,68.05,credit_card,3.0,6.0,-7.0,0.0
3092817779,6e1d72c49d6aa8e6a4c5670c6ae13c72,1.0,2311125260,2434954696,3396868089,2018-07-14,delivered,29.9,8.37,38.27,credit_card,1.0,9.0,0.0,0.0
3633085753,d22de2b954752f441e769425053dcbd7,1.0,1627628314,3407127281,2295614602,2018-07-27,delivered,250.0,16.85,266.85,credit_card,5.0,6.0,-14.0,0.0
1988054430,d4b43f099e2e2c48aae8090b1d632903,1.0,948421256,1419405798,4185397625,2018-07-04,delivered,23.99,16.44,40.43,credit_card,4.0,2.0,-13.0,0.0
2237479927,90f56b2ed34b8c5f56dd1255faca84e1,1.0,3902900694,1570888716,53223181,2018-07-24,delivered,27.9,22.13,50.03,debit_card,1.0,14.0,-8.0,0.0
3578176364,87889791f729ac3bc040d1633961d826,1.0,1684856091,3796429695,3016182256,2018-08-20,delivered,244.0,20.9,264.9,credit_card,3.0,7.0,-7.0,0.0
2082854985,977864c01ce46bb65d6e13a345804645,1.0,59104073,3361113650,3734320862,2018-07-17,delivered,39.99,12.94,52.93,credit_card,5.0,8.0,-7.0,0.0
15068141,c4c1257d437761ebf697da82b5cca4e1,1.0,2071301216,1672925611,854629258,2018-07-23,delivered,74.99,30.33,105.32,debit_card,1.0,8.0,-13.0,0.0
2560507354,31a49d7427661b46338c025ff2e07d20,1.0,1779524613,215579846,213195857,2018-07-21,delivered,63.9,11.47,75.37,credit_card,1.0,4.0,-6.0,0.0
205539306,00d15ff0236872686e4899ed1ce680ad,1.0,4159140322,801270,1674470983,2018-08-07,delivered,57.95,22.34,80.29,boleto,1.0,14.0,-9.0,0.0
3517180367,7b907821024740432d6d005caa3451ee,1.0,1979509632,1259716184,53223181,2018-07-29,delivered,27.9,7.46,35.36,credit_card,1.0,1.0,-7.0,0.0
3326775160,64994605d8b781cada123b1d5c06d637,1.0,58173198,2912045934,2113594519,2018-08-07,delivered,49.9,15.45,65.35,boleto,1.0,9.0,-8.0,0.0
1107013230,bb8efe90a4b9dc65b0b365ca7a94db25,1.0,2567052810,2394147139,1813314038,2018-07-21,delivered,17.9,18.23,36.13,credit_card,2.0,9.0,-13.0,0.0
2092581436,3600dce59c2a50ed7c67e0d818b1e5bd,1.0,1548673673,1641401928,3968462480,2018-07-11,delivered,149.0,13.34,162.34,credit_card,3.0,1.0,-6.0,0.0
2563837448,6c8a46db92b71607f9b4b53efe70b28e,1.0,3726745296,3670351180,2348458789,2018-07-18,delivered,65.99,14.77,80.76,boleto,1.0,7.0,-8.0,0.0
542507149,467ba1d86d45ebd9cfa12501a08f40ec,1.0,2976867604,739772637,35460556,2018-08-01,delivered,12.99,18.23,31.22,boleto,1.0,14.0,-8.0,0.0
2867514679,820bd7a99cb9df2daca2dc8125e0f7de,1.0,890336444,1277571969,1763790356,2018-08-02,delivered,170.0,24.34,194.34,credit_card,3.0,11.0,-10.0,0.0
498163987,0339ed6316da69c73459e191c10ff6ac,1.0,3021898847,3286585782,3667124800,2018-08-04,delivered,49.9,13.01,62.91,boleto,1.0,5.0,-7.0,0.0
650325678,9f6dfdbc41dfe578aaf31edd0ba546db,1.0,3755989065,165456530,3521477845,2018-08-14,delivered,119.9,15.14,0.0,unknown,0.0,4.0,-4.0,0.0
1355699514,b681b75880c64cf34a01e503b6c2aafc,1.0,57070501,229969540,2014339942,2018-07-04,delivered,45.0,14.63,59.63,credit_card,2.0,7.0,-12.0,0.0
88310531,92fe083783a81f62019d6dcce018a85f,1.0,1354624523,2891738426,2348458789,2018-07-22,delivered,97.5,14.99,112.49,boleto,1.0,5.0,-10.0,0.0
3590262644,bb8a21007d7fc7789338070eaef9c601,1.0,1153089162,174750780,523493826,2018-08-14,delivered,122.99,25.21,148.2,credit_card,9.0,14.0,-22.0,0.0
2712763638,39d42259839b9cfad053b83e19e14fc0,1.0,2215747179,3679578491,179864683,2018-08-07,delivered,59.9,16.61,76.51,credit_card,2.0,7.0,-2.0,0.0
2773784839,10e2410205407d25bc85d047ca583cdc,1.0,778092690,2883828869,1573069542,2018-08-08,delivered,27.0,15.29,42.29,credit_card,1.0,7.0,-35.0,0.0
170637614,499e36ddc9a7c36dd44e2dcd43a76620,1.0,814079776,2326893088,4046977664,2018-08-08,delivered,38.9,13.85,52.75,credit_card,1.0,12.0,-1.0,0.0
2899016830,c7b50349c671aee4a4e97aff1c8188c5,1.0,994843405,976620429,3147389048,2018-08-21,delivered,39.9,29.03,68.93,credit_card,1.0,2.0,-8.0,0.0
1557904020,6f46d796b9d7089d7d0a78e0d254f38f,1.0,2721857176,3049085091,1728046229,2018-07-20,delivered,23.5,13.75,37.25,debit_card,1.0,7.0,-10.0,0.0
3944190317,866c3d690461371bdd01676cccd0dfa3,1.0,3066563406,3886959624,1868809992,2018-07-28,delivered,40.0,41.26,81.26,credit_card,3.0,8.0,-11.0,0.0
1154614197,866c3d690461371bdd01676cccd0dfa3,2.0,3066563406,3886959624,1868809992,2018-07-28,delivered,40.0,41.26,81.26,credit_card,3.0,8.0,-11.0,0.0
1313692117,6b4383f4e80b98f77c7f02262603cf9d,1.0,431114095,2338770647,3094387524,2018-07-16,delivered,69.9,21.13,91.03,credit_card,3.0,6.0,-9.0,0.0
1263370889,3b73bd0a67b08e5d8441574de9aae345,1.0,2623335351,1118237897,753329531,2018-08-16,delivered,179.9,15.71,195.61,credit_card,2.0,5.0,-14.0,0.0
272574498,8e39302e6b4d08eec0f5a5ac3274f338,1.0,2692583786,3669203711,1289588719,2018-07-13,delivered,757.15,37.31,794.46,credit_card,5.0,10.0,-10.0,0.0
2453943491,8e39302e6b4d08eec0f5a5ac3274f338,2.0,2692583786,3669203711,1289588719,2018-07-13,delivered,757.15,37.31,794.46,credit_card,5.0,10.0,-10.0,0.0
4189328633,7bb7e430dba5149615b3083b33604d53,1.0,2426397336,120547801,1919968767,2018-08-03,delivered,110.32,18.87,129.19,credit_card,3.0,19.0,-1.0,0.0
3308137622,bb5be1811a54b7c516ea8c1eeb48272a,1.0,160219994,3760954042,1480205621,2018-07-05,delivered,199.8,8.66,208.46,credit_card,10.0,2.0,-11.0,0.0
3669564970,b836e1c1c40c654579a704da62705543,1.0,1699255496,2594868280,1921184264,2018-08-01,delivered,119.9,23.12,143.02,credit_card,2.0,19.0,-13.0,0.0
2590196329,6adde7cd43f44ee3300a1490d5dc191e,1.0,1917768852,2128215339,1628249471,2018-08-07,delivered,50.75,7.62,58.37,credit_card,1.0,3.0,-4.0,0.0
2347224443,6adde7cd43f44ee3300a1490d5dc191e,2.0,1917768852,2128215339,1628249471,2018-08-07,delivered,50.75,7.62,58.37,credit_card,1.0,3.0,-4.0,0.0
774826446,841d2f58ddbae5e6d1230dbbbae2c0aa,1.0,2877024667,3732414669,2622583364,2018-08-20,delivered,127.0,18.99,145.99,credit_card,3.0,8.0,-2.0,0.0
1742021467,844bb4883a6197cc8dba3fba3624ab5a,1.0,732304401,2100478166,4120033478,2018-07-23,delivered,69.9,19.68,89.58,credit_card,1.0,7.0,-14.0,0.0
4130367664,b804f2f3be682c81a8600da13d96951b,1.0,909757851,1816939174,1550185782,2018-07-24,delivered,85.99,18.4,104.39,credit_card,1.0,6.0,-22.0,0.0
1273986496,cf2dbfa7d6c75d12986db276131ec3e3,1.0,1447496185,466041786,876033421,2018-07-11,delivered,60.0,42.7,102.7,credit_card,3.0,12.0,-8.0,0.0
1561860923,dc67745e87e769607de677683ab1fd08,1.0,3130464760,2963068463,3773013363,2018-07-31,delivered,149.0,9.79,158.79,credit_card,2.0,2.0,0.0,0.0
3638653608,3139d2c500d282f1549eb3c6e7723985,1.0,3510050896,743192051,1059084950,2018-07-16,delivered,249.9,42.04,291.94,boleto,1.0,10.0,-12.0,0.0
3552706519,3f2f8de95118170021d99d5fbc532352,1.0,1721627381,1129058562,1555790669,2018-08-06,delivered,85.0,7.86,92.86,credit_card,1.0,6.0,0.0,0.0
3717559433,024602a52e3c89ca5f963affcd2bedad,1.0,3312139564,899860769,53223181,2018-07-06,delivered,27.9,18.3,46.2,credit_card,3.0,9.0,-14.0,0.0
731880029,8719765a2c69491f63bc8b06f379488f,1.0,324733663,3246892783,2541707223,2018-08-17,delivered,199.9,8.98,208.88,credit_card,6.0,6.0,-3.0,0.0
1397657949,abcf5984d3741238d9c49184b7fa5941,1.0,371235772,1984384427,1008270582,2018-07-25,delivered,126.99,18.02,145.01,credit_card,5.0,5.0,-9.0,0.0
1405910091,0b5680deaa067376ba987f02b755e8bd,1.0,3388209636,390953432,1195323413,2018-08-19,delivered,57.6,26.7,84.3,credit_card,1.0,4.0,-26.0,0.0
2532096152,451a92b9b2211031e527f7f85525388c,1.0,809343094,2673733492,1073829281,2018-08-04,delivered,29.99,7.47,37.46,credit_card,1.0,4.0,-1.0,0.0
478475979,a3270f2613a807c71433dada7bf3876a,1.0,2718623067,3740949224,2031026716,2018-07-03,delivered,32.9,7.49,40.39,credit_card,4.0,3.0,-24.0,0.0
3676901346,b2dd5d5bb33639803c8078b84ee9d539,1.0,2828519012,3228578197,1585314166,2018-08-16,delivered,15.9,8.29,24.19,credit_card,1.0,6.0,-5.0,0.0
801845421,b2dd5d5bb33639803c8078b84ee9d539,2.0,2828519012,3228578197,1585314166,2018-08-16,delivered,15.9,8.29,24.19,credit_card,1.0,6.0,-5.0,0.0
1992451421,0616b1a248556f0f4c5aea97beb0729a,1.0,900033407,190431719,1018258220,2018-08-08,delivered,149.65,18.99,168.64,credit_card,3.0,11.0,-21.0,0.0
1598459964,73c9b460f4a439f8c11b6f6fa0560d1f,1.0,2673279345,4208494697,1813314038,2018-07-17,delivered,17.9,7.87,25.77,boleto,1.0,3.0,-10.0,0.0
1836291854,a8b6cffc34d25d7c6dea874c364232f6,1.0,3534604593,1965598969,1464160362,2018-07-23,delivered,41.8,22.11,63.91,credit_card,2.0,3.0,-11.0,0.0
1295544762,17abba481cb8e119c2d2fe55ee7e6bee,1.0,3039766986,1910888679,84469676,2018-07-23,delivered,189.9,19.63,209.53,credit_card,4.0,15.0,-1.0,0.0
2230177003,b7174804f0cc2ac4c7b84c73d8801912,1.0,2071662838,4162563013,604144110,2018-08-04,delivered,40.9,15.39,56.29,credit_card,2.0,5.0,-7.0,0.0
908194086,b36a19a1d044f4328c2b659fea4d8dbf,1.0,2892655301,2466355469,523493826,2018-08-06,delivered,66.99,15.57,82.56,boleto,1.0,4.0,-21.0,0.0
1449339220,38934582b8eedc324fe26767c76fb63f,1.0,1921449200,2642536142,2980841612,2018-07-18,delivered,58.5,7.67,66.17,credit_card,1.0,8.0,-4.0,0.0
97713192,8252bcfa635686ea7a735c795dea38ab,1.0,3175329160,1819643303,1868809992,2018-08-08,delivered,78.0,44.47,122.47,credit_card,1.0,18.0,-4.0,0.0
3146802070,6e429b10b7146f0e09d492b45c32b8b3,1.0,3194292905,3796429695,3016182256,2018-08-18,delivered,244.0,10.46,254.46,credit_card,1.0,3.0,-7.0,0.0
4271785906,5eb2d78f174daa47e90249a44e033aca,1.0,1005835869,515226247,3028344224,2018-08-19,delivered,21.5,8.9,30.4,credit_card,1.0,3.0,-7.0,0.0
971167618,2b0a897dec5e098d39a6aad719ed97a9,1.0,1502881439,3039721405,2823580135,2018-07-14,delivered,78.0,19.74,97.74,credit_card,4.0,7.0,-10.0,0.0
1366845933,ccf572d63a735cf61e606a64d665fe95,1.0,4093752238,3025566640,2622583364,2018-08-12,delivered,178.0,19.35,197.35,credit_card,3.0,9.0,-13.0,0.0
2496904240,d9926cee93b8e76d736ca514364a713a,1.0,3542130144,1073358592,1612681572,2018-08-15,delivered,105.0,15.81,120.81,debit_card,1.0,6.0,-6.0,0.0
2624654455,60b38cffd151d75929529eb6fe8e6704,1.0,3482979014,794152909,4288352225,2018-07-17,delivered,174.99,24.03,199.02,credit_card,10.0,8.0,-13.0,0.0
2723373184,b7e56bc4544b2d0098a4571a45eea22c,1.0,2741866564,1886409007,2082347993,2018-07-09,delivered,149.98,19.22,169.2,credit_card,1.0,21.0,-4.0,0.0
1986441376,af8f5e473ef8dd20e4357b3bddf1accd,1.0,3918392094,1657710441,1637578522,2018-07-18,delivered,126.0,15.98,141.98,credit_card,1.0,7.0,-9.0,0.0
4128298930,21cb15950725534b614707f82846010e,1.0,2268152616,557714623,733774970,2018-08-27,delivered,20.2,7.4,27.6,debit_card,1.0,1.0,-5.0,0.0
2933929173,12376b5a59bae892cd083a87b57c0bc0,1.0,4105388552,3438883395,4194263931,2018-07-24,delivered,99.9,23.85,123.75,boleto,1.0,14.0,-16.0,0.0
556373829,4728d981da8b9d9e9fb4c7c069e46509,1.0,129187683,3503957864,3026700899,2018-07-05,delivered,15.9,12.79,28.69,credit_card,1.0,8.0,-14.0,0.0
3932788737,614c0b4b5169af9eb895bc8aefe5a418,1.0,929004149,870882749,1675260091,2018-08-18,delivered,20.9,12.81,33.71,credit_card,1.0,6.0,-5.0,0.0
138222680,b61196a9915235f4020fa1186580c99d,1.0,53820693,1954901884,3485175421,2018-07-17,delivered,84.9,23.39,108.29,credit_card,4.0,8.0,-8.0,0.0
51554437,476bce9fb98b771f4908106e9d962dd1,1.0,2259832303,438573484,3759727812,2018-08-11,delivered,320.0,34.26,354.26,credit_card,6.0,9.0,-16.0,0.0
3271758168,76eb528b2b3ae258e1c9a8d0eedad2b4,1.0,2836908766,255847378,523493826,2018-07-05,delivered,64.99,27.74,92.73,credit_card,1.0,27.0,-12.0,0.0
2712031068,92fefd2a79d30d262d8999fee6937d4f,1.0,3512619394,1819643303,1868809992,2018-08-02,delivered,78.0,41.53,119.53,credit_card,2.0,18.0,-22.0,0.0
3626955712,57e17fb636b56e67ea9a40c9f2a02527,1.0,2278196062,3482317805,1755005248,2018-08-01,delivered,199.0,40.6,239.6,debit_card,1.0,4.0,-8.0,0.0
597769612,cb8372ec4562008e6648acf4fa8b81c7,1.0,2813984461,1262917743,2204703959,2018-08-15,delivered,12.9,7.39,20.29,boleto,1.0,19.0,12.0,1.0
1211389299,cb8372ec4562008e6648acf4fa8b81c7,2.0,2813984461,1262917743,2204703959,2018-08-15,delivered,12.9,7.39,20.29,boleto,1.0,19.0,12.0,1.0
3006892374,cb8372ec4562008e6648acf4fa8b81c7,3.0,2813984461,1262917743,2204703959,2018-08-15,delivered,12.9,7.39,20.29,boleto,1.0,19.0,12.0,1.0
170097139,375fd64923cdf29ddd54724395e80b69,1.0,348855828,4152195198,2082347993,2018-07-10,delivered,119.98,58.92,178.9,credit_card,2.0,20.0,-14.0,0.0
3080210128,bf441b5e92c73361e0b414a864240628,1.0,2208862352,1318011709,874615857,2018-08-21,delivered,115.0,35.12,150.12,credit_card,2.0,6.0,-4.0,0.0
1774063418,de38b62136dcb5ff40d44d807c460a8a,1.0,2280604086,3239974212,1418384245,2018-07-18,delivered,389.0,33.59,422.59,credit_card,8.0,9.0,-17.0,0.0
3794926280,6ae79bd97f96c215a9711c79a6d7a192,1.0,2319746569,3798495833,740847726,2018-07-25,delivered,49.99,9.1,59.09,credit_card,2.0,1.0,-7.0,0.0
2214346969,abd273cdcd250f53a125d77e6798e0d1,1.0,2535299284,3164555066,3003602011,2018-08-08,delivered,29.9,18.31,48.21,credit_card,1.0,8.0,-12.0,0.0
528539331,a98f79318168a3b20eca9c4530909f49,1.0,3956116687,3195281448,4253320293,2018-07-11,delivered,791.95,48.68,840.63,boleto,1.0,29.0,14.0,1.0
841024118,a864be64d69bd7d14232006b22b17f96,1.0,1190862022,1613130866,3514986460,2018-07-15,delivered,319.99,44.52,364.51,credit_card,2.0,12.0,-12.0,0.0
193712231,783063a2c412e7e731cb43a35fa4b8b1,1.0,2951443195,1263580723,1615213775,2018-07-27,delivered,44.85,14.73,56.023623678646935,credit_card,4.0,10.0,-11.0,0.0
984207482,783063a2c412e7e731cb43a35fa4b8b1,2.0,2951443195,690547050,2842008913,2018-07-27,delivered,73.4,14.73,91.68637632135308,credit_card,4.0,10.0,-11.0,0.0
3259365697,47d8487055416af863e81cb7f28f4f19,1.0,648645617,685081976,1867257412,2018-07-31,delivered,93.99,23.46,117.45,credit_card,6.0,7.0,-7.0,0.0
1739529962,1e359230c99e4510d4ce63375b5c7f72,1.0,277977192,2969065262,2636346249,2018-08-18,delivered,39.9,8.44,48.34,credit_card,4.0,3.0,-2.0,0.0
2144298882,b4d7995506859f96187970c8275ee66c,1.0,2652884695,1316129150,2997337676,2018-07-16,delivered,485.9,54.12,540.02,credit_card,8.0,9.0,-20.0,0.0
1536733860,5394df5f572a529d916abd5272d0bb13,1.0,3871868480,1570888716,53223181,2018-07-04,delivered,27.9,7.94,35.84,credit_card,1.0,1.0,-11.0,0.0
1029169820,a97041e9aa36c525119520db08b537c1,1.0,3540429237,1859457025,2977093912,2018-08-15,delivered,369.9,70.27,440.17,credit_card,6.0,6.0,1.0,1.0
394268668,02efbfba398618f44f8c4097d6822ddd,1.0,190281202,718071674,1734769477,2018-07-25,delivered,29.9,7.47,37.37,credit_card,1.0,5.0,-4.0,0.0
3799472746,54d0bf2cd634845822e8b0c29f3834ca,1.0,1465158733,1365199598,3134988207,2018-08-07,delivered,44.0,23.11,67.11,credit_card,1.0,9.0,-5.0,0.0
3498283927,3bddb2b41050ba947411a0fc9143fcbd,1.0,4129034313,3975304943,1358302452,2018-07-06,delivered,119.9,15.94,135.84,credit_card,10.0,7.0,-18.0,0.0
2771611862,82ff712171b40c35233edbee68ab03e5,1.0,2015719978,2992823587,1914769873,2018-08-09,delivered,129.49,13.21,142.7,credit_card,1.0,4.0,-2.0,0.0
3388169261,b8cc2632c865859a6e27f3955ff5e549,1.0,146197836,2425126090,2947136883,2018-07-10,delivered,48.9,35.69,84.59,boleto,1.0,12.0,-11.0,0.0
3470045231,36a99d1efdc9f0b6d7a7f793d0f304b0,1.0,3507375421,3336524757,123833255,2018-08-19,delivered,12.0,12.79,0.0,unknown,0.0,4.0,-7.0,0.0
3475981145,4a5ec3a39f61790953b9bb48bfd301d4,1.0,1365950263,2457385807,3404539086,2018-07-19,delivered,141.61,19.14,160.75,credit_card,6.0,8.0,-11.0,0.0
3361325892,87440e08790d85796f5b8bc9f5ed2707,1.0,214807387,3064241382,2821648493,2018-07-26,delivered,119.87,19.14,151.98912036389083,boleto,1.0,8.0,-14.0,0.0
4239379803,87440e08790d85796f5b8bc9f5ed2707,2.0,214807387,3064241382,2821648493,2018-07-26,delivered,119.87,19.14,151.98912036389083,boleto,1.0,8.0,-14.0,0.0
4036363031,87440e08790d85796f5b8bc9f5ed2707,3.0,214807387,1970065912,2797441517,2018-07-26,delivered,23.03,19.14,29.200879636109168,boleto,1.0,8.0,-14.0,0.0
1874850684,87440e08790d85796f5b8bc9f5ed2707,4.0,214807387,1970065912,2797441517,2018-07-26,delivered,23.03,19.14,29.200879636109168,boleto,1.0,8.0,-14.0,0.0
4163751479,89f3f2390082961f54df910ea5542a71,1.0,1171840339,4160849911,3659481684,2018-07-08,delivered,14.89,50.85,65.74,credit_card,1.0,5.0,-24.0,0.0
3528468650,09fd1722d038ec5290cb862bb8ed8e46,1.0,3445074702,2914777924,2262232400,2018-08-17,delivered,149.0,27.34,176.34,boleto,1.0,12.0,-7.0,0.0
2043168881,c89b4f89b285537cd75b46ad90c49a50,1.0,4021119704,1000966602,4055463965,2018-07-20,delivered,28.9,15.3,44.2,voucher,1.0,13.0,-15.0,0.0
414265720,22890d3bdbf453cdf060e03716c00012,1.0,2353073272,3539914692,1379301944,2018-08-21,delivered,35.2,19.44,0.0,unknown,0.0,8.0,-13.0,0.0
4022201496,ab95c133fa91c2393fa23e00e0cbd444,1.0,2353573425,1500565003,3557398281,2018-08-19,delivered,21.7,19.34,41.04,boleto,1.0,8.0,-7.0,0.0
885707633,553117c04d1b4458cc519551e04cfd01,1.0,2156587902,1869893905,1894514916,2018-08-11,delivered,659.0,59.09,718.09,credit_card,10.0,9.0,-10.0,0.0
1357806227,27c9fc42d3018c63a19f1c85d55f4939,1.0,3977591134,1150114816,1716536501,2018-08-20,delivered,48.9,19.53,68.43,credit_card,1.0,7.0,-13.0,0.0
664617317,a1e04dff9ea10fdbe31202f5794c9b65,1.0,860305659,2506413452,1821221035,2018-07-18,delivered,23.9,16.36,40.26,credit_card,1.0,5.0,-15.0,0.0
3478108126,3b2639c14a48df0a716ce3bb0c9c6735,1.0,3576585463,2958158378,1102356649,2018-08-13,delivered,249.9,52.47,302.37,debit_card,1.0,11.0,-11.0,0.0
3952305325,67899dac84e7e591ff0edc0d1dd0574e,1.0,3665754496,2026968350,2866776968,2018-08-04,delivered,105.0,23.46,128.46,credit_card,10.0,12.0,-40.0,0.0
247014188,00ba57ae98928df6ba6ec9d3d8d4b1b7,1.0,3496893069,774870517,3179495650,2018-07-16,delivered,130.0,19.01,149.01,credit_card,7.0,9.0,-14.0,0.0
2555379945,90fc3ed69d3d78dd583b5c5d39196829,1.0,3761050319,4228617629,2308685613,2018-08-14,delivered,369.9,14.89,384.79,credit_card,9.0,1.0,-2.0,0.0
206769320,75294baf702b2b91d850644b87670ff6,1.0,3063396685,1748980900,1598100031,2018-08-19,delivered,112.99,25.14,138.13,credit_card,10.0,4.0,-18.0,0.0
942409014,db207002d58fe7f53935e30c37bbe862,1.0,2342765338,4195285289,123833255,2018-08-01,delivered,390.0,29.39,419.39,credit_card,3.0,7.0,-20.0,0.0
387799235,123bf681d8f2bbf410339ccef14d9c42,1.0,3115038200,2881677740,3728838497,2018-07-04,delivered,117.0,18.92,135.92,credit_card,5.0,19.0,-6.0,0.0
3011662824,d599833347cf704c11f7abd88b0f5194,1.0,641588139,3112847410,497313293,2018-07-30,delivered,190.23,16.43,206.66,credit_card,1.0,4.0,-6.0,0.0
1499345100,588ae5afdb6a80a74e552cb5c59ba7ee,1.0,2383480152,602609548,2090364660,2018-07-05,delivered,31.99,7.48,39.47,credit_card,1.0,7.0,-7.0,0.0
2425942551,3eeeed9128175465db94d6c2406b5b39,1.0,2152595366,3967349159,1350631362,2018-07-20,delivered,54.85,27.66,82.51,debit_card,1.0,10.0,-9.0,0.0
720325208,a1a621e58a950260915df6e0b99fc155,1.0,1277625765,3436204146,3424220039,2018-07-13,delivered,99.0,51.56,150.56,credit_card,10.0,11.0,-17.0,0.0
3765918700,242145b8067ab8aaa40c2da8d98b929d,1.0,366562902,3562369157,1716536501,2018-07-30,delivered,134.9,20.13,155.03,credit_card,3.0,4.0,-10.0,0.0
771221666,31e00bb404e44d46b89ff10b7a09d470,1.0,3513449204,1303160955,3770405468,2018-07-19,delivered,64.9,22.38,87.28,credit_card,1.0,12.0,-13.0,0.0
2830778561,1c94a449dc6b10d99d35132b76ce081d,1.0,2211259290,3319620110,3900748527,2018-07-08,delivered,72.0,18.65,90.65,credit_card,1.0,7.0,-16.0,0.0
2899073541,2bec039adcca39ad3a2d76a949e6c99d,1.0,1267695125,3911641092,2173695781,2018-07-26,delivered,119.99,44.64,164.63,credit_card,4.0,8.0,-13.0,0.0
687769193,2bec039adcca39ad3a2d76a949e6c99d,2.0,1267695125,3911641092,2173695781,2018-07-26,delivered,119.99,44.64,164.63,credit_card,4.0,8.0,-13.0,0.0
3188637044,97823d6731e59cd6b4f9d3ea113a976e,1.0,564030607,1607161369,1813314038,2018-07-23,delivered,17.9,12.79,30.69,credit_card,3.0,4.0,-13.0,0.0
3387306037,a4388d21a40d3fa0915cd15e2172eb45,1.0,1437017439,3690882651,1379301944,2018-08-10,delivered,108.0,18.86,126.86,credit_card,10.0,11.0,-5.0,0.0
2083792230,24c6c83e90a996ebc2ef245089006910,1.0,1713123602,1619979619,839101989,2018-08-14,delivered,58.9,23.21,82.11,credit_card,1.0,3.0,-6.0,0.0
2997217682,1bb1bff5951d630e985ec8d3f8037b86,1.0,2480711528,672352632,4038371640,2018-08-03,delivered,163.0,16.76,179.76,credit_card,3.0,7.0,2.0,1.0
459149766,56069689ce24a3bafc1bcc3333744b24,1.0,987217485,2766455641,4060597575,2018-07-12,delivered,517.65,21.72,539.37,credit_card,5.0,18.0,-7.0,0.0
1262320245,ca274ea678d57fbf2dbfbb1b72a236d5,1.0,1285250315,3509427678,2947136883,2018-08-13,delivered,64.8,14.03,78.83,boleto,1.0,4.0,-6.0,0.0
3784382599,01f3ed0a20c6db39216985812a092bea,1.0,1004255679,2911174827,2304947736,2018-08-18,delivered,99.0,15.79,114.79,boleto,1.0,8.0,-9.0,0.0
3265782803,01a1553cddb473cec004af5ce2192f1c,1.0,2814074173,1329212252,2880307388,2018-07-20,delivered,79.9,38.83,118.73,boleto,1.0,19.0,-15.0,0.0
4019175266,96329094267555553b0fec10591cc3b0,1.0,1310821289,1589646065,60670679,2018-08-10,delivered,46.0,12.98,58.98,credit_card,2.0,7.0,-5.0,0.0
2979080317,d8488e5f53e0ae47397ca8f7936acfd0,1.0,66493073,3973183363,2304947736,2018-08-22,delivered,49.0,8.5,57.5,boleto,1.0,2.0,-3.0,0.0
37714142,63b560062bb9ccde4a2b9e9d26b39486,1.0,221521470,3526264299,2304947736,2018-08-07,delivered,189.0,8.58,197.58,credit_card,1.0,5.0,2.0,1.0
2428594181,13ab379ac762d840b29042681a1a6156,1.0,1497610500,1767205982,1615213775,2018-08-05,delivered,26.4,19.38,45.78,credit_card,1.0,8.0,0.0,0.0
2543244192,77338308426749365f169773fa614a56,1.0,1669767409,2726627881,818805068,2018-08-15,delivered,1090.0,69.65,1159.65,credit_card,3.0,11.0,-10.0,0.0
3665871661,c6fa9f5af647f54d235728bb12eaf5f5,1.0,903179016,1672925611,854629258,2018-07-27,delivered,74.99,12.35,94.7258920012781,credit_card,2.0,4.0,-7.0,0.0
84265422,c6fa9f5af647f54d235728bb12eaf5f5,2.0,903179016,91156996,2047495738,2018-07-27,delivered,18.9,12.36,23.874107998721907,credit_card,2.0,4.0,-7.0,0.0
2812019080,9630c641313083fe39397cfa75810e4b,1.0,121144810,1663857962,3485175421,2018-07-30,delivered,107.5,13.41,120.91,boleto,1.0,5.0,-9.0,0.0
4097557434,2ed40a95fdd7b319825703d38149a570,1.0,501677744,3743824563,3346887068,2018-08-21,delivered,42.31,7.56,49.87,credit_card,1.0,2.0,-1.0,0.0
3460936761,c87c652834da18e71fce5dd703bc5936,1.0,317691431,705035958,4074359584,2018-07-07,delivered,52.14,21.67,73.81,credit_card,3.0,23.0,-4.0,0.0
4240449343,aef44b8c84ba0725db5b3c5bd7b29200,1.0,495707059,2835330871,2047495738,2018-07-02,delivered,44.9,7.73,50.73,voucher,1.0,1.0,-12.0,0.0
713688424,a1b8aea9fd9e26a8644a65e1aaea8740,1.0,3003202175,3480761687,2047495738,2018-07-14,delivered,29.9,22.14,52.04,credit_card,1.0,12.0,-12.0,0.0
3254268523,ba63a64d0aa1576c6b826428f476da1d,1.0,3063095026,1314830936,1313325535,2018-07-28,delivered,265.0,21.05,286.05,credit_card,3.0,10.0,-8.0,0.0
2793393653,22df89b611e2a03b4957043cf949e51f,1.0,3144617226,1555596981,2053848117,2018-08-22,delivered,55.0,11.41,66.41,credit_card,1.0,4.0,0.0,0.0
1478047115,091c34308e51d6dff47fe839b7aebbd5,1.0,13953031,44231029,902866353,2018-08-02,delivered,40.0,9.59,49.59,credit_card,2.0,4.0,-10.0,0.0
3599758509,55f13afd91122c753eafc7028f1e542e,1.0,2786646235,3568982381,3326062316,2018-07-20,delivered,69.9,19.68,89.58,boleto,1.0,12.0,-14.0,0.0
804568459,536b0208ff21c904d9537690f92f0363,1.0,2193496213,1220082573,3383264847,2018-07-19,delivered,62.0,50.72,0.0,unknown,0.0,13.0,-12.0,0.0
2368993841,257041ac42267fca37db236f4d5d7197,1.0,1131158028,3769404933,1379301944,2018-08-14,delivered,30.0,20.99,50.99,boleto,1.0,6.0,-29.0,0.0
188293139,d01f15491f3bc2e461d13e32f03978f3,1.0,3777578096,3537585960,1919968767,2018-07-25,delivered,110.32,13.43,0.0,unknown,0.0,7.0,-8.0,0.0
2026930041,d01f15491f3bc2e461d13e32f03978f3,2.0,3777578096,4081925990,1919968767,2018-07-25,delivered,110.32,13.43,0.0,unknown,0.0,7.0,-8.0,0.0
2374023418,c5a136c7cf492a759889d92627006f25,1.0,1018668968,2093636419,1379301944,2018-07-26,delivered,10.0,7.87,17.87,credit_card,1.0,5.0,-7.0,0.0
239762253,7e225c7be8d238e6c940f116d7583a13,1.0,1654527483,3902387274,3774348967,2018-08-09,delivered,287.0,26.36,313.36,credit_card,3.0,13.0,-5.0,0.0
365254338,c4b2b908aab6585b6a3147ac72952242,1.0,1034263677,592096461,2304947736,2018-08-16,delivered,78.0,7.81,85.81,boleto,1.0,11.0,5.0,1.0
350900507,41b6d9a83b4f55e253cc69d7cd6dd55c,1.0,3273717702,1277571969,1763790356,2018-07-30,delivered,170.0,25.54,195.54,credit_card,10.0,7.0,-15.0,0.0
4132666858,41b6d9a83b4f55e253cc69d7cd6dd55c,2.0,3273717702,1277571969,1763790356,2018-07-30,delivered,170.0,25.54,195.54,credit_card,10.0,7.0,-15.0,0.0
3739652796,e118373a9e97e99fd3876fe78d34f501,1.0,3282098879,640423080,23345775,2018-08-12,delivered,159.9,51.84,211.74,credit_card,1.0,17.0,-12.0,0.0
463868162,143d00a4f2dde4e0364ee1821577adb3,1.0,1654339862,4179212456,1358302452,2018-08-03,delivered,112.3,9.54,121.84,credit_card,2.0,3.0,-2.0,0.0
3396939707,d897077d0836ffdc2178d70b3f680baa,1.0,4244128602,2127242029,737969628,2018-07-03,delivered,124.9,15.18,140.08,credit_card,3.0,7.0,-10.0,0.0
1088019665,951e4d60c61ab5e6589ece585e40311c,1.0,1006647691,3442366674,4253320293,2018-07-22,delivered,528.85,46.84,575.69,credit_card,4.0,19.0,-12.0,0.0
1794451881,84ebcff41a92fda70c984a3ef76d1237,1.0,2470362538,49306087,1672091742,2018-08-02,delivered,29.99,7.47,37.46,voucher,1.0,3.0,-2.0,0.0
567813176,a4680fb98fd4f2ef703c815a43e4811f,1.0,3807317061,718071674,1734769477,2018-07-03,delivered,29.9,18.31,48.21,credit_card,2.0,6.0,-15.0,0.0
539633860,b4fb5424786d3482269edf0d0a02cdf8,1.0,75186144,2393677465,2162601002,2018-08-01,delivered,163.0,19.29,182.29,credit_card,1.0,7.0,-12.0,0.0
3822913674,4e08bdd0a71b43ba19f8c0a89c8ce665,1.0,3133392655,1672925611,854629258,2018-08-07,delivered,74.99,24.91,90.24583649801951,credit_card,6.0,6.0,-14.0,0.0
3110119680,4e08bdd0a71b43ba19f8c0a89c8ce665,2.0,3133392655,3864094454,84469676,2018-08-07,delivered,169.9,24.91,204.4641635019805,credit_card,6.0,6.0,-14.0,0.0
1527125350,2ac44694fb65d738c9b26010ef5e6915,1.0,495719567,2609460090,791135922,2018-08-01,delivered,138.5,9.9,148.4,credit_card,1.0,13.0,9.0,1.0
795748611,372538516b3d3f36483772cc19b2e433,1.0,2991375067,1649154937,2384848440,2018-07-20,delivered,89.9,36.08,125.98,credit_card,2.0,5.0,-19.0,0.0
3991943987,2a06568281fa1a485b9ba5fac48c7df2,1.0,2260939220,3973183363,2304947736,2018-08-21,shipped,49.0,8.5,57.5,credit_card,2.0,,,
3259277620,01f65c9e501f46d2a15af4d2b28e6081,1.0,3065501485,1913017858,4120033478,2018-07-09,delivered,199.9,20.59,220.49,credit_card,8.0,4.0,-13.0,0.0
3271689738,b5244709b8ea124be6761680b9966925,1.0,3728569323,2005746130,3485175421,2018-07-27,delivered,51.9,13.02,64.92,voucher,1.0,6.0,-8.0,0.0
2670414600,7cc6b9b998cb009fe458744cc5ba5f54,1.0,3950759099,2413621728,2250123381,2018-08-08,delivered,75.0,18.63,93.63,credit_card,1.0,8.0,-7.0,0.0
2233591066,0b8f8315c63f765c07a31a8c7e28bad0,1.0,3545279698,2239614690,3503366785,2018-08-16,delivered,32.4,18.33,50.73,voucher,1.0,6.0,-14.0,0.0
3454635063,a7f8737adbb1896e0664c6bb67da182b,1.0,3026397581,226581046,53223181,2018-07-10,delivered,29.29,7.95,37.24,credit_card,1.0,2.0,-6.0,0.0
3048987336,01ae629e578b0eb0935ea1ce19c409f1,1.0,97174591,1960902063,2845521358,2018-07-19,delivered,84.99,18.7,103.69,credit_card,10.0,8.0,-14.0,0.0
1112823636,b04e44e92fbc14e258bb48695b8ee7ca,1.0,1027372131,1544122939,2047495738,2018-08-13,delivered,19.9,7.56,27.46,credit_card,1.0,2.0,-6.0,0.0
1183846565,b04e44e92fbc14e258bb48695b8ee7ca,2.0,1027372131,1544122939,2047495738,2018-08-13,delivered,19.9,7.56,27.46,credit_card,1.0,2.0,-6.0,0.0
921679227,2897ea74f9139bdcd87a8d18548af8e2,1.0,1360007978,20034592,1009744371,2018-07-06,delivered,491.99,44.31,536.3,credit_card,1.0,6.0,-7.0,0.0
348196673,0b93ff37e8344c6013bad16484c7fbe4,1.0,2026106780,1848483460,2629826490,2018-07-22,delivered,998.9,222.38,1221.28,credit_card,10.0,16.0,-14.0,0.0
3976022019,ad8cbf1b92732052ce15fbcc313b59e2,1.0,3322808562,2160789852,528827331,2018-08-15,delivered,101.0,16.9,117.9,credit_card,2.0,8.0,-12.0,0.0
1782781386,3008498e80be1b85f0ac899b5dc2da66,1.0,148759752,1857638905,2880307388,2018-07-14,delivered,119.85,23.64,143.49,credit_card,2.0,9.0,-17.0,0.0
3629251174,e18b75b8b2ba4ce613d10b2fd820aef9,1.0,1804508990,4033782484,3016182256,2018-07-28,delivered,319.0,17.33,336.33,credit_card,8.0,5.0,-12.0,0.0
1704284802,1f1a992f7bcd9a5c79b08bbf2a0d076d,1.0,3644526633,1903008729,1585314166,2018-08-16,delivered,49.9,7.61,57.51,credit_card,1.0,6.0,-5.0,0.0
2166829759,da737ef3ec9b9835b98345f6c155cdef,1.0,2910007039,3561404005,2304947736,2018-08-11,delivered,55.0,1.91,62.91792452830188,credit_card,10.0,2.0,-2.0,0.0
4237410276,da737ef3ec9b9835b98345f6c155cdef,2.0,2910007039,3880537531,2304947736,2018-08-11,delivered,55.0,1.91,62.91792452830188,credit_card,10.0,2.0,-2.0,0.0
803234002,da737ef3ec9b9835b98345f6c155cdef,3.0,2910007039,2760557938,2304947736,2018-08-11,delivered,49.0,19.07,56.05415094339622,credit_card,10.0,2.0,-2.0,0.0
695586219,23233c7048bb0dcf2c4f0554a258fd82,1.0,3944116123,1920796201,2173695781,2018-08-08,delivered,99.99,23.69,123.68,credit_card,10.0,6.0,-2.0,0.0
4200932296,3ca46d83bc77fa642a73183ca1275aa2,1.0,908623798,2105439760,2900036235,2018-07-22,delivered,179.0,27.91,206.91,credit_card,4.0,8.0,-23.0,0.0
483557492,9dc3aae9b1d669cf1ede0c26d1d08b48,1.0,1137296741,1635787604,935749508,2018-07-31,delivered,53.2,13.95,67.15,credit_card,3.0,3.0,-13.0,0.0
1056146110,9dc3aae9b1d669cf1ede0c26d1d08b48,2.0,1137296741,1635787604,935749508,2018-07-31,delivered,53.2,13.95,67.15,credit_card,3.0,3.0,-13.0,0.0
2337986887,837a2b3fdf1af32fbddaedb82e8251fb,1.0,2602892167,2928164159,9861004,2018-07-31,delivered,49.91,20.99,70.9,credit_card,4.0,6.0,-3.0,0.0
397381215,b915355d5d44aa71d50cf04caeb78a53,1.0,2477694753,2148695145,447945570,2018-08-19,delivered,126.0,34.64,160.64,credit_card,8.0,10.0,-7.0,0.0
1998728651,4854bc4c9c26ab65c3b7ff11c0a03586,1.0,2978328089,1741003780,3078712930,2018-08-18,delivered,53.44,22.3,75.74,credit_card,3.0,6.0,-18.0,0.0
531643680,8da23e61aecf8f2c23c49d53c6d16d40,1.0,2109596975,2956390354,3393462886,2018-07-31,delivered,129.9,15.21,145.11,boleto,1.0,8.0,-7.0,0.0
2383078017,72bab69c50432c6f94d8b50a5f84b69a,1.0,3197613680,2531712764,1472339194,2018-08-13,delivered,119.9,17.03,136.93,credit_card,2.0,3.0,-13.0,0.0
3981358869,1aa7c7804ba8f6c5da37c380af66d559,1.0,3179269777,732105372,935749508,2018-07-07,delivered,53.98,13.96,67.94,debit_card,1.0,6.0,-11.0,0.0
2012371189,6f51b9ddebdbc1c999a68bf0cabe83e8,1.0,907188668,3797537189,3626123686,2018-07-27,delivered,21.5,33.53,55.03,credit_card,1.0,25.0,-22.0,0.0
334980685,38dd491abd1019ce526c43c8145e2f4c,1.0,1287746173,577105518,1919968767,2018-07-16,delivered,91.55,7.9,99.45,debit_card,1.0,4.0,-5.0,0.0
3913868575,24df3585323f6a191abb565d1706daf2,1.0,3672123557,2885989342,3927428427,2018-08-14,delivered,148.5,54.32,202.82,credit_card,4.0,13.0,-2.0,0.0
2869950871,0b20c9791c7a502fc70f7f542e9a1405,1.0,3508838394,2116048782,4055463965,2018-07-20,delivered,22.32,22.88,45.2,credit_card,3.0,12.0,-21.0,0.0
3399896008,d4126c989370101ec1b96733f4adfe79,1.0,1290493406,1241208376,2023461531,2018-07-27,delivered,69.99,13.15,83.14,debit_card,1.0,6.0,-6.0,0.0
985264908,4ea05bc522773f72fea5dd4de1f546e9,1.0,1619018360,2982465350,1615213775,2018-07-31,delivered,66.55,14.78,81.33,credit_card,1.0,6.0,-4.0,0.0
1094824882,b3f8cce18de7b670b4bf149957000470,1.0,1008995760,4167327632,833796199,2018-08-01,delivered,51.45,22.33,73.77999999999999,voucher,2.0,5.0,-10.0,0.0
872590105,082730bdb06cc2b755fbb33becd6ccec,1.0,1910500853,2118517902,2303787513,2018-07-24,delivered,30.0,18.31,48.31,credit_card,1.0,7.0,-9.0,0.0
3049947793,9bf46e862461052ae9ad1134381e63d8,1.0,3091089539,3164714305,179864683,2018-07-23,delivered,39.9,18.38,58.28,credit_card,2.0,3.0,-14.0,0.0
425970736,bb953a084ab406da9e19dfdc06df0245,1.0,690889713,992585944,519564207,2018-07-29,delivered,41.9,23.44,65.34,credit_card,1.0,15.0,-21.0,0.0
1580743136,715e85b2a8ad19fcc56605b9904716e4,1.0,3877144181,1018367849,1125369443,2018-07-02,delivered,105.0,16.93,121.93,credit_card,1.0,7.0,-14.0,0.0
569556539,b31c7e456840330003ef5347ee802ab7,1.0,4225229956,3569719807,3147574442,2018-07-14,delivered,149.0,44.84,193.84,credit_card,6.0,5.0,-14.0,0.0
3033822121,c7dc7be67e857a6c64557d42383dec8c,1.0,1680731363,724926293,1107359178,2018-07-25,delivered,99.9,9.45,109.35,credit_card,5.0,3.0,-9.0,0.0
4095792730,5fc25db83662b2660bd61440ba3ec9b8,1.0,1275813003,1646353641,596468350,2018-07-31,delivered,137.0,44.76,181.76,credit_card,4.0,6.0,-9.0,0.0
1207195167,95a79263ff4f759875074b9c5024edba,1.0,473400512,2653143446,1361108180,2018-08-05,delivered,69.99,18.59,88.58,voucher,1.0,4.0,-3.0,0.0
3253644482,9ff047a1638917c70a538d0aa9cdb6d3,1.0,3060626394,704694418,763830896,2018-08-02,delivered,54.9,23.1,78.0,boleto,1.0,15.0,-7.0,0.0
437835641,c00716d35eb52dd20ebf014740db8d26,1.0,2664675948,547056545,1075788206,2018-08-08,delivered,812.99,31.99,844.98,debit_card,1.0,12.0,-8.0,0.0
499218566,a35f0b52cacb3c4208d7107bde82f2cf,1.0,2235166382,37800510,3267771422,2018-08-16,delivered,99.9,8.86,108.76,boleto,1.0,6.0,0.0,0.0
1084235802,d9f732bbd3289880267ad9b54d466ec3,1.0,71283349,4294399807,2308685613,2018-08-17,delivered,81.9,15.67,97.57,credit_card,1.0,6.0,-5.0,0.0
3245599800,149bca3daf097d7695389efb9b491653,1.0,2239568487,545453172,2085372711,2018-08-20,delivered,55.0,11.41,66.41,voucher,1.0,10.0,7.0,1.0
3803719418,26bafe5b8b70950ebe6c386b3aad1fe7,1.0,2004230996,222614217,1472339194,2018-07-31,delivered,49.9,13.01,62.91,debit_card,1.0,8.0,-7.0,0.0
3325079456,9845d84225d361cb655d4963c6aeaa87,1.0,1446903257,887825307,2173695781,2018-07-16,delivered,139.0,29.5,168.5,credit_card,10.0,7.0,-7.0,0.0
3017675424,2fcfccb19cbdf5fdd494de049ac1911e,1.0,1558550285,2177516570,492848926,2018-08-09,delivered,29.99,18.51,48.5,credit_card,1.0,14.0,-5.0,0.0
494379179,d805508e2cdf3a5b1453bc2eb0371880,1.0,878477763,4279683141,3575236,2018-07-23,delivered,27.99,22.13,0.0,unknown,0.0,7.0,-20.0,0.0
2761415976,03e9790f0220543f057ebca9e29b459a,1.0,2408054649,1266787934,1122280688,2018-08-01,delivered,35.9,9.0,44.9,credit_card,1.0,2.0,-3.0,0.0
1603744313,0231f6b89e5798ff6c0dfb1e18a94da9,1.0,1385528657,2469503104,3614407021,2018-08-04,delivered,550.0,98.77,648.77,credit_card,10.0,13.0,-5.0,0.0
1463673575,345f3128d7ec2b4fe1b30bef9c24ac82,1.0,3027267353,4294399807,2308685613,2018-08-20,delivered,82.49,13.24,95.73,credit_card,1.0,8.0,-3.0,0.0
1799053852,61c7ca53c85ddf347b33ff60118893c4,1.0,1239826184,2998243875,292598503,2018-07-18,delivered,29.97,15.31,45.28,credit_card,1.0,5.0,-22.0,0.0
2616307378,9f1887ee4f71cd4db972aeac47ca54f7,1.0,2005381515,2110827608,1553669565,2018-07-26,delivered,175.9,86.96,262.86,credit_card,6.0,22.0,1.0,1.0
1179696791,b1cc959223d3beff53d4aeb97b8b6a8a,1.0,417722690,100082178,1480205621,2018-08-03,delivered,169.9,16.29,186.19,credit_card,4.0,12.0,-1.0,0.0
551862002,6c825e27cef5e047f570be83dd1feaba,1.0,2889838100,1245653087,819761952,2018-07-15,delivered,43.0,12.96,55.96,credit_card,1.0,8.0,-9.0,0.0
3636345364,576466ecdb1ad73bb848943a98649668,1.0,3742403775,3454354823,2131055484,2018-08-28,delivered,18.99,7.39,26.38,credit_card,1.0,2.0,-14.0,0.0
1074637441,06ba77893723a9357f7e681bf336fb2c,1.0,1905421272,3736650831,2023461531,2018-07-18,delivered,44.99,19.23,64.22,credit_card,1.0,12.0,-14.0,0.0
3880439433,117a6f28c5cf04526b4869a9291c9d61,1.0,1300754815,2207124752,1696683105,2018-07-26,delivered,53.44,13.03,66.47,credit_card,1.0,8.0,-6.0,0.0
371419368,d2deb9270ebda7fd5dc5ff3b9a499a58,1.0,1533981606,731032410,23345775,2018-08-07,delivered,169.9,19.29,189.19,credit_card,3.0,14.0,-6.0,0.0
522918611,da9b0368caaa51411598bf0e91610d0a,1.0,1951862778,3569719807,3147574442,2018-07-29,delivered,149.0,44.84,193.84,credit_card,4.0,5.0,-17.0,0.0
3322196148,876c93b0a50c1fd2ad77f265d32de95e,1.0,3986179749,1567030015,2812297156,2018-07-04,delivered,330.0,39.22,369.22,credit_card,8.0,9.0,-24.0,0.0
4289242933,c2af11ae3f61ffc78a1997289b07d497,1.0,3492248060,858112733,3807170672,2018-07-01,delivered,269.0,19.76,288.76,credit_card,8.0,5.0,-24.0,0.0
1781007976,ab4e9c7509c66adaea2fe37d7e1537c4,1.0,4279611861,3070073174,1096800064,2018-07-24,delivered,58.6,21.71,0.0,unknown,0.0,9.0,-12.0,0.0
3413428562,e2b52d5633f80b9a22dbc3d79ef5edaf,1.0,276538125,2306999753,2775148626,2018-08-16,delivered,35.49,7.51,43.0,credit_card,1.0,4.0,-3.0,0.0
2860692561,8e2180a4fcb4cc57d8e0737c95cd4d28,1.0,3871049329,2699637701,2368201577,2018-07-03,delivered,63.98,19.64,83.62,credit_card,8.0,3.0,-21.0,0.0
469025902,64eda3241f07453a9d8aeb85428c18c5,1.0,2368050669,3274103358,2047495738,2018-08-06,delivered,29.9,15.31,45.21,credit_card,2.0,7.0,-3.0,0.0
2737433373,ae51637de4a4424c759ab8b2c4279310,1.0,2926119429,2295367010,3919369145,2018-07-18,delivered,36.99,14.57,51.56,credit_card,1.0,5.0,-8.0,0.0
3733138232,6ad8c6d48181888c8e70e7d65b0508d7,1.0,3736387462,774870517,4109304321,2018-07-12,delivered,139.0,22.9,161.9,credit_card,3.0,11.0,-10.0,0.0
970624212,a77696c7b42da1121205a92ddae7b5c7,1.0,2577739195,2279606371,305748041,2018-08-10,delivered,32.9,7.45,40.35,credit_card,1.0,4.0,-9.0,0.0
444190303,42e548c44f26b8bd3f4d885fcb0d88a4,1.0,3738558315,1954901884,3485175421,2018-07-18,delivered,84.9,23.39,108.29,credit_card,1.0,6.0,-13.0,0.0
1331031834,9bcb423a861c6d643c7ce87c0cf4c7c1,1.0,3032015628,2116048782,4055463965,2018-08-03,delivered,22.32,15.26,2.58,credit_card,1.0,13.0,-5.0,0.0
2854610319,9c9373d4b368de80c20e6a2ca4a43904,1.0,2127393567,1692951975,1579174796,2018-08-11,delivered,69.0,14.79,83.79,credit_card,2.0,4.0,-6.0,0.0
219635196,278eb11fd9e41e960e36e311d4249665,1.0,4267523589,1782103281,3371283952,2018-08-11,delivered,78.71,22.3,101.01,credit_card,2.0,4.0,-5.0,0.0
2709630118,7abe0cad12e4aec0091551e7153275d3,1.0,3716144470,845017269,3115096273,2018-07-29,delivered,128.0,89.57,217.57,credit_card,2.0,18.0,2.0,1.0
645146583,88fe6c8d13fac8f0541f004562843994,1.0,3826720342,3537585960,1919968767,2018-07-18,delivered,110.32,13.43,123.75,credit_card,4.0,9.0,-6.0,0.0
3431988633,5913c96e255e41e1a9ed2fff46dfc552,1.0,2913050279,316445809,1654754434,2018-08-10,delivered,95.0,39.99,134.99,credit_card,2.0,18.0,-8.0,0.0
2498990206,60c2fd4bd6d23ab4fa7a910b61dac591,1.0,1560974420,4070335493,442956100,2018-08-04,delivered,79.9,7.82,87.72,credit_card,2.0,4.0,-4.0,0.0
1918707071,d86e65a13d3e7a90d876cb6b9064f1ac,1.0,584659657,827651034,2297992664,2018-08-06,delivered,189.9,17.6,207.5,credit_card,1.0,8.0,0.0,0.0
96491446,d318b7f49be14ab25218a6914acc404a,1.0,2376424711,2932457919,1672091742,2018-08-05,delivered,25.99,15.28,41.27,credit_card,1.0,5.0,-11.0,0.0
761578004,1bb21849ba48d381c52bcc9426f28051,1.0,3528940259,3981417261,3312449507,2018-08-11,delivered,89.9,23.43,113.33,credit_card,1.0,9.0,-4.0,0.0
985048931,850d4ef35655e814bf267b10bbd03b3a,1.0,758457829,1641401928,3968462480,2018-07-24,delivered,149.0,22.34,171.34,credit_card,1.0,7.0,-20.0,0.0
1131076248,36e4e23cd12bdb0504acb89751e85bc8,1.0,2862368647,3366434893,1102356649,2018-07-25,delivered,235.9,52.37,288.27,credit_card,2.0,23.0,-3.0,0.0
4222027563,aedce126de46f6e9cfc35a9083ac0c81,1.0,3530319649,4228617629,2308685613,2018-08-27,delivered,369.9,14.89,384.79,credit_card,5.0,3.0,0.0,0.0
1274721675,50ef6a06a587a4f97f8483946c692e70,1.0,60520969,226581046,53223181,2018-07-28,delivered,30.99,18.32,49.31,credit_card,1.0,6.0,-20.0,0.0
1671165427,28d1591eef9b1432d512e34dc8b3a513,1.0,4272960624,2163570156,3761277192,2018-07-30,delivered,31.9,8.38,40.28,credit_card,1.0,2.0,-1.0,0.0
3225558452,7a92d4bffc8f086e16f610875cee431b,1.0,2703090900,2571297348,666264880,2018-08-19,delivered,34.5,18.34,52.84,boleto,1.0,7.0,-3.0,0.0
1403595502,7e8dc21f44e46302a51e046680bc6598,1.0,3350504238,774870517,3179495650,2018-08-16,delivered,125.0,8.14,133.14,boleto,1.0,11.0,-2.0,0.0
12785466,50ef0803caecc37cffe206f09dbc70b3,1.0,2470202344,1959605107,740847726,2018-07-16,delivered,69.99,15.59,85.58,voucher,1.0,6.0,-22.0,0.0
2444458946,637b8707a779cf11512f479310e5751a,1.0,2539370221,2930755151,2304947736,2018-07-09,delivered,39.0,15.37,54.37,boleto,1.0,8.0,-9.0,0.0
2739648564,d75779e6c1a84594d2f0721948133e6e,1.0,1559392169,1534634014,3942029387,2018-08-20,delivered,60.0,19.61,79.61,credit_card,5.0,7.0,-6.0,0.0
1136555528,d75779e6c1a84594d2f0721948133e6e,2.0,1559392169,1534634014,3942029387,2018-08-20,delivered,60.0,19.61,79.61,credit_card,5.0,7.0,-6.0,0.0
3161940459,620133b0b32ccf5727e6c53ba3b0fb75,1.0,1813138415,4241422275,2012735916,2018-07-20,delivered,99.0,41.67,140.67,credit_card,2.0,7.0,-11.0,0.0
2233624411,0c1e49ce507979f2fb222498663ce653,1.0,2835556361,1002774363,2339751197,2018-07-21,delivered,188.16,27.62,215.78,credit_card,8.0,9.0,-13.0,0.0
1490249092,6f54e5fd939df1228bb8df39c2f1341e,1.0,2981331780,4217017174,2212029620,2018-07-27,delivered,749.9,27.97,777.87,credit_card,6.0,10.0,-16.0,0.0
1834363917,537716eaf03b0a1904be0663cbcdafa9,1.0,1869108684,2648057459,1615213775,2018-08-03,delivered,69.99,23.29,93.28,credit_card,8.0,11.0,-6.0,0.0
2200958704,a5469a655af5c94c8a3724543bc8f73d,1.0,2846071594,3545611960,2304947736,2018-07-20,delivered,55.0,7.65,62.65,credit_card,3.0,5.0,-5.0,0.0
3758955089,7c03bf6cda48e5312a9e4cfb0002f3b6,1.0,2097704392,4211498978,3873129795,2018-07-05,delivered,124.9,18.97,143.87,debit_card,1.0,7.0,-18.0,0.0
3485735766,e15c6296371161f7eabd6ce8335b5b51,1.0,436568770,1884487834,1867257412,2018-07-13,delivered,121.99,22.15,144.14,boleto,1.0,13.0,-11.0,0.0
1309488399,9971209651bda86ae11c4d218eb2bf7d,1.0,1625904057,4248176801,853605052,2018-08-10,delivered,109.9,36.0,145.9,credit_card,2.0,17.0,6.0,1.0
4120855550,063f19fae1eadbb92dc30d00b7cc870c,1.0,4051462427,2368046688,1868809992,2018-08-08,delivered,196.8,18.51,215.31,credit_card,4.0,8.0,-4.0,0.0
1196826229,cffd5f25c5b79f9d24b419fdcf74befb,1.0,2094011647,3846183757,3877577216,2018-08-13,delivered,84.0,22.52,106.52,credit_card,3.0,5.0,-9.0,0.0
1394528581,9bdf0443f07f3b2fcff74937bf1df6d2,1.0,2652078587,2549914389,568670513,2018-07-26,delivered,125.4,24.96,0.0,unknown,0.0,11.0,-3.0,0.0
3235394891,bb68ace3e06362eec8e986719378ba29,1.0,2022221388,1018367849,1125369443,2018-08-07,delivered,105.0,62.99,167.99,credit_card,2.0,20.0,-9.0,0.0
1110368054,63271c4f926901533f34d374c4126952,1.0,2867627817,592096461,2304947736,2018-07-22,delivered,78.0,18.65,96.65,credit_card,4.0,5.0,-13.0,0.0
4114685011,68dd7c23e8b6c1e5f3ad16be5dd4bdf6,1.0,2785983505,3211903509,123833255,2018-08-27,delivered,42.0,8.45,50.45,credit_card,5.0,1.0,-1.0,0.0
2362560633,3ea27e818dd373d6afff3fb13be4910d,1.0,2235130681,443280509,2566875709,2018-08-06,delivered,119.0,23.82,142.82,boleto,1.0,8.0,-1.0,0.0
373046514,b266fc1224f5d4b3ea5c8ac9ffaec15e,1.0,2537031394,3497691590,3789225317,2018-07-04,delivered,340.0,28.68,368.68,credit_card,3.0,8.0,-20.0,0.0
1495623137,b266fc1224f5d4b3ea5c8ac9ffaec15e,2.0,2537031394,3497691590,3789225317,2018-07-04,delivered,340.0,28.68,368.68,credit_card,3.0,8.0,-20.0,0.0
2199857223,04f1f7895e1f86444c5965be2d773cb3,1.0,282071507,457248455,1868809992,2018-07-18,delivered,150.0,21.69,171.69,credit_card,10.0,6.0,-13.0,0.0
3898543819,6e4ee1e1cfdf990b9c37dd33df4b2bb5,1.0,7011317,2748973812,1235607158,2018-08-03,delivered,239.0,24.47,0.0,unknown,0.0,10.0,-2.0,0.0
2889689461,d75ef81f53c32c4f5857799a077a609f,1.0,39042744,899860769,53223181,2018-08-09,delivered,29.99,7.47,37.46,credit_card,3.0,1.0,-4.0,0.0
3244050430,c0ebb2411df290b3d4e15a8409f419b2,1.0,4264113914,2397286120,753329531,2018-07-05,delivered,149.9,25.4,175.3,credit_card,15.0,8.0,-14.0,0.0
3918161685,00cee8a4dbb042385cbbd84699e78b2e,1.0,3788134889,1751831920,1553669565,2018-07-20,delivered,59.9,9.17,69.07,credit_card,1.0,5.0,-7.0,0.0
444648990,14b1311682489866d9a6b5c6dbc0372f,1.0,2172953643,609947661,817416274,2018-07-26,delivered,140.0,23.78,163.78,credit_card,1.0,8.0,-11.0,0.0
1625267283,4797c6132f890b44c782e3e3518b68ae,1.0,2618877864,3958845899,1734769477,2018-07-24,delivered,189.9,13.63,203.53,credit_card,5.0,1.0,-7.0,0.0
2494021506,66d737f81143e3724207d2f2fb457ad9,1.0,1580035340,3694391709,392238237,2018-07-22,delivered,74.8,18.32,93.12,boleto,1.0,10.0,-19.0,0.0
865314876,cd82b3b68f4843cceb338d860b8aa006,1.0,1028883836,454710736,3773013363,2018-08-07,delivered,418.0,22.12,440.12,credit_card,2.0,8.0,-6.0,0.0
3277466170,9d2542bf51fa5287da26940813c6c0fd,1.0,4244101330,26367845,3746284701,2018-08-03,delivered,29.9,7.63,37.53,credit_card,1.0,4.0,0.0,0.0
2884425704,c49f6b5cef87291f38f2b1fccf57c3c6,1.0,1899941921,211704435,1018330744,2018-07-12,delivered,28.99,22.13,51.12,boleto,1.0,13.0,-14.0,0.0
3740897342,9151a91cb186d1ca78dc97f0cd26cec4,1.0,2651236887,3003297880,1503930686,2018-08-22,delivered,108.9,15.07,123.97,credit_card,2.0,6.0,-12.0,0.0
4256734897,86bf8acc0fe437ce824685e72037572d,1.0,3915963930,1882562173,1379301944,2018-08-13,delivered,21.0,8.84,29.84,credit_card,1.0,3.0,-5.0,0.0
4285500889,460cef6c65eb7c4ab96f05d1c6846293,1.0,1743988691,1425614791,3485175421,2018-07-19,delivered,77.9,18.99,96.89,credit_card,4.0,7.0,-25.0,0.0
2092546742,4b30d547305dc914c94aaef8f842ebc2,1.0,3213777016,1879620740,2598814270,2018-08-10,delivered,158.9,51.83,210.73,credit_card,2.0,10.0,-16.0,0.0
2197866257,43c19b4037a93e40cda474629cc40648,1.0,1795248201,926738304,3243706070,2018-08-05,delivered,7.99,7.39,15.38,credit_card,1.0,3.0,-5.0,0.0
2314502260,336efd31419787f0000881576b3b0f0a,1.0,1078968599,216018721,2622583364,2018-08-08,delivered,309.9,20.27,330.17,credit_card,1.0,6.0,-16.0,0.0
2304563247,a08e444c29fa117e22e5408c3ffd6646,1.0,1739779895,1795904393,4038371640,2018-07-01,delivered,127.0,18.69,145.69,credit_card,6.0,4.0,-15.0,0.0
687176007,4e8eac5f839b87a8cdbd9847f4fe442d,1.0,2164408252,3713964879,3016182256,2018-08-03,delivered,219.9,9.7,229.6,credit_card,8.0,10.0,5.0,1.0
2233107123,78e669f43077eded2d55ba9455560995,1.0,337242256,3295422543,1579174796,2018-08-05,delivered,11.99,42.54,23.527675094918816,credit_card,3.0,9.0,-9.0,0.0
2898433941,78e669f43077eded2d55ba9455560995,2.0,337242256,3295422543,1579174796,2018-08-05,delivered,11.99,42.54,23.527675094918816,credit_card,3.0,9.0,-9.0,0.0
3151634069,78e669f43077eded2d55ba9455560995,3.0,337242256,2928164159,9861004,2018-08-05,delivered,49.91,17.02,97.93713627918248,credit_card,3.0,9.0,-9.0,0.0
2024502197,78e669f43077eded2d55ba9455560995,4.0,337242256,3294414530,9861004,2018-08-05,delivered,49.9,17.02,97.91751353097987,credit_card,3.0,9.0,-9.0,0.0
440919699,beb82936199adb4cf410d9dc9554e674,1.0,4232303880,3202270728,1017497319,2018-08-03,delivered,38.0,7.53,45.53,boleto,1.0,11.0,5.0,1.0
4055930343,4b2dc3d5bb4accd12c73d55b2a10f856,1.0,1727300757,1424785379,391897587,2018-08-03,delivered,19.99,7.4,27.39,boleto,1.0,4.0,-8.0,0.0
4053045824,6dc1b0448d8665a1ad93f2c1ec5b925a,1.0,3974763721,2105439760,2900036235,2018-08-05,delivered,179.0,25.12,204.12,credit_card,3.0,7.0,-3.0,0.0
1879625726,46b54803053a4980508c20a1927bd9ab,1.0,635558339,126915598,3115096273,2018-07-25,delivered,118.99,22.13,141.12,credit_card,7.0,7.0,-7.0,0.0
2765092642,2d3b451fae025eca7a05641e05e452bb,1.0,1612071012,2485812414,853272068,2018-07-23,delivered,26.25,16.37,42.62,boleto,1.0,7.0,-8.0,0.0
4168634908,2b31af271f3efcfd1f240a6ba82c631e,1.0,68452881,361672405,724738283,2018-07-10,delivered,161.42,38.6,200.02,credit_card,1.0,1.0,-8.0,0.0
2905338153,cbbf61b366cb1ca7a9f9b954e8f345b5,1.0,4102429743,1724473650,2636346249,2018-07-01,delivered,19.69,7.4,27.09,debit_card,1.0,4.0,-11.0,0.0
2906992134,39ddbf9faa7aa4f9c43b32acd366ea32,1.0,3476484361,3899614967,3726490712,2018-07-19,delivered,289.9,73.11,363.01,boleto,1.0,7.0,-11.0,0.0
2385823076,2d89599c5c8a739bf6d061f82bd09032,1.0,1651922905,2196362289,738364436,2018-08-10,delivered,210.0,19.57,229.57,credit_card,8.0,13.0,-21.0,0.0
3564238310,7613c3754c405759d9fc074c35a02b3c,1.0,2344646052,2750940312,945263063,2018-07-03,delivered,39.9,7.54,47.44,credit_card,4.0,2.0,-11.0,0.0
2141647487,9723bfef225ffa02fcb1be4299e59f91,1.0,1187305321,1205223205,3103215707,2018-08-10,delivered,259.99,21.01,281.0,boleto,1.0,17.0,-13.0,0.0
731951025,d68393f8b33cd22df7d78832c2761013,1.0,184453180,2597089508,3488828128,2018-08-09,delivered,89.9,14.93,104.83,boleto,1.0,8.0,-4.0,0.0
300409206,6dfd5e5c5068dadbb8ac93001b69677b,1.0,29894471,2771499898,2622583364,2018-08-01,delivered,119.9,27.21,136.82732023721277,credit_card,3.0,5.0,-15.0,0.0
477494586,6dfd5e5c5068dadbb8ac93001b69677b,2.0,29894471,944012752,1102356649,2018-08-01,delivered,149.9,10.88,171.06267976278724,credit_card,3.0,5.0,-15.0,0.0
522086663,06914a88cb181e922cc58fed3d198c98,1.0,2355651211,2799567097,2312352607,2018-08-27,delivered,159.0,16.41,0.0,unknown,0.0,1.0,-5.0,0.0
617262606,db70f8a5634ca9a20586be3dec6ad653,1.0,2392957686,1507649217,2102163508,2018-08-04,delivered,82.0,13.87,95.87,credit_card,1.0,9.0,3.0,1.0
3940835811,a97a2be3f668f7c6d75a218b2dba8720,1.0,2330672998,1118237897,753329531,2018-08-02,delivered,179.9,21.53,201.43,credit_card,4.0,15.0,-12.0,0.0
3645873794,cc6084f06931be9f36e97f21edc3c5a0,1.0,1177271548,893840574,1423184178,2018-07-30,delivered,129.0,37.81,166.81,boleto,1.0,11.0,-10.0,0.0
616747212,c6fe39cb893dca9cdde3a0d2201cc7c0,1.0,2307533916,875953540,2373578609,2018-08-03,delivered,67.9,14.06,81.96,boleto,1.0,7.0,-7.0,0.0
2329739730,7f62ff42160c8f3c778b5f4e16ef552c,1.0,1160059283,2358291713,2402947140,2018-07-13,delivered,99.99,15.01,115.0,credit_card,2.0,12.0,-2.0,0.0
2066673524,c27ac06232941e2af3a9e86dde14a045,1.0,1804001639,2856503660,3003602011,2018-07-21,delivered,64.99,9.21,74.2,credit_card,2.0,5.0,-8.0,0.0
2221522117,d96877bce74cc0d3a90e346baf151b4c,1.0,2647821434,1571402888,4053461970,2018-08-19,delivered,45.0,12.98,57.98,credit_card,2.0,5.0,-18.0,0.0
1573226210,33d7b87dc8622d0482074d8b653f3b08,1.0,1670094505,4120467300,2710840637,2018-07-19,delivered,125.0,24.03,149.03,boleto,1.0,19.0,-7.0,0.0
1471252834,111fd867f837d390ba296535e5ce8b92,1.0,592379952,713685055,3040083723,2018-08-03,delivered,179.9,12.28,192.18,credit_card,8.0,4.0,-5.0,0.0
1871974474,7c0385a35429f81bba270c85f63f4130,1.0,745865952,870882749,1675260091,2018-08-19,delivered,20.9,12.81,33.71,credit_card,3.0,4.0,-11.0,0.0
3787608467,af89a9009bc9e17652f71301d4065a35,1.0,4236134929,1812634765,2469936348,2018-08-09,delivered,119.0,17.02,136.02,debit_card,1.0,11.0,-3.0,0.0
361999037,b0a7e2d798e5504e83715a7e5bed5fe8,1.0,2442606270,4042733246,4185397625,2018-07-18,delivered,195.0,73.59,268.59,credit_card,5.0,2.0,-6.0,0.0
306203090,1c7c80b8301e9593ab7e370aba54a688,1.0,3765618548,2653143446,1361108180,2018-08-18,delivered,69.99,18.59,88.58,credit_card,4.0,5.0,-10.0,0.0
3557929061,0df84fd499d4271993b678c5509f3779,1.0,1871661019,3081453876,3742160527,2018-08-05,delivered,150.99,17.25,168.24,credit_card,3.0,11.0,-1.0,0.0
674833056,5a30bac46bd67c48565822b5789c0954,1.0,2143475293,3491261832,123833255,2018-08-04,delivered,40.0,9.03,49.03,credit_card,1.0,3.0,-1.0,0.0
182701166,68be5488c0fe6f10d9fcf87080556f7c,1.0,232503752,2677825474,3195430028,2018-07-30,delivered,90.0,7.89,97.89,credit_card,1.0,2.0,-1.0,0.0
3346068058,b2e77af6e5d073304e896d1f140da964,1.0,789069837,92894208,854629258,2018-07-18,delivered,119.99,23.59,143.58,credit_card,2.0,6.0,-8.0,0.0
1873023286,4fe46529fed4601ccb07ba71cc357567,1.0,2048014748,731813237,3514986460,2018-07-10,delivered,299.99,32.97,332.96,credit_card,8.0,19.0,-8.0,0.0
2539203610,8821146ecf8a1eb441aa052b371f1814,1.0,457835265,315293809,1025327516,2018-08-11,delivered,25.0,8.34,33.34,credit_card,1.0,4.0,-1.0,0.0
3310622667,3e073b27114fe955e184db124d34a566,1.0,1887521428,1277571969,1763790356,2018-08-07,delivered,170.0,4.66,174.665,credit_card,6.0,14.0,-29.0,0.0
201820768,3e073b27114fe955e184db124d34a566,2.0,1887521428,1277571969,1763790356,2018-08-07,delivered,170.0,4.66,174.665,credit_card,6.0,14.0,-29.0,0.0
173603135,3e073b27114fe955e184db124d34a566,3.0,1887521428,1277571969,1763790356,2018-08-07,delivered,170.0,4.66,174.665,credit_card,6.0,14.0,-29.0,0.0
3591222006,3e073b27114fe955e184db124d34a566,4.0,1887521428,1277571969,1763790356,2018-08-07,delivered,170.0,4.66,174.665,credit_card,6.0,14.0,-29.0,0.0
1653488755,3e073b27114fe955e184db124d34a566,5.0,1887521428,1277571969,1763790356,2018-08-07,delivered,170.0,4.66,174.665,credit_card,6.0,14.0,-29.0,0.0
531580880,3e073b27114fe955e184db124d34a566,6.0,1887521428,1277571969,1763790356,2018-08-07,delivered,170.0,4.66,174.665,credit_card,6.0,14.0,-29.0,0.0
3632763583,aae1b0d4a875d809965f0ea19c86ff95,1.0,1711453574,449642933,1755005248,2018-07-30,delivered,129.0,14.77,143.77,credit_card,1.0,2.0,-2.0,0.0
3673085157,9cb197309d8105d9d407533fce50ae34,1.0,1866171348,470532928,372596841,2018-08-24,delivered,89.99,18.73,108.72,boleto,1.0,5.0,-4.0,0.0
1906778829,650cf4a3760375c8eab33cdfda4aceff,1.0,3701575734,2277505632,4118774780,2018-08-21,delivered,399.0,25.94,424.94,boleto,1.0,9.0,-1.0,0.0
4216860623,0b49ef15b00408f4b3cc8c7ac0c5ae19,1.0,2622524534,649486852,635419832,2018-08-07,delivered,74.39,19.71,94.1,credit_card,3.0,3.0,-6.0,0.0
4190580621,5fae5b3e4e5a5c6b02a38d8e4536a81a,1.0,212694138,1672925611,854629258,2018-07-09,delivered,69.99,17.12,87.11,credit_card,8.0,5.0,-19.0,0.0
3344016602,5ec57659b85eb947cc673208c233ff65,1.0,2477492621,1243526727,487055631,2018-07-10,delivered,80.0,23.36,103.36,debit_card,1.0,9.0,-6.0,0.0
10276227,5ec57659b85eb947cc673208c233ff65,2.0,2477492621,1243526727,487055631,2018-07-10,delivered,80.0,23.36,103.36,debit_card,1.0,9.0,-6.0,0.0
517620858,a2d72ff17d07bd4f05cfaa40c6c8e2a2,1.0,1746204071,869965182,2566875709,2018-08-20,delivered,289.0,21.21,310.21,credit_card,10.0,6.0,-7.0,0.0
2750671061,c700b407cfb9699e423866878835f42b,1.0,3323572286,3987684668,123833255,2018-07-03,delivered,130.0,23.71,153.71,credit_card,4.0,7.0,-14.0,0.0
853347205,22a409aa094a6210e26006088a346124,1.0,1504725661,4092696660,1066843052,2018-07-24,delivered,59.99,25.0,80.04014226881318,credit_card,4.0,13.0,-4.0,0.0
458618170,22a409aa094a6210e26006088a346124,2.0,1504725661,4092696660,1066843052,2018-07-24,delivered,59.99,25.0,80.04014226881318,credit_card,4.0,13.0,-4.0,0.0
1037161095,22a409aa094a6210e26006088a346124,3.0,1504725661,4076520021,1066843052,2018-07-24,delivered,66.99,12.5,89.37971546237364,credit_card,4.0,13.0,-4.0,0.0
2388104260,55a4f9b50beced29f599c03bf4df76e0,1.0,3373061995,215579846,213195857,2018-08-03,delivered,63.9,23.25,87.15,credit_card,8.0,14.0,-5.0,0.0
5329891,9a9cac4ec55eecd7cbb85d77af0f07cf,1.0,1125445856,3925803884,1026558515,2018-08-12,delivered,169.9,51.98,221.88,credit_card,6.0,10.0,-25.0,0.0
134920962,12a72e49c959db8d7552036e53a67f49,1.0,1641807771,1209219409,1342390521,2018-07-30,delivered,143.99,28.09,172.08,credit_card,6.0,10.0,-5.0,0.0
3752092681,9e9b1a4e3c37db666652ee2ce50e0700,1.0,3488892330,2904281788,2947136883,2018-08-23,delivered,64.8,19.64,84.44,credit_card,1.0,6.0,-12.0,0.0
1542433154,accd923380006cc7eb4df308538f9cfd,1.0,3251967038,1883780793,3839148968,2018-08-10,delivered,269.0,56.36,325.36,credit_card,6.0,5.0,-13.0,0.0
3858309772,897885c5e0c8df643675e163c1af79f8,1.0,1659767394,3610606957,1993625437,2018-07-23,delivered,49.9,8.69,58.59,credit_card,1.0,2.0,-20.0,0.0
2011159254,c1e9744452fb7f55208a14610436019c,1.0,619237882,3898746537,2354683314,2018-07-04,delivered,29.9,7.47,37.37,credit_card,1.0,6.0,-9.0,0.0
4191245172,4da0d9f0eabbf66ac32280431ed7c6ce,1.0,1096807405,3835874377,3809495135,2018-08-09,delivered,14.9,7.39,22.29,boleto,1.0,4.0,-2.0,0.0
3945392826,1544633fddddf3dd98fd5e9eaeb01b4d,1.0,2753085725,2819962980,3100986973,2018-08-03,delivered,175.0,13.89,188.89,boleto,1.0,11.0,-1.0,0.0
1049762043,da56bf0bdea03c2780bb37ff9db85e3d,1.0,1451843466,2670096955,4160630161,2018-08-15,delivered,49.9,7.61,57.51,credit_card,1.0,4.0,0.0,0.0
2773866141,c98034f8df920ed8ca430c1105e3b600,1.0,658479365,592096461,2304947736,2018-07-11,delivered,78.0,23.27,101.27,credit_card,2.0,21.0,-19.0,0.0
1799552883,ccfba4fa3ba74e9052582349a558b474,1.0,4266498849,899860769,53223181,2018-08-09,delivered,29.99,7.47,37.46,boleto,1.0,5.0,-2.0,0.0
1990730842,d2b4c76c2ccfe2f70c1488434a362f56,1.0,3318505790,691575697,1026558515,2018-08-13,delivered,339.9,20.48,360.38,credit_card,3.0,7.0,-14.0,0.0
3460682890,cec31771f7be596e463066dab5db839f,1.0,908496583,382228588,2997337676,2018-08-07,delivered,527.9,17.18,545.08,credit_card,5.0,20.0,-1.0,0.0
2060075006,5f8c42f0624576e5f4c4c86cb176c613,1.0,2236144071,2553311994,1308541058,2018-08-14,delivered,69.0,9.41,78.41,credit_card,1.0,2.0,-4.0,0.0
3507618933,e0be4cd18c3c6b6dc7adbe8e2239fe74,1.0,3885586273,1765557008,492848926,2018-08-06,delivered,29.99,21.51,51.5,boleto,1.0,7.0,-7.0,0.0
2017762846,57241955d7675fbc53a892e7e739da68,1.0,2989651979,1463811418,2384848440,2018-07-23,delivered,44.9,15.41,60.31,credit_card,3.0,4.0,-10.0,0.0
3679171247,396e93059094c4e5ebf8af645cb91e03,1.0,703770458,3674741738,2580370799,2018-07-05,delivered,187.9,19.42,207.32,debit_card,1.0,5.0,-34.0,0.0
3303613989,58df776da444438e064d1e4910f8be87,1.0,70407436,1298509603,4156473050,2018-08-08,delivered,54.9,8.54,63.44,credit_card,1.0,1.0,-3.0,0.0
645251197,724ce270686637620b2fdeb626828db6,1.0,2081077497,1337570435,2384848440,2018-07-14,delivered,62.9,18.54,81.44,credit_card,8.0,9.0,-8.0,0.0
1687569383,df7e2759236fdf704508c65069fb6dbf,1.0,1454948862,351256069,1379301944,2018-07-25,delivered,31.0,18.32,49.32,credit_card,1.0,5.0,-25.0,0.0
1028454702,a71b8771c97d895f5a8240e4a24597dc,1.0,1945722095,1177862612,1868809992,2018-08-09,delivered,38.4,12.11,44.35923136049193,credit_card,10.0,4.0,-7.0,0.0
298406358,a71b8771c97d895f5a8240e4a24597dc,2.0,1945722095,4024032188,1868809992,2018-08-09,delivered,145.0,4.04,167.50230591852423,credit_card,10.0,4.0,-7.0,0.0
3577249348,a71b8771c97d895f5a8240e4a24597dc,3.0,1945722095,1177862612,1868809992,2018-08-09,delivered,38.4,12.11,44.35923136049193,credit_card,10.0,4.0,-7.0,0.0
3030861124,a71b8771c97d895f5a8240e4a24597dc,4.0,1945722095,1177862612,1868809992,2018-08-09,delivered,38.4,12.11,44.35923136049193,credit_card,10.0,4.0,-7.0,0.0
4015217657,9e3181bd51258dfbe09b6a057bc37771,1.0,1571199241,2466355469,523493826,2018-07-10,delivered,66.99,27.75,94.74,boleto,1.0,13.0,-9.0,0.0
555072956,c4bd023ec3c8f99bdc3a817584217988,1.0,4096989236,685081976,1867257412,2018-08-02,delivered,93.99,11.68,105.67,credit_card,5.0,4.0,-1.0,0.0
3890343994,28cda4e2c431cbb41d153d52ba95f894,1.0,1446358032,521431382,4113056936,2018-07-02,delivered,14.75,7.39,22.14,credit_card,2.0,8.0,-6.0,0.0
861349353,7e27277184720891692df939d3a7b048,1.0,2290482736,3297940398,1694950908,2018-07-30,delivered,63.0,15.54,78.54,credit_card,1.0,8.0,-13.0,0.0
3187145782,4ada6d6dfed2a3a67e95d23f336ae96b,1.0,565124474,1785441143,1361108180,2018-07-17,delivered,64.99,18.56,83.55,debit_card,1.0,7.0,-8.0,0.0
3472472652,2ef410891d7032f34d90f6e7d1dc42b3,1.0,2886690312,4114507059,1994919736,2018-08-06,delivered,86.0,15.7,101.7,credit_card,1.0,14.0,-21.0,0.0
1815934011,25a41191628ff8e6be3cfb655337cd75,1.0,4232433700,1899795568,1846154139,2018-08-20,delivered,15.0,13.48,28.48,boleto,1.0,7.0,-9.0,0.0
284075094,a37e262a26000281d0ade3b4eb1ce1e6,1.0,2177871085,2675339164,2668286757,2018-08-06,delivered,87.9,17.55,105.45,credit_card,10.0,6.0,-9.0,0.0
639102107,93a955b7a775ad2a9a9309557360558e,1.0,2191092890,2240938726,2023461531,2018-07-28,delivered,39.99,7.54,47.53,credit_card,1.0,3.0,-2.0,0.0
2895575322,be555543375e799bd0f439ffc16134ab,1.0,4101299490,1393903013,91113541,2018-07-03,delivered,35.9,15.32,51.22,boleto,1.0,2.0,-18.0,0.0
396179720,be555543375e799bd0f439ffc16134ab,2.0,4101299490,1393903013,91113541,2018-07-03,delivered,35.9,15.32,51.22,boleto,1.0,2.0,-18.0,0.0
4017980701,af8582de59ea502ec0626a2ded9c535a,1.0,2448739484,629425517,3773013363,2018-08-05,delivered,469.0,19.47,488.47,boleto,1.0,8.0,-7.0,0.0
262568930,18d4a7100f31e670cfebe0dce5a2d844,1.0,1065354319,3602545415,3873348354,2018-08-01,delivered,49.9,13.93,63.83,boleto,1.0,7.0,-1.0,0.0
157311706,6ebc7d36b08fd168bebefb07e6170be9,1.0,2346023253,3384882695,1276368770,2018-07-20,delivered,232.75,24.43,257.18,credit_card,5.0,13.0,-15.0,0.0
127997260,0de2b30e13d8f2dec50a37917bdac7d0,1.0,293891205,1567030015,2812297156,2018-08-22,delivered,330.0,10.47,340.47,credit_card,8.0,2.0,-3.0,0.0
3685684132,9eedaa8643ebca26e894f58017d00970,1.0,3529722047,1373480477,1616220342,2018-08-11,delivered,149.99,22.98,172.97,credit_card,1.0,5.0,-13.0,0.0
3657634517,be00cfaf4e0d5de6b164815a10ca0ad3,1.0,1438042244,2773289696,605810449,2018-07-09,delivered,99.99,71.78,171.77,credit_card,6.0,7.0,-8.0,0.0
4034467940,681dfff7b99a142f8add974aa7deab83,1.0,1705251875,2783135778,95504644,2018-07-24,delivered,78.73,22.48,101.21,credit_card,2.0,10.0,-16.0,0.0
3151108098,ae96c285e2413fd08d98768e8dac20df,1.0,4029517817,694349577,358900552,2018-08-07,delivered,79.5,7.82,87.32,credit_card,1.0,9.0,2.0,1.0
425319098,9be4b69acb574b3a1e968c60b563a99c,1.0,1835456145,2716909735,2804246847,2018-08-23,delivered,119.9,17.03,136.93,credit_card,6.0,4.0,-9.0,0.0
2040833040,9c57e2e7098196c6c6ac9d333b0395b0,1.0,915621699,3375574746,3909645171,2018-08-18,delivered,16.9,7.39,24.29,boleto,1.0,3.0,-2.0,0.0
4190506404,73f1e1ca4cf1bf1290b466cec4ce767e,1.0,975827129,4195285289,123833255,2018-08-10,delivered,390.0,15.03,405.03,credit_card,9.0,1.0,-9.0,0.0
3190450751,1e575fc9d2c56fa7889923cd298830f1,1.0,3666439048,2931710682,84469676,2018-07-21,delivered,199.9,20.96,220.86,credit_card,5.0,5.0,-17.0,0.0
1044426587,7811343e37a3cbe3fd4755f1a448c765,1.0,3019210872,2538804064,1445435194,2018-07-16,delivered,29.9,13.69,43.59000000000001,boleto,1.0,15.0,2.0,1.0
2808939735,7811343e37a3cbe3fd4755f1a448c765,2.0,3019210872,2538804064,1445435194,2018-07-16,delivered,29.9,13.69,43.59000000000001,boleto,1.0,15.0,2.0,1.0
4102477046,7811343e37a3cbe3fd4755f1a448c765,3.0,3019210872,2538804064,1445435194,2018-07-16,delivered,29.9,13.69,43.59000000000001,boleto,1.0,15.0,2.0,1.0
514629156,7811343e37a3cbe3fd4755f1a448c765,4.0,3019210872,2538804064,1445435194,2018-07-16,delivered,29.9,13.69,43.59000000000001,boleto,1.0,15.0,2.0,1.0
2306731012,7811343e37a3cbe3fd4755f1a448c765,5.0,3019210872,2538804064,1445435194,2018-07-16,delivered,29.9,13.69,43.59000000000001,boleto,1.0,15.0,2.0,1.0
3029769272,7811343e37a3cbe3fd4755f1a448c765,6.0,3019210872,2538804064,1445435194,2018-07-16,delivered,29.9,13.69,43.59000000000001,boleto,1.0,15.0,2.0,1.0
2577208698,575bfb61f87cbd5b35f76ca953e1edff,1.0,1935815567,4019824993,538530758,2018-08-12,delivered,99.9,37.61,137.51,credit_card,10.0,7.0,-24.0,0.0
1812869967,54385d537116e5d01683eb06b3828d8e,1.0,2841691623,2222709136,3366215599,2018-07-27,delivered,179.9,28.21,208.11,credit_card,4.0,13.0,-17.0,0.0
3638076751,d6e3732aea036f7d71b44db75163e2f4,1.0,1136195844,1814722568,1778061601,2018-07-03,delivered,169.89,12.92,182.81,credit_card,3.0,2.0,-15.0,0.0
2758280184,03d11bececb87dec8b11f5bd6fa62472,1.0,448258639,2658559369,4071751220,2018-07-13,delivered,119.9,23.12,143.02,credit_card,2.0,11.0,-10.0,0.0
2321917427,99cca049bdfcd6019f861465e6b9261e,1.0,3066424844,350734866,1813314038,2018-07-20,delivered,42.9,19.49,62.39,credit_card,6.0,9.0,-17.0,0.0
2115604443,6bdc8831f7f05d0765b0d07c612b731e,1.0,3908350180,1488799905,3466443720,2018-08-13,delivered,76.11,19.72,95.83,credit_card,1.0,8.0,-9.0,0.0
3042606685,0adf68e8a310f18fc7e75cffa60901b2,1.0,990838929,851568689,2636346249,2018-07-06,delivered,27.99,7.46,35.45,credit_card,2.0,6.0,-7.0,0.0
3241314117,63f96415deb3a304ecad661aca59761b,1.0,3878367314,2435879454,4086780073,2018-08-23,delivered,139.0,22.79,161.79,boleto,1.0,5.0,-13.0,0.0
3049545320,a250e33c3d40fa9dd726391ebc5a4abb,1.0,226721238,3074567367,2554243760,2018-08-06,delivered,109.7,37.68,147.38,boleto,1.0,10.0,-18.0,0.0
3359212810,4516e24f7d61e13033494fd6252e5c29,1.0,3041469956,1263580723,1615213775,2018-08-23,delivered,44.85,19.5,64.35,credit_card,2.0,5.0,-6.0,0.0
352971866,6424ddd05ffee73de1df9f8f9d1bfc25,1.0,2890709817,592096461,2304947736,2018-07-20,delivered,78.0,13.21,91.21,credit_card,3.0,5.0,-9.0,0.0
1325053929,3d356b012ee1e4e469b7b56910afdb6e,1.0,2585815356,1214660150,3789868639,2018-07-16,delivered,65.95,15.56,81.51,credit_card,1.0,4.0,-16.0,0.0
1791197374,161e053585557a1c61af92492bdb4f21,1.0,1055923096,2505766514,4086780073,2018-07-03,delivered,169.9,37.27,207.17,credit_card,5.0,9.0,-12.0,0.0
441220831,65967471ea680726ad2d27368e4c4dc7,1.0,2523010416,2306518858,4193115790,2018-07-22,delivered,329.9,81.03,410.93,credit_card,4.0,14.0,-3.0,0.0
4292186850,985680a4287cdd85e885a79a6c24b023,1.0,190428982,3064981304,1806598175,2018-08-22,delivered,157.0,16.4,173.4,credit_card,2.0,2.0,-3.0,0.0
2895073280,2a898874fbdeadc5df2ea8a0b01b85cb,1.0,1660261253,2413621728,2250123381,2018-08-15,delivered,75.0,18.63,93.63,credit_card,1.0,8.0,-7.0,0.0
383781113,2a898874fbdeadc5df2ea8a0b01b85cb,2.0,1660261253,2413621728,2250123381,2018-08-15,delivered,75.0,18.63,93.63,credit_card,1.0,8.0,-7.0,0.0
292262799,699c772093df6cd7b0a73ddac5132a93,1.0,3911663879,4034904347,3873129795,2018-08-03,delivered,169.9,19.29,189.19,credit_card,1.0,7.0,-10.0,0.0
2516541599,cdaa0dca6483df88852d59902ad653a6,1.0,2536877614,174750780,523493826,2018-08-12,delivered,122.99,63.11,186.1,credit_card,6.0,10.0,-25.0,0.0
3037935349,8712b255e65bd40b073d43478f7d24d1,1.0,3432140971,2430121960,4270254564,2018-08-20,delivered,29.9,8.37,38.27,debit_card,1.0,2.0,-1.0,0.0
1128124359,0abe0832bcbe8e17c2ee4b5b9fd05216,1.0,1925396483,3709197974,740847726,2018-07-16,delivered,79.99,16.75,96.74,credit_card,2.0,11.0,-10.0,0.0
4124100925,8dd212b37ef87381b34684de2200d25d,1.0,4087062153,4199665169,4086780073,2018-07-03,delivered,79.0,24.63,103.63,credit_card,2.0,8.0,-18.0,0.0
2608529194,632203abfe718597f34e8d7ed449b4cb,1.0,3925062010,4068082380,4185397625,2018-07-16,delivered,85.71,12.9,98.61,credit_card,8.0,4.0,-4.0,0.0
2827495764,91d8a1dadf0fcb4bdf82d88e8b82e9b9,1.0,927190212,2282945102,605810449,2018-07-27,delivered,38.99,12.93,51.92,credit_card,2.0,6.0,-7.0,0.0
1484777678,c5267c7bad3d532ba30cf3b72596d3de,1.0,711527948,2434217352,1919968767,2018-07-22,delivered,110.32,8.03,118.35,credit_card,1.0,4.0,-7.0,0.0
177792476,a23fc2b3af4f1a48e6105fb5dd8d1348,1.0,1723917795,1150114816,1716536501,2018-08-07,delivered,48.9,13.92,62.82,credit_card,1.0,6.0,-2.0,0.0
3360764433,430e723584294b481e1cfb980b10df3a,1.0,3151154143,650767889,604144110,2018-08-23,delivered,169.9,18.99,188.89,credit_card,2.0,6.0,-7.0,0.0
2495002494,a5406e921aa2f3d19c33ab88c936f426,1.0,3409304472,1115709752,2304947736,2018-08-16,delivered,78.0,7.81,85.81,debit_card,1.0,4.0,0.0,0.0
2908385435,18d2e92302e58abca7cd07fc8ff2ffa3,1.0,1060024155,3480532368,1107359178,2018-07-25,delivered,89.9,18.43,108.33,boleto,1.0,6.0,-10.0,0.0
3695198888,78bfabdd678960433865cf37c15be81d,1.0,3101805751,4102193398,2681412629,2018-07-29,delivered,79.99,18.66,98.65,credit_card,3.0,4.0,-13.0,0.0
1576598639,dd2e84f453b5bd5297babe45f1183f84,1.0,2913102998,870882749,1675260091,2018-08-16,delivered,20.9,12.81,33.71,credit_card,1.0,3.0,-22.0,0.0
2878075089,df1fb814cd2fd847abda026285f5c4aa,1.0,2181283168,3800369846,3757827199,2018-07-26,delivered,230.0,28.56,258.56,boleto,1.0,11.0,-4.0,0.0
1549797634,cb12d32a82abfd6f2d13581b3c8e3e80,1.0,449491879,2281310105,3626123686,2018-08-15,delivered,79.0,18.35,97.35,credit_card,4.0,7.0,-5.0,0.0
1304179955,cc2b671ecddacf155dfff5f460a2e9b5,1.0,2395391920,3393768191,819761952,2018-08-19,delivered,19.49,7.88,27.37,credit_card,2.0,3.0,-7.0,0.0
395503284,cc2b671ecddacf155dfff5f460a2e9b5,2.0,2395391920,3393768191,819761952,2018-08-19,delivered,19.49,7.88,27.37,credit_card,2.0,3.0,-7.0,0.0
2539366774,d71107a6731127052448382e44f602ad,1.0,1278933148,4241422275,2012735916,2018-08-16,delivered,99.0,41.67,140.67,boleto,1.0,6.0,-6.0,0.0
2246032185,4587cee7619ccea5e9958dd64fe2db8e,1.0,2962222931,3730725796,2870196462,2018-08-10,delivered,12.35,7.39,19.74,voucher,1.0,5.0,-7.0,0.0
845397017,c05f8f8d85ec06af1b5de0baa7050f4e,1.0,4277906210,763667658,1203697143,2018-08-11,delivered,12.88,7.39,20.27,credit_card,1.0,4.0,-6.0,0.0
1147919817,8a20690ced594f1b8937e869026ccc89,1.0,3829295810,1186018206,3783637211,2018-08-19,delivered,54.99,8.55,63.54,credit_card,1.0,3.0,-12.0,0.0
1511947123,3f84b0049b0be014bde59429ca8267fc,1.0,1717852334,1053813247,2090364660,2018-08-17,delivered,12.99,7.39,20.38,boleto,1.0,13.0,7.0,1.0
501631272,5c5dbf7439be3806b599476ff0264276,1.0,3129952186,3570098028,1873747380,2018-08-18,delivered,140.0,67.57,207.57,credit_card,1.0,6.0,-7.0,0.0
4190005351,d6e8c00fe3761c680d73781f517b7e63,1.0,2906207964,1696919580,2636346249,2018-07-05,delivered,29.99,18.31,48.3,credit_card,4.0,7.0,-17.0,0.0
2240029733,bdc82a7dd7a5afa642e590e280475da0,1.0,1596982670,1567030015,2812297156,2018-07-28,delivered,330.0,21.22,351.22,credit_card,10.0,12.0,-11.0,0.0
2314558341,63a0e19325e063aabcb6d25bc5223d5c,1.0,3441646337,2181897138,818072497,2018-07-31,delivered,30.52,7.47,37.99,credit_card,1.0,1.0,-4.0,0.0
1549421909,7f01243bfbb619e73796571192245fce,1.0,2156445168,1082405871,596468350,2018-08-23,delivered,89.0,14.93,103.93,credit_card,7.0,1.0,-11.0,0.0
320010593,5874a902f1718385ee6ec11b4745d642,1.0,832559935,1833850061,687121961,2018-07-11,delivered,49.99,9.1,59.09,boleto,1.0,3.0,-6.0,0.0
1485689982,c39414c195d0f94c9d9c35e7c6ed4f1a,1.0,41048410,2254554039,4194263931,2018-08-01,delivered,125.0,14.22,139.22,credit_card,2.0,15.0,-12.0,0.0
62801366,98e109d3f1db912647c2140cdee13836,1.0,4278003843,1696919580,2636346249,2018-08-19,delivered,29.99,18.31,48.3,credit_card,1.0,10.0,-6.0,0.0
2034583856,9460e47bf3fddcb92a2bc8023ae541b2,1.0,714312729,3313023567,179864683,2018-08-05,delivered,109.9,15.87,0.0,unknown,0.0,9.0,-28.0,0.0
1447920105,ca76635b390431657148c4f92d697fe1,1.0,2895706219,2574648191,1018258220,2018-08-15,delivered,149.65,19.15,168.8,credit_card,2.0,6.0,-13.0,0.0
2168850221,71435a06cf53842e055368f881a38b61,1.0,3926331796,2501479805,2851853482,2018-07-25,delivered,239.99,20.87,260.86,credit_card,8.0,3.0,-13.0,0.0
4152577744,6d1f16f4ed292206fbeedf3b44e0ceb3,1.0,859505477,718071674,1734769477,2018-07-01,delivered,29.9,7.79,37.69,boleto,1.0,3.0,-12.0,0.0
3119530173,71d1754603b8b9def8a3484a67d5ca3c,1.0,3639665410,4138670824,1235607158,2018-08-17,delivered,129.99,24.06,154.05,credit_card,1.0,10.0,-2.0,0.0
3439963970,dbe8fba9c7020282d2cf4a214f28a256,1.0,3857470683,2254554039,4194263931,2018-08-01,delivered,125.0,37.79,162.79,boleto,1.0,19.0,-7.0,0.0
1753849885,4fe6cee06467399353cf7a3068d59064,1.0,1875129827,1782103281,3371283952,2018-08-02,delivered,78.71,75.35,154.06,debit_card,1.0,8.0,-13.0,0.0
1657274725,6ef6c0a23f7f0b6bbe9dfbc5f22b56c6,1.0,2841746396,2527316328,2629314654,2018-08-17,delivered,16.99,7.39,24.38,boleto,1.0,10.0,0.0,0.0
2096347854,5b14a3d13762f195f8bcefc1c2eb767d,1.0,626017026,3231185409,4036656285,2018-08-03,delivered,74.5,19.99,94.49,credit_card,3.0,6.0,-27.0,0.0
2681587077,4cdbb26aa0dc8e7179f33edf59722fa8,1.0,3501551457,1306706221,1867257412,2018-07-03,delivered,53.99,9.13,63.12,debit_card,1.0,1.0,-15.0,0.0
3016853314,a103620b14c5f66c4a0f9c14a1327377,1.0,421128633,1127399319,1021285084,2018-07-24,delivered,179.9,68.94,248.84,boleto,1.0,22.0,0.0,0.0
2553470435,e1716f3b568b31f585d5c531d45612d7,1.0,3850278624,2857571781,1379301944,2018-08-15,delivered,35.6,26.55,62.15,credit_card,1.0,6.0,-9.0,0.0
674058458,218ccc84d9bd2cf98f2bc246f70f91c8,1.0,230816934,34222964,2014339942,2018-07-24,delivered,50.0,22.17,72.17,boleto,1.0,6.0,-11.0,0.0
4166713353,32c7cc7d74701f67ffcb3b3a888de86c,1.0,651847484,4188640871,1076978718,2018-07-08,delivered,1399.0,17.95,1416.95,credit_card,6.0,4.0,-10.0,0.0
3780947860,2299665d9edd455e536eaf31b9cb0493,1.0,130600665,3025566640,2622583364,2018-08-11,delivered,178.0,19.35,197.35,credit_card,2.0,9.0,-10.0,0.0
4038861278,5301ecfd0e379cbcb4129e22f8a7f0ef,1.0,948341177,3128846233,445778927,2018-07-08,delivered,119.9,13.14,133.04,credit_card,2.0,3.0,-12.0,0.0
1857136312,6831327c575ec5efdb90392fed9d2f1a,1.0,1814789429,4109384596,925912501,2018-07-28,delivered,16.9,8.29,25.19,credit_card,5.0,3.0,-2.0,0.0
1213332143,6831327c575ec5efdb90392fed9d2f1a,2.0,1814789429,4109384596,925912501,2018-07-28,delivered,16.9,8.29,25.19,credit_card,5.0,3.0,-2.0,0.0
1518688441,44c2a6a1b2abef0a76aa83b222217153,1.0,4239689677,1411087233,4120033478,2018-07-31,delivered,69.9,11.75,81.65,credit_card,3.0,2.0,-3.0,0.0
3098163842,4295876088eaa108fede7b0b77109ed3,1.0,2626262246,1271628224,900310379,2018-08-06,delivered,96.8,14.98,111.78,credit_card,10.0,4.0,-4.0,0.0
4062928903,df0036e685fb491dbb08531f082ddbb6,1.0,1558790868,1228220075,2673799559,2018-08-08,delivered,26.0,18.28,44.28,credit_card,1.0,4.0,-8.0,0.0
1645713568,704e4951f9087aea88ee9be9b6188b96,1.0,2144480706,2418559788,596468350,2018-07-23,delivered,46.0,14.63,60.63,credit_card,2.0,3.0,-12.0,0.0
3448745920,2a81af36abe7c237e184b5f84e5b27bb,1.0,71269892,3619619728,1027933367,2018-08-17,delivered,70.0,9.24,79.24,credit_card,4.0,4.0,-2.0,0.0
3821746527,81e5ffe389c377c7b423c9669a9fe712,1.0,3878602772,867159239,878327625,2018-08-03,delivered,55.9,17.32,73.22,credit_card,2.0,7.0,-11.0,0.0
4074154703,d0e7875fcf8fa009f5295ad397fc7e18,1.0,1189700516,1683439956,3064931309,2018-07-19,delivered,100.99,15.02,116.01,credit_card,5.0,5.0,-9.0,0.0
194971495,db6dae09bac5138ab59b6d6c0a1c5284,1.0,2025713480,3827314617,1277691880,2018-07-25,delivered,47.9,9.65,57.55,boleto,1.0,5.0,-4.0,0.0
1894023462,dc3400f2dd273de43a390ec373f09efb,1.0,71797494,548107425,523493826,2018-07-17,delivered,199.99,53.75,253.74,credit_card,3.0,26.0,0.0,0.0
2450554588,025e095e20c6575abee30657b956b3ff,1.0,48276667,1998350797,1945143205,2018-08-16,delivered,160.0,12.14,172.14,boleto,1.0,5.0,-2.0,0.0
4229790467,71690141b0ebadd9464cd3adb5c6b881,1.0,1849415576,659223735,4220048581,2018-08-21,delivered,139.99,16.99,157.67935685341465,credit_card,5.0,5.0,-25.0,0.0
4123734425,71690141b0ebadd9464cd3adb5c6b881,2.0,1849415576,789527763,4220048581,2018-08-21,delivered,129.0,17.0,145.30064314658537,credit_card,5.0,5.0,-25.0,0.0
156449777,964267c31e3140c22ce0eb459a4cfb72,1.0,3346820869,2472453309,3342868299,2018-08-23,delivered,184.0,13.95,197.95,credit_card,2.0,5.0,-8.0,0.0
2699918501,13d341318c77969f10d77e1382957542,1.0,1539594423,2943165550,516043301,2018-08-01,canceled,29.9,8.96,38.86,boleto,1.0,,,
3196688461,91d95fd4dd24e83041031228370438b9,1.0,47320131,2614209174,112649996,2018-08-03,delivered,29.99,22.93,52.92,boleto,1.0,11.0,-17.0,0.0
4249654261,4313ba67282f2ba99c4b3c4f3e344595,1.0,318902218,3926824611,1919968767,2018-07-30,delivered,95.0,7.93,102.93,boleto,1.0,14.0,8.0,1.0
2718851580,9a072116d6c2ca9839e6d88a061a59d2,1.0,1210918488,2060785446,585086534,2018-07-19,delivered,25.49,17.11,42.6,boleto,1.0,7.0,-13.0,0.0
689680847,411282320ee1ea91c2fc8351aee73b05,1.0,484524049,2671762118,2284033100,2018-07-03,delivered,144.88,44.81,189.69,credit_card,2.0,10.0,-14.0,0.0
691930375,049db9aade07d0056ead438e182f2b52,1.0,2053086485,1785441143,1361108180,2018-07-09,delivered,64.99,18.56,83.55,boleto,1.0,4.0,-12.0,0.0
3655999021,4f604161cac7949dd11d13af2a4944b6,1.0,578384663,457248455,1868809992,2018-07-20,delivered,150.0,27.34,212.96052631578948,boleto,1.0,11.0,-14.0,0.0
809430531,4f604161cac7949dd11d13af2a4944b6,2.0,578384663,1819643303,1868809992,2018-07-20,delivered,78.0,68.36,110.73947368421052,boleto,1.0,11.0,-14.0,0.0
4071904695,10a2c5cabdf1f2dadfa09ab7491f1f04,1.0,3616700755,2886373284,3633342575,2018-07-22,delivered,15.0,7.39,22.39,credit_card,2.0,1.0,-7.0,0.0
777118413,34eee68850f6ab8118e4600207afdaf4,1.0,2225085268,688744999,1598230577,2018-08-14,delivered,189.0,8.58,197.58,credit_card,6.0,7.0,-2.0,0.0
3879652989,9d47e048cd4a6ff635406a2212b0a7f0,1.0,2956379467,4149015084,2565070737,2018-08-21,delivered,289.75,38.94,328.69,credit_card,10.0,8.0,-12.0,0.0
827962608,78420988bdc7bf4dac19e4fe4ccdbd6a,1.0,1224328591,3478202829,918571473,2018-07-09,delivered,194.91,24.08,218.99,credit_card,4.0,25.0,-5.0,0.0
3568322186,2303956d13919bf90f2a4818bab96a71,1.0,1585386662,1904534266,2368201577,2018-08-05,delivered,47.99,22.27,70.26,credit_card,1.0,5.0,-7.0,0.0
3573444419,b0df2d550f7ba78eb5042f07ccc1b08a,1.0,3429232594,2811530439,2368201577,2018-07-01,delivered,229.0,38.51,267.51,credit_card,2.0,7.0,-22.0,0.0
1985988122,cfe7f525524a8cd367ada41bddf72f11,1.0,2709657660,2368046688,1868809992,2018-07-16,delivered,196.8,28.04,224.84,credit_card,7.0,9.0,-21.0,0.0
1410165455,97f1dd40b5bea6a7e3cf78fd83a28cb1,1.0,3267600066,2559454577,945263063,2018-08-24,delivered,59.9,9.17,69.07,credit_card,1.0,6.0,0.0,0.0
3358453918,6524a88ca27a0b23f796705c11087d6d,1.0,4161652503,2457219537,3402013889,2018-08-18,delivered,49.89,7.61,0.0,unknown,0.0,3.0,-6.0,0.0
2238021448,18045b4512947089463f5efbdaa3c341,1.0,150071542,3520125531,200411004,2018-07-09,delivered,49.9,7.77,57.67,credit_card,1.0,2.0,-8.0,0.0
19093978,c5b0334dd1b5fec8ac7ef5d5721d32d6,1.0,866008781,723670808,1503930686,2018-07-20,delivered,106.9,16.05,122.95,credit_card,1.0,2.0,-7.0,0.0
4269498684,c5b0334dd1b5fec8ac7ef5d5721d32d6,2.0,866008781,723670808,1503930686,2018-07-20,delivered,106.9,16.05,122.95,credit_card,1.0,2.0,-7.0,0.0
3344177331,21df2b96ea32eb3b985c7c87a398b8d0,1.0,4148761707,3601059045,3633342575,2018-07-03,delivered,13.99,15.23,29.22,credit_card,2.0,9.0,-20.0,0.0
796622742,b3666570c67eca46e04bc11a7285f0db,1.0,2370446439,701073578,2892609914,2018-08-04,delivered,39.0,19.46,58.46,credit_card,2.0,9.0,-8.0,0.0
1718056862,6cd38adf54359273a7b891f4480a809a,1.0,1628202408,3401608665,2384341342,2018-08-25,delivered,469.0,25.1,494.1,credit_card,8.0,5.0,-6.0,0.0
4017721346,3d5c01d5bef96b82a7ae8684f1665c31,1.0,3910033669,231041745,796664912,2018-08-03,delivered,109.22,9.52,118.74,credit_card,1.0,3.0,-3.0,0.0
3704582818,ce8bc9d1350f5e9b6b22fcf981df3aa2,1.0,4094043229,4198849059,4194263931,2018-08-06,delivered,61.4,18.53,79.93,credit_card,3.0,14.0,1.0,1.0
2184742950,7d2fd74a17ae87c4bf3f882f55b81515,1.0,2726819430,2270419060,674420192,2018-08-10,delivered,189.0,45.4,234.4,credit_card,1.0,5.0,-14.0,0.0
2585971855,b1e9076d07f0a18048ce3182655825f8,1.0,2645675926,1413237683,4078864165,2018-08-05,delivered,62.9,18.24,81.14,credit_card,1.0,4.0,-8.0,0.0
3127680679,7aa5fe5b772da0099ed083f51f800e8c,1.0,155267143,502253298,730094745,2018-08-07,delivered,71.0,8.66,79.66,credit_card,4.0,10.0,-3.0,0.0
4215545234,0ac37dcbb2a733a4d81866a91ff65965,1.0,2102569803,1081738210,3446539219,2018-07-01,delivered,52.88,18.47,71.35,credit_card,3.0,8.0,-27.0,0.0
3934897122,921b979d6940e958b136142b40312457,1.0,934500038,2754042193,391897587,2018-08-14,delivered,7.99,7.39,15.38,credit_card,1.0,1.0,-14.0,0.0
1611303359,19ba784efbf17691a04ac155893e93b8,1.0,2573577063,1463083784,1361108180,2018-08-07,delivered,209.99,22.08,232.07,credit_card,1.0,6.0,1.0,1.0
3556452546,9f13927ccc18f46d4775442f5bda0459,1.0,2232526792,1964155017,3554345266,2018-08-09,delivered,199.0,19.49,218.49,credit_card,3.0,13.0,-6.0,0.0
499111840,23939807bace6dc4e9701a868e697f76,1.0,2510555283,2746034656,261066546,2018-08-02,delivered,116.9,15.92,132.82,boleto,1.0,7.0,-1.0,0.0
3003021006,726f3a5a67d986cbbf10bbc4f72cd4fe,1.0,603705365,4245393582,1464160362,2018-08-07,delivered,10.6,8.29,18.89,credit_card,1.0,6.0,0.0,0.0
4270190970,208e05b081036510b22aee2ff50a28c3,1.0,3049536578,3561404005,2304947736,2018-08-15,delivered,55.0,15.49,70.49,credit_card,2.0,7.0,-8.0,0.0
3016961177,dc9d98442e1b036b58ba9dadf51a52ef,1.0,3585082877,3341796654,1568244061,2018-08-07,delivered,44.05,18.11,62.16,credit_card,2.0,3.0,-10.0,0.0
3125008924,b1a8f9e83e8f8ebbd4393a2d846f9a8f,1.0,979866819,904654386,520545560,2018-08-08,delivered,54.9,18.48,73.38,boleto,1.0,14.0,-11.0,0.0
239187105,0170e40334131d971605ae70efb33e4f,1.0,3928596546,870882749,1675260091,2018-07-18,delivered,19.0,18.23,37.23,boleto,1.0,9.0,-14.0,0.0
997520916,42be6028bdacb5416ab5bd400589b0a3,1.0,2637321253,2229593207,1755005248,2018-08-07,delivered,79.9,18.36,98.26,credit_card,3.0,5.0,-3.0,0.0
3564100162,3bf7afbf899683dbd726ff8b50d69c76,1.0,1083755016,3076265015,1456299548,2018-08-01,delivered,121.9,21.46,143.36,credit_card,10.0,2.0,-11.0,0.0
670774202,22e36c3e04ec75fdbe5ba6540fe0e649,1.0,2801316327,2071843410,730094745,2018-07-16,delivered,250.0,10.5,260.5,boleto,1.0,4.0,-5.0,0.0
1084419174,076d1555fb53a89b0ef4d529e527a0f6,1.0,151728639,169107890,1507327543,2018-07-30,delivered,2338.08,375.28,2713.36,boleto,1.0,8.0,-6.0,0.0
2803884225,986dfd5411cb5a65f3fe024bdb0d0745,1.0,29564606,3730615502,768290608,2018-07-03,shipped,119.9,31.71,151.61,debit_card,1.0,,,
2601250056,c72933a2493f0ce8b9631656d78520fd,1.0,2378954085,3466647513,2248653413,2018-07-05,delivered,65.0,19.65,84.65,credit_card,2.0,7.0,-18.0,0.0
1786924965,5f10b25bf1ca7b7f55731524ad40b1ad,1.0,743991376,1508925516,1902553100,2018-08-15,delivered,220.0,38.67,258.67,credit_card,2.0,4.0,-4.0,0.0
202447248,ac05f13680c4e4da78427313ecbe0a6e,1.0,743796566,2240198183,4273487192,2018-07-05,delivered,219.0,27.04,246.04,credit_card,5.0,7.0,-15.0,0.0
872280858,23bdd0be32ec574e0bfb0ae381405424,1.0,2016216231,264231931,1612681572,2018-08-01,delivered,105.0,20.69,125.69,credit_card,1.0,6.0,-9.0,0.0
3087636777,a4396e55c140360b67296ee34f56752c,1.0,2412122889,4158246069,1868809992,2018-07-23,delivered,40.0,23.08,63.08,boleto,1.0,7.0,-18.0,0.0
1304575116,a4396e55c140360b67296ee34f56752c,2.0,2412122889,4158246069,1868809992,2018-07-23,delivered,40.0,23.08,63.08,boleto,1.0,7.0,-18.0,0.0
271774641,a4396e55c140360b67296ee34f56752c,3.0,2412122889,4158246069,1868809992,2018-07-23,delivered,40.0,23.08,63.08,boleto,1.0,7.0,-18.0,0.0
3903551541,3a6a52cd14ff4ed808a62999c78f2226,1.0,1373260266,3202270728,1017497319,2018-08-02,delivered,38.0,7.53,45.53,credit_card,1.0,1.0,-6.0,0.0
818343676,c8b6a10fdc0b6fb3040774de4aa672eb,1.0,2427327417,76876465,84469676,2018-08-18,delivered,149.9,18.18,168.08,credit_card,5.0,8.0,-15.0,0.0
2689159833,3ff313d5a95fbba4b58f90086504022f,1.0,1739036027,2289655324,2636346249,2018-07-13,delivered,27.99,37.11,65.1,credit_card,2.0,26.0,6.0,1.0
1576910861,10a8ab52ea001eb59beb9c0f97d72eab,1.0,3441654364,260310465,3355778793,2018-08-07,invoiced,89.99,7.89,97.88,credit_card,1.0,,,
1041402883,b276f402443d899868708548298c858f,1.0,3597548313,3550300764,1751079328,2018-08-03,delivered,49.9,9.1,59.0,boleto,1.0,7.0,1.0,1.0
3977795435,154e1f0a7267e7d9269d772aa4beeab7,1.0,2889638858,685645874,3067264533,2018-08-13,delivered,38.99,19.46,58.45,boleto,1.0,8.0,-8.0,0.0
1654321891,079aa97bd14929502e11d87d14790792,1.0,3326541730,2952777915,2622583364,2018-08-14,delivered,145.0,19.12,164.12,credit_card,6.0,5.0,-14.0,0.0
3966749435,ce86f3b70e7bb8cd539eaed55e3553f5,1.0,2020011410,1269066546,1013540066,2018-07-14,delivered,109.9,14.11,124.01,credit_card,2.0,10.0,-9.0,0.0
3220540890,0b75da0be2772eb19f522706b2078530,1.0,987485398,2889292164,3169644834,2018-08-21,delivered,24.99,13.52,38.51,credit_card,1.0,8.0,-26.0,0.0
308148488,a833e4af2b4c893929b9f3adce3ecbeb,1.0,2342895497,2282136001,3288674863,2018-08-19,delivered,39.0,10.55,51.46227272727272,credit_card,1.0,10.0,-16.0,0.0
3542627924,a833e4af2b4c893929b9f3adce3ecbeb,2.0,2342895497,1770041280,2568734496,2018-08-19,delivered,159.0,52.72,209.80772727272725,credit_card,1.0,10.0,-16.0,0.0
178793268,c246fd65fbfdfd5eaf13ee936827a1d8,1.0,1509947970,3650793473,4194263931,2018-07-23,delivered,125.89,22.81,148.7,boleto,1.0,11.0,-26.0,0.0
819666176,5148463bdbc74b975746afa3149a03c9,1.0,3405878823,2358291713,2402947140,2018-07-20,delivered,99.99,23.5,123.49,credit_card,2.0,6.0,-19.0,0.0
3569992260,2e4ef279d418d092749185f9a030d1c2,1.0,1230297862,3124500188,662809662,2018-07-27,delivered,369.0,23.02,392.02,credit_card,3.0,10.0,-1.0,0.0
2586912751,ccec592b58e122dc2bfc2305152d9603,1.0,506620972,70057303,1993625437,2018-08-24,delivered,85.9,18.34,103.9149342481418,voucher,4.0,5.0,-16.0,0.0
3751879091,ccec592b58e122dc2bfc2305152d9603,2.0,506620972,4205451589,596468350,2018-08-24,delivered,89.0,18.34,107.6650657518582,voucher,4.0,5.0,-16.0,0.0
2225620712,1db3715533e603dd564cc484cdcf99fd,1.0,3942710423,3562369157,1716536501,2018-08-12,delivered,134.9,9.69,0.0,unknown,0.0,5.0,-5.0,0.0
2004959170,b7eb76cd1ae26b1860fbfa21b819b4e1,1.0,2925579958,639098729,2082347993,2018-07-17,delivered,149.98,36.28,186.26,credit_card,2.0,26.0,-17.0,0.0
1884426673,a580fda5693f29e7c12c519a37a19b8f,1.0,139161312,1681819293,1399826378,2018-07-26,delivered,47.9,9.09,56.99,boleto,1.0,6.0,-8.0,0.0
863430066,494b5feb45ebf3e0dd57996b45bcf69f,1.0,1152902557,4270198896,1242878050,2018-08-07,delivered,137.1,23.67,163.1021660746241,credit_card,1.0,9.0,-3.0,0.0
3261568539,494b5feb45ebf3e0dd57996b45bcf69f,2.0,1152902557,2351068743,1242878050,2018-08-07,delivered,100.21,23.67,119.21566785075188,credit_card,1.0,9.0,-3.0,0.0
3789787897,494b5feb45ebf3e0dd57996b45bcf69f,3.0,1152902557,457088526,1242878050,2018-08-07,delivered,137.1,23.67,163.1021660746241,credit_card,1.0,9.0,-3.0,0.0
47060060,ceb435f46d86d2fb2890334c4862315a,1.0,2399215782,3908802426,1003179062,2018-07-03,delivered,29.9,18.31,48.21,credit_card,3.0,8.0,-21.0,0.0
1346973684,15c31c519540921d720cca6129389633,1.0,810792286,1758097132,1868809992,2018-07-28,delivered,25.9,8.93,34.83,debit_card,1.0,3.0,-9.0,0.0
3444805236,15c31c519540921d720cca6129389633,2.0,810792286,1758097132,1868809992,2018-07-28,delivered,25.9,8.93,34.83,debit_card,1.0,3.0,-9.0,0.0
975427495,15c31c519540921d720cca6129389633,3.0,810792286,1758097132,1868809992,2018-07-28,delivered,25.9,8.93,34.83,debit_card,1.0,3.0,-9.0,0.0
2754690875,15c31c519540921d720cca6129389633,4.0,810792286,1758097132,1868809992,2018-07-28,delivered,25.9,8.93,34.83,debit_card,1.0,3.0,-9.0,0.0
1945624236,dba5951df5e24339650c2552a565ad2c,1.0,3853513241,234285758,53223181,2018-08-05,delivered,129.99,19.01,149.0,credit_card,2.0,5.0,-6.0,0.0
43296295,106b5dd21daaf566b13f54cecc9ad32f,1.0,3634350268,1725338488,584548037,2018-08-13,delivered,139.0,23.77,162.77,credit_card,6.0,3.0,-6.0,0.0
3302644177,d68ac2a1fe441368e9bdea2c2a4d5ea6,1.0,1919226485,2708544950,4109428959,2018-08-01,delivered,34.97,7.51,0.0,unknown,0.0,6.0,-7.0,0.0
2865474662,75fd71aadc94da494ae8e9010c38d4d1,1.0,2130194611,1809738105,3878093140,2018-08-17,delivered,159.0,91.32,250.32,credit_card,5.0,10.0,-9.0,0.0
3375563557,9bf45ecba71e9121235e583ec3b824a3,1.0,2707967652,2067738168,1755005248,2018-08-13,delivered,70.0,27.0,97.0,credit_card,9.0,6.0,-11.0,0.0
3168292639,baed25a07d23ba7d05770c3f8562ecba,1.0,2940093855,2376694131,2568734496,2018-08-17,delivered,159.0,44.91,203.91,credit_card,10.0,12.0,-15.0,0.0
424600290,906a31b1ec17b0966ac6724b794b3b42,1.0,3639813339,3119909664,4280233034,2018-07-06,delivered,45.0,22.25,67.25,credit_card,1.0,7.0,-18.0,0.0
2261032134,09be8ba0b5c0e3195ef77302707a192f,1.0,1682861127,911356405,1755005248,2018-07-01,delivered,249.9,44.32,305.29793698424606,credit_card,10.0,4.0,-20.0,0.0
2904172605,09be8ba0b5c0e3195ef77302707a192f,2.0,1682861127,1159501270,1868809992,2018-07-01,delivered,150.0,44.33,183.25206301575395,credit_card,10.0,4.0,-20.0,0.0
1567025674,0ac69790e2a6e4c075edbd78648a3594,1.0,1847407276,4102410393,2213313366,2018-08-28,delivered,7.5,7.39,14.89,debit_card,1.0,2.0,-5.0,0.0
1667199168,35df2a75e8f319d4fe179f529613d23d,1.0,2011310264,1795113061,358900552,2018-08-07,delivered,32.0,7.48,39.48,credit_card,1.0,8.0,6.0,1.0
2086773817,38285c101a3b9fd08110335d8405a232,1.0,3034143696,1271803506,1203697143,2018-08-15,delivered,14.9,7.39,22.29,credit_card,1.0,2.0,-6.0,0.0
1925589588,a2ee8d70903c5b8b814aebf086ebcc11,1.0,2812910047,425601935,2166899228,2018-08-08,delivered,106.6,44.55,151.15,boleto,1.0,7.0,-8.0,0.0
737309739,d66a8247e14f44e46c77d098043af0d0,1.0,215954214,806098036,1675260091,2018-07-20,delivered,19.99,12.8,32.79,credit_card,2.0,5.0,-9.0,0.0
2066591067,c66e755acf913956ae3838e2c73e962b,1.0,3069912382,3607966932,581044507,2018-08-13,delivered,143.8,51.73,195.53,credit_card,8.0,15.0,-35.0,0.0
1676529796,5a1102060039d732884f1bacf59268a0,1.0,1017684001,3150489279,1257083217,2018-08-17,delivered,34.0,18.34,52.34,boleto,1.0,13.0,-5.0,0.0
4240022138,5a1102060039d732884f1bacf59268a0,2.0,1017684001,3150489279,1257083217,2018-08-17,delivered,34.0,18.34,52.34,boleto,1.0,13.0,-5.0,0.0
728353192,61920c076c4c9bd3f5e1cd9d42309139,1.0,3487699815,1692951975,1579174796,2018-08-15,delivered,69.0,23.28,92.28,credit_card,5.0,9.0,-4.0,0.0
2865295077,de24995591633aa90ba93afa013ece1e,1.0,928025834,3490772157,1650698096,2018-08-11,delivered,97.05,15.78,112.83,credit_card,4.0,6.0,-7.0,0.0
4250618425,071773cf1c4d6c91cce83af65b9f8fff,1.0,3680508002,3301814352,1433531999,2018-07-28,delivered,53.9,9.13,63.03,credit_card,1.0,4.0,-12.0,0.0
947988185,3a635b5f9d8d66a95086d273fdf4b9af,1.0,603607149,3508197554,925912501,2018-07-28,delivered,43.9,18.41,62.31,boleto,1.0,10.0,-14.0,0.0
3398684456,47650b179fe1eb21e4f09dee5fc8305b,1.0,3391197489,1086730133,1868809992,2018-08-10,delivered,320.0,45.38,365.38,credit_card,8.0,7.0,-4.0,0.0
530297975,a415ad4db7ac7a8d3f67fa7aeb0d569e,1.0,2585984772,91017410,3575236,2018-07-19,delivered,36.0,13.59,49.59,credit_card,2.0,4.0,-14.0,0.0
2220583517,48805bfedbbbfe75dabe602c05eae895,1.0,1651054676,704694418,763830896,2018-08-13,delivered,59.9,15.52,75.42,credit_card,1.0,4.0,-10.0,0.0
2108558260,a6aa2d9d0561ad1c39f33d69e3f1277e,1.0,3824759389,4003592291,407461500,2018-08-01,delivered,999.0,14.25,1013.25,credit_card,10.0,2.0,-4.0,0.0
4078918426,5df35b35ce08d3d6f634eccfeb93a143,1.0,3429646373,3592044510,2520605551,2018-08-01,delivered,62.0,16.62,78.62,credit_card,1.0,16.0,3.0,1.0
1754310247,5c81ecc71f66f9a6aef23cc998bc47bf,1.0,1372649495,213108280,1018258220,2018-08-14,delivered,149.65,19.15,168.8,credit_card,3.0,6.0,-21.0,0.0
1270243784,cda58baf4fa440869e819a444c1a65cd,1.0,3952432703,682790656,1107359178,2018-07-17,delivered,259.9,38.41,298.31,boleto,1.0,9.0,-19.0,0.0
3945235650,867d8052e7e00c74f4a3dc15943ae847,1.0,1449036123,1961757033,3526770996,2018-08-06,delivered,12.0,18.23,30.23,boleto,1.0,9.0,0.0,0.0
4054544820,4ac05edf248d6206469e17c32e52c9ac,1.0,3531668158,2079855207,2204324850,2018-08-17,delivered,124.9,23.67,148.57,credit_card,3.0,7.0,-18.0,0.0
888656042,8af910ab3dcf14bd966ba647e2ad995a,1.0,2848041934,1740274427,549759410,2018-08-26,delivered,17.5,8.29,25.79,credit_card,1.0,2.0,-2.0,0.0
4176527616,a49dc0169f9bb6d3ac9829bdebd12299,1.0,91936515,1241208376,2023461531,2018-07-21,delivered,69.99,8.65,78.64,boleto,1.0,4.0,-6.0,0.0
1642274045,cf2a9fcfac08206bae42b3118368c9d1,1.0,442443242,786358898,642218148,2018-08-15,delivered,39.9,15.38,55.28,credit_card,5.0,5.0,-9.0,0.0
207548367,4824fef8a9f66256c9eb0c7682363932,1.0,1893944315,2975261047,3664770205,2018-07-18,delivered,164.9,19.25,184.15,credit_card,8.0,5.0,-14.0,0.0
3023118270,14d296847a335160b30c1e6afe4d011b,1.0,2593387525,1794651075,403341638,2018-08-17,delivered,109.9,27.07,136.97,credit_card,3.0,11.0,-7.0,0.0
2778293545,4b6e439f8ebc7348898173190aec97e0,1.0,3024948296,2748551230,3267771422,2018-07-03,delivered,39.9,14.59,54.49,boleto,1.0,2.0,-17.0,0.0
4185889581,94896a982ee16e53abdc889d32f289ba,1.0,456396310,3776518002,2634923070,2018-08-18,delivered,6.8,12.79,19.59,credit_card,1.0,6.0,-21.0,0.0
3040667786,1072218ec4a811eca0a85325da45ac25,1.0,2578472086,1570888716,53223181,2018-07-11,delivered,27.9,7.94,35.84,credit_card,1.0,1.0,-6.0,0.0
2149438981,abcf460ff11589e91290e8f95caeeef7,1.0,1890468926,203776631,960009223,2018-07-11,delivered,20.0,7.4,27.4,credit_card,2.0,2.0,-6.0,0.0
1445885668,5e119c2064983e3218e5a34c5b54b2a3,1.0,1645552110,3491221817,1259057514,2018-08-23,delivered,69.0,26.78,95.78,credit_card,9.0,5.0,-8.0,0.0
4077368299,67c73223021cafc75df9335173151314,1.0,5144803,1966990039,1923681078,2018-08-06,delivered,58.0,8.75,66.75,credit_card,1.0,2.0,-5.0,0.0
2624647360,5bda85803d5b100f4a2c1aea2f89c40d,1.0,1478144097,3223670663,1716536501,2018-07-03,delivered,48.9,9.47,58.37,boleto,1.0,3.0,-13.0,0.0
3456255806,1349d7f4ec671ded42f2360828965692,1.0,55252984,2021824651,2938631263,2018-07-18,delivered,34.0,19.43,53.42999999999999,credit_card,8.0,5.0,-10.0,0.0
1342981744,1349d7f4ec671ded42f2360828965692,2.0,55252984,2021824651,2938631263,2018-07-18,delivered,34.0,19.43,53.42999999999999,credit_card,8.0,5.0,-10.0,0.0
1388912540,1349d7f4ec671ded42f2360828965692,3.0,55252984,2021824651,2938631263,2018-07-18,delivered,34.0,19.43,53.42999999999999,credit_card,8.0,5.0,-10.0,0.0
1418162981,1349d7f4ec671ded42f2360828965692,4.0,55252984,2021824651,2938631263,2018-07-18,delivered,34.0,19.43,53.42999999999999,credit_card,8.0,5.0,-10.0,0.0
2726391832,1349d7f4ec671ded42f2360828965692,5.0,55252984,2021824651,2938631263,2018-07-18,delivered,34.0,19.43,53.42999999999999,credit_card,8.0,5.0,-10.0,0.0
386911179,1349d7f4ec671ded42f2360828965692,6.0,55252984,2021824651,2938631263,2018-07-18,delivered,34.0,19.43,53.42999999999999,credit_card,8.0,5.0,-10.0,0.0
26718290,626ac0ce1580c1c2053b90b0d317f56e,1.0,2733904195,3556422112,3835866364,2018-07-23,delivered,319.97,21.52,341.49,credit_card,8.0,3.0,-15.0,0.0
1199445153,05529f3e7ed5cd4214281f2bf60e89d6,1.0,2126652151,3088456406,879645702,2018-08-01,delivered,53.3,37.28,90.58,credit_card,4.0,15.0,-10.0,0.0
3951463013,346fa124d404d88a793438c41f21932b,1.0,2403323605,3985290164,250985049,2018-07-22,delivered,50.2,3.1,64.95744647105471,credit_card,1.0,9.0,-22.0,0.0
963380851,346fa124d404d88a793438c41f21932b,2.0,2403323605,799106117,1011007161,2018-07-22,delivered,75.9,33.97,98.21255352894526,credit_card,1.0,9.0,-22.0,0.0
4194251147,0d6350e1fa2acb1318e3a53d52333e25,1.0,245141984,1010405546,53223181,2018-07-19,delivered,27.49,18.29,45.78,credit_card,1.0,5.0,-12.0,0.0
3474777938,0452166f3b0d8e378179ecea1efdfe05,1.0,249903011,4218493497,763830896,2018-08-10,delivered,59.9,11.91,71.81,credit_card,1.0,4.0,-2.0,0.0
1086969205,3446075ceaabd2c708b0108c2f4da282,1.0,3852128276,3633288868,1305533294,2018-08-06,delivered,229.8,23.43,253.23,credit_card,7.0,4.0,-6.0,0.0
3910811904,b482da27c44f99cbb2c11a278ba31d6c,1.0,4289968913,3439775381,357383673,2018-08-06,delivered,69.9,17.62,87.52,credit_card,2.0,8.0,-9.0,0.0
4183067731,b482da27c44f99cbb2c11a278ba31d6c,2.0,4289968913,3439775381,357383673,2018-08-06,delivered,69.9,17.62,87.52,credit_card,2.0,8.0,-9.0,0.0
204873045,e175b8edb692594c903e6a020fe94d8f,1.0,3127465499,1783389583,2089148942,2018-08-24,delivered,399.9,93.61,493.51,credit_card,8.0,9.0,5.0,1.0
2056515909,907d60e687ca48a571844a50f21ac995,1.0,1190121730,465919497,2515002393,2018-07-16,delivered,32.99,18.33,51.32,credit_card,1.0,7.0,-15.0,0.0
1073852304,2b201a0bd7f6b90ccfe1b70c2124d631,1.0,1900282230,2891893141,728604636,2018-08-01,delivered,169.99,24.18,194.17,credit_card,2.0,6.0,-8.0,0.0
4072494147,2d27fa8465e2c54b168794e916caf16a,1.0,987697483,2962305027,1813314038,2018-08-07,delivered,71.9,44.3,116.2,credit_card,1.0,7.0,-2.0,0.0
1389052545,710bbdae402cc011c47087b64a5f9c1a,1.0,1959299184,609947661,817416274,2018-08-11,delivered,140.0,12.71,152.71,boleto,1.0,4.0,-6.0,0.0
1368647008,255cca206db1e20caf7179aeea4bf212,1.0,2204273094,1886232499,2566875709,2018-08-09,delivered,289.0,21.21,310.21,boleto,1.0,7.0,0.0,0.0
168360975,dc86dc4acc1d71e89538c72f78688caa,1.0,3128147017,2507669028,3366215599,2018-07-15,delivered,269.9,68.94,338.84,credit_card,10.0,10.0,-20.0,0.0
2725851162,678a38b0cc3c744c50dc8e0af737eda0,1.0,3079936906,11181785,2213313366,2018-08-14,delivered,59.9,16.61,76.51,credit_card,3.0,10.0,-4.0,0.0
1029219965,34f2ae2b7384d738b4a4787d6f8e20ab,1.0,1578093494,2627316333,1728046229,2018-08-20,delivered,20.0,12.8,32.8,credit_card,3.0,10.0,-6.0,0.0
3099501132,dfe1a1cff6291723d37ed8f60e12d5c9,1.0,3630674280,4030449787,2857842454,2018-07-31,delivered,139.21,19.07,158.28,credit_card,5.0,5.0,-4.0,0.0
7572403,d0b4c30f45087d9a9114b3cbe87aee63,1.0,1257974953,1255429981,604144110,2018-08-25,delivered,29.99,15.31,45.3,credit_card,1.0,5.0,-6.0,0.0
4097810819,7cdb98b018309556c5994e4a200213c0,1.0,1415941974,1949010927,2892609914,2018-08-05,delivered,39.0,19.46,58.46,boleto,1.0,7.0,-7.0,0.0
811591228,7cdb98b018309556c5994e4a200213c0,2.0,1415941974,1949010927,2892609914,2018-08-05,delivered,39.0,19.46,58.46,boleto,1.0,7.0,-7.0,0.0
773925458,c809b7fce9716f7f28909c7d5aca9eab,1.0,3250632991,3216674726,3446539219,2018-07-03,delivered,97.5,14.99,112.49,credit_card,5.0,6.0,-21.0,0.0
2973180053,a4a05d9529999a7a1bfc497a2cb1221a,1.0,21458321,4114507059,1994919736,2018-07-08,delivered,76.0,18.63,94.63,credit_card,3.0,29.0,5.0,1.0
412699675,a813b199e66105ce6a4a841b94a330a5,1.0,4053649908,3559366296,2273207332,2018-07-22,delivered,24.89,7.43,32.32,credit_card,1.0,16.0,-1.0,0.0
2270461087,2c35f7790c51f8cc8e66365315d91929,1.0,764188467,2236686332,2053349188,2018-08-21,delivered,37.5,9.0,46.5,credit_card,1.0,2.0,-1.0,0.0
1193340944,568f74fedb8dd376d4ec5cbdda44712c,1.0,2171996243,1676106037,2681412629,2018-08-08,delivered,96.99,37.59,134.58,credit_card,3.0,8.0,-24.0,0.0
2557566631,d34e950d8952f0edfb48e7be2634ff91,1.0,1761741080,516996564,169704434,2018-08-15,delivered,55.0,19.58,74.58,credit_card,7.0,15.0,-12.0,0.0
2008722457,c290bbb6c874ec2f6b428b6fe1f1887b,1.0,1126800317,2193555519,4071751220,2018-07-08,delivered,39.49,51.0,90.49,boleto,1.0,15.0,-21.0,0.0
3702147346,00f1bb0af030935db1745ee28367ea26,1.0,319541626,3411077251,2622583364,2018-08-06,delivered,268.9,19.98,288.88,credit_card,7.0,11.0,-9.0,0.0
3011981126,b0e9288a209f5ec50391c140dba4c91f,1.0,1842409827,1381322623,1350631362,2018-08-25,delivered,17.9,18.23,36.13,credit_card,1.0,5.0,-15.0,0.0
3602523741,81cedc4d2132eb6f512354166e51b187,1.0,526325693,2660433302,2886549658,2018-07-30,delivered,17.49,12.79,30.28,credit_card,1.0,7.0,-2.0,0.0
605170335,b6424d3ecaedf5f49836d503d4f0d671,1.0,3543621392,1066026255,1525629800,2018-07-22,delivered,297.0,125.47,422.47,credit_card,4.0,6.0,-13.0,0.0
1638061548,7595f9b8e070df43bea3c85e1e25d361,1.0,3406005550,2213593492,3243706070,2018-08-04,delivered,12.51,8.29,20.8,credit_card,1.0,4.0,-5.0,0.0
749671087,c04bd0a98a1ddaf5a3899c6065bd8e9b,1.0,3452031893,428872395,2892609914,2018-08-10,delivered,39.0,19.46,58.46,credit_card,3.0,5.0,-9.0,0.0
256339179,9964c2007bb66c44ebc2d0c803f78408,1.0,3210970689,4116836912,4193115790,2018-07-26,delivered,329.9,65.87,395.77,credit_card,6.0,15.0,-11.0,0.0
259996412,c941ad898bc2355a4c9e9a19b504c69c,1.0,3962850860,98554262,462891282,2018-08-27,delivered,25.0,8.34,33.34,credit_card,1.0,2.0,-7.0,0.0
2306404062,0ecff8cca2d76a428d055ec79b94f0a1,1.0,2447820606,2417053554,487246604,2018-07-12,shipped,139.99,43.26,0.0,unknown,0.0,,,
1738680583,5c30ac49014e51744e821a352437d1ca,1.0,2314096868,3650010795,2880307388,2018-07-02,delivered,119.85,13.5,133.35,credit_card,3.0,11.0,-17.0,0.0
1715698532,1126e8ce51fcc395870c8fabcf7de709,1.0,197426725,4004445619,2311735569,2018-08-01,delivered,42.99,11.32,54.31,boleto,1.0,6.0,1.0,1.0
2947215896,54ee4ac3ad09faa2237f8a844b4d7b92,1.0,3755004461,4065780988,2544650215,2018-08-16,canceled,376.9,9.9,386.8,credit_card,3.0,,,
2173992151,2ae00ff32b724a74e37b8264ac4fb85e,1.0,1101468407,2164621840,2263326692,2018-07-24,delivered,93.9,22.59,116.49,credit_card,2.0,10.0,-13.0,0.0
3293766183,42cf52638c4c3e8d85390b79d1bf7998,1.0,3484870536,1883353136,3129531441,2018-07-24,delivered,175.0,29.71,204.71,boleto,1.0,8.0,-16.0,0.0
1049921566,a038858b0a27929bcb1da0884afea304,1.0,2008488607,4032492226,1734769477,2018-08-22,delivered,79.9,19.75,99.65,credit_card,3.0,5.0,-8.0,0.0
197392233,a2a04ead650a00874aec73c0d989298b,1.0,3027355551,210784398,2511118077,2018-08-01,delivered,29.0,8.95,37.95,boleto,1.0,3.0,-3.0,0.0
144158002,49bf9682392edd732a6f0a6c9ff7f196,1.0,602219760,1197583999,3659481684,2018-08-15,delivered,59.89,23.14,0.0,unknown,0.0,12.0,-4.0,0.0
2686435326,aaf2a2f9c59483fb9eb7d044abcafc4b,1.0,744430056,39186483,3472463603,2018-07-13,delivered,90.0,42.91,132.91,credit_card,6.0,16.0,-8.0,0.0
3514797258,3c93a4cc9ca8a3e1148b82d0425be9c4,1.0,2054681715,4056605892,1894514916,2018-08-09,delivered,529.0,44.68,573.68,credit_card,5.0,4.0,-4.0,0.0
770086906,d699207a636092e537b5283b37888988,1.0,3127965313,1482028355,369470563,2018-08-14,delivered,159.0,22.41,181.41,credit_card,10.0,10.0,-11.0,0.0
513603478,710a55479936de44ffc31ad83de75285,1.0,3607040653,619928143,2656671748,2018-07-05,delivered,28.9,22.92,51.82,credit_card,1.0,9.0,-24.0,0.0
701617909,2421f14e951ee2f1127aaadaa60d9763,1.0,900535378,274310206,1555790669,2018-07-31,delivered,77.0,18.64,95.64,credit_card,1.0,6.0,-30.0,0.0
4225780557,2421f14e951ee2f1127aaadaa60d9763,2.0,900535378,274310206,1555790669,2018-07-31,delivered,77.0,18.64,95.64,credit_card,1.0,6.0,-30.0,0.0
2303746898,6903412e8ef5bbc0934881a1059c0942,1.0,1759208568,2257361578,2880307388,2018-08-05,delivered,119.85,23.64,143.49,boleto,1.0,17.0,-4.0,0.0
3949123851,60d517144cee8ca15bbbc4d52213b8a7,1.0,3514801953,486554141,47085388,2018-08-21,delivered,45.0,13.66,58.66,credit_card,5.0,2.0,-13.0,0.0
2216536255,d884c6a73ee6bc49e4db45abae4f3490,1.0,761724869,3478202829,2979075641,2018-07-10,delivered,234.89,8.66,243.55,credit_card,1.0,1.0,-14.0,0.0
3619165954,614e6a3e3a3c1ef48fa89ab1e15da0fb,1.0,2422061516,3489777262,3485175421,2018-07-02,delivered,79.9,23.36,103.26,credit_card,10.0,6.0,-21.0,0.0
3876140879,614e6a3e3a3c1ef48fa89ab1e15da0fb,2.0,2422061516,3489777262,3485175421,2018-07-02,delivered,79.9,23.36,103.26,credit_card,10.0,6.0,-21.0,0.0
3847666238,3b401cba521461d124e0487ea53bb009,1.0,3602182731,949013637,250985049,2018-08-04,delivered,119.5,22.77,142.27,credit_card,2.0,19.0,0.0,0.0
2083050718,4bb0dade496fdb8b82cd2fe250996451,1.0,3567795789,763667658,1203697143,2018-08-19,delivered,12.88,7.39,20.27,credit_card,1.0,2.0,-8.0,0.0
740251981,62a575a2a9f2c005b7ec7ff7dd76d5ee,1.0,1102760504,3755729809,3207856380,2018-07-23,delivered,99.99,27.65,127.64,credit_card,4.0,10.0,-14.0,0.0
1002345059,a97b999bd1190a8e2cfdd7c54b9f76a8,1.0,958879989,2746034656,261066546,2018-08-20,delivered,116.9,15.92,132.82,credit_card,2.0,4.0,-6.0,0.0
732051323,930fff097a9427c8a9a70559aa36fa76,1.0,4022882356,457248455,1868809992,2018-08-22,delivered,159.8,16.42,176.22,credit_card,1.0,8.0,0.0,0.0
158491104,d4dcec44106e7301b362ee4b771b7ff3,1.0,944008152,1265997370,1003179062,2018-08-22,delivered,104.9,20.68,125.58,credit_card,3.0,8.0,-25.0,0.0
3086499388,846e3d199aae8a67c1d6a2ca48889bdf,1.0,2782265772,3441364108,3402013889,2018-08-24,delivered,19.15,7.39,26.54,credit_card,1.0,4.0,-3.0,0.0
2968500207,032a25a524b766bdb806500361630bea,1.0,3428837323,1394502214,2273207332,2018-07-11,delivered,48.98,23.1,72.08,credit_card,1.0,14.0,-19.0,0.0
2825841364,99d77f27c8ce75d51ce78cfe695ca1c3,1.0,1701825005,3864094454,84469676,2018-07-09,delivered,169.9,34.95,204.85,credit_card,4.0,13.0,-15.0,0.0
2250046887,882abff9de7349a0ba8503f90af0a5b5,1.0,1754720672,1277571969,1763790356,2018-07-28,delivered,170.0,21.46,191.46,credit_card,1.0,10.0,-12.0,0.0
318309296,2a56c0c034674a4f3655fdbd44d8df8d,1.0,3815351275,3401056923,2324869708,2018-08-22,delivered,149.9,20.24,170.14,credit_card,1.0,5.0,-14.0,0.0
3802261185,86f86502108b157c71437274d7a60be8,1.0,1596233010,2413621728,2250123381,2018-08-21,delivered,79.0,18.65,97.65,credit_card,1.0,9.0,-11.0,0.0
3155629960,a6d306fdfa4582a936be85949cf98a50,1.0,2647621890,39268834,2977093912,2018-08-17,delivered,99.99,23.5,0.0,unknown,0.0,12.0,-8.0,0.0
119203690,b038f6ae89bdd1fddd3b51ace3ff8b30,1.0,237022607,1368867325,796664912,2018-07-03,delivered,80.38,8.72,89.1,credit_card,1.0,1.0,-11.0,0.0
3153696485,0e93edf664c68e407889c757350ef76a,1.0,1975576625,3845510607,1655574082,2018-08-18,delivered,473.0,21.62,494.62,credit_card,10.0,5.0,-6.0,0.0
567948034,9790914a516d3a166150d0d19f282b8f,1.0,1563835429,3393768191,819761952,2018-07-07,delivered,19.49,7.88,27.37,credit_card,2.0,5.0,-11.0,0.0
158715569,9790914a516d3a166150d0d19f282b8f,2.0,1563835429,3393768191,819761952,2018-07-07,delivered,19.49,7.88,27.37,credit_card,2.0,5.0,-11.0,0.0
1335552,47c1158d35b8d9f0453d5f2ddbbcb3b0,1.0,62918973,2908622774,1292371024,2018-07-20,delivered,50.0,23.5,73.5,boleto,1.0,11.0,-14.0,0.0
1102636063,1bb758b8244a768b78655fb2abb0c7f8,1.0,2450289153,3488381982,1728046229,2018-08-21,delivered,24.0,15.27,39.27,credit_card,3.0,6.0,-9.0,0.0
3699205231,1e21fe9a8a7ecfff79a63ddf04761526,1.0,1106577261,2036129729,261066546,2018-08-11,delivered,116.9,15.92,132.82,credit_card,1.0,9.0,-1.0,0.0
336500108,0c99132c4ff916416ba8f74c378f1cbc,1.0,391595920,2233876137,3422743060,2018-08-10,delivered,119.99,15.94,135.93,credit_card,4.0,6.0,-14.0,0.0
2811324662,c301c2b97036e2e7ebfee92607c448db,1.0,732585174,4226600017,3643812432,2018-07-04,delivered,20.25,7.4,27.65,boleto,1.0,7.0,-9.0,0.0
432945062,d1d889b705a1d015ae3040fe1cb24be7,1.0,3537111293,508643963,1868809992,2018-07-04,delivered,40.0,23.08,63.08,credit_card,1.0,8.0,-21.0,0.0
3909072636,d1d889b705a1d015ae3040fe1cb24be7,2.0,3537111293,508643963,1868809992,2018-07-04,delivered,40.0,23.08,63.08,credit_card,1.0,8.0,-21.0,0.0
4106628832,740f8abb6f201b7c667c76ec32c2a94b,1.0,4160276839,146801151,1241765477,2018-07-28,delivered,199.08,24.11,223.19,credit_card,8.0,17.0,-30.0,0.0
1801330061,d37f6eeb2d27fc449e65051940060719,1.0,2368514514,3274103358,2047495738,2018-08-21,delivered,29.9,13.42,43.32,credit_card,2.0,2.0,-20.0,0.0
857582030,7e96e25e50e633b64d640a69f6084dbe,1.0,1834259102,4276267162,2304947736,2018-07-31,delivered,29.0,15.3,0.0,unknown,0.0,6.0,-8.0,0.0
3106717070,9e26e5f7edbbcd4d5bd3b19c4b20437c,1.0,3259847672,3561404005,2304947736,2018-07-18,delivered,55.0,13.05,68.05,credit_card,2.0,6.0,-8.0,0.0
636933456,ba7da6649755130f12897371beb31272,1.0,3374361109,1099156521,796664912,2018-08-21,delivered,186.6,17.5,204.1,credit_card,5.0,7.0,-20.0,0.0
2755095924,b7b1f2843edf05e98877ad7a739b2da1,1.0,3056672215,4064384028,3583083943,2018-07-19,delivered,29.7,16.4,46.1,boleto,1.0,9.0,-9.0,0.0
1230412602,caf12c43defcd1c679e73f2398192965,1.0,3758971852,3223855046,1892332615,2018-07-02,canceled,67.42,7.73,75.15,credit_card,1.0,,,
2232816694,1175d97a3d270dddf3146abe7f5e4934,1.0,3870579055,1603361247,2797441517,2018-08-20,delivered,40.71,22.22,62.93,credit_card,1.0,7.0,-18.0,0.0
1341632787,416e55ae80dadfd48f380ae3b1b1dc83,1.0,2588387823,2130140575,2047495738,2018-07-20,delivered,21.9,15.25,37.15,debit_card,1.0,5.0,-9.0,0.0
3726823399,416e55ae80dadfd48f380ae3b1b1dc83,2.0,2588387823,2130140575,2047495738,2018-07-20,delivered,21.9,15.25,37.15,debit_card,1.0,5.0,-9.0,0.0
365513153,b9e84c5345afe0d23623324665a6df5c,1.0,796454566,1542620785,897947394,2018-08-14,delivered,364.0,25.7,389.7,credit_card,7.0,6.0,-21.0,0.0
2979907480,ad2891e57d3697aab5379b457214511a,1.0,2286654721,1908510561,3667124800,2018-08-12,delivered,79.9,15.66,95.56,credit_card,3.0,15.0,-10.0,0.0
4130118352,afba2edab5bba30a0bfcb7fd9ba3d017,1.0,746963459,2314714437,2636346249,2018-08-12,delivered,24.99,8.34,33.33,credit_card,1.0,4.0,0.0,0.0
512164160,191a21c0a0934fdb7dcd56c6b28a8682,1.0,4125663132,288322526,196831707,2018-08-07,delivered,179.99,16.56,196.55,credit_card,3.0,6.0,-3.0,0.0
1428007607,274b74ab9a2f1b057969351bc8e6b9e9,1.0,1179064927,2896614241,3147574442,2018-07-19,delivered,149.0,44.84,193.84,credit_card,3.0,8.0,-12.0,0.0
2127886088,5985847295d7e0472fe475cbc0672ee7,1.0,2053859850,39268834,2977093912,2018-07-18,delivered,99.99,23.5,123.49,credit_card,2.0,20.0,-2.0,0.0
1490642319,c417c63bbe2c89c232d187e7bb1aaf9b,1.0,551879573,3378446456,3549550494,2018-08-16,delivered,119.9,18.94,138.84,credit_card,10.0,7.0,-22.0,0.0
3412982328,c417c63bbe2c89c232d187e7bb1aaf9b,2.0,551879573,2728680483,3549550494,2018-08-16,delivered,119.9,18.94,138.84,credit_card,10.0,7.0,-22.0,0.0
2754546902,5add1b45cd9bc70f43535f349cfed8ce,1.0,681116517,2768710002,2609317684,2018-08-15,delivered,358.98,9.77,368.75,credit_card,2.0,8.0,1.0,1.0
1420500408,0d5d3777270af3ab88e1ad0e74c57e52,1.0,439371516,2592149293,1138781032,2018-08-07,delivered,126.98,31.76,158.74,credit_card,8.0,10.0,-10.0,0.0
1018964040,175a79065991e40569812e90232dc38d,1.0,2972730217,2923040413,2720368889,2018-08-08,delivered,817.0,63.8,880.8,credit_card,9.0,8.0,-15.0,0.0
1433062847,b2ac7b0754b724547abf07a172a45bf4,1.0,3404152317,2168185,3485175421,2018-08-02,delivered,77.9,14.86,92.76,credit_card,6.0,14.0,2.0,1.0
3376826354,673af36c8b5395e5199820c02b42abe9,1.0,3431297229,3328846177,2601813488,2018-08-10,delivered,27.5,8.35,35.85,credit_card,1.0,6.0,0.0,0.0
3073657431,22ecef80997c71139d9679802f02e84d,1.0,2887985650,2823933067,1040030263,2018-08-14,delivered,49.0,18.44,67.44,credit_card,1.0,8.0,-14.0,0.0
2628754039,6c20aa516c6c94293fe199a1a90cd907,1.0,3771675552,1686484640,2208217379,2018-08-09,delivered,113.99,18.6,132.59,credit_card,1.0,5.0,-8.0,0.0
909363117,5ce97d89fd3ee848e6c60736d3e32a3b,1.0,1197749840,3373458811,604861625,2018-08-11,delivered,74.99,18.33,93.32,credit_card,4.0,5.0,-5.0,0.0
3126084492,79ddbc258ea5329dbc3ec8c16a8ddbf0,1.0,1408994534,1920796201,2173695781,2018-07-26,delivered,99.99,50.99,150.98,credit_card,5.0,7.0,-13.0,0.0
1294043789,cc8068a058758e65bf66266523272c96,1.0,2299388519,3641769610,2526411072,2018-08-21,delivered,38.0,6.66,44.66333333333333,credit_card,1.0,6.0,-38.0,0.0
1060736708,cc8068a058758e65bf66266523272c96,2.0,2299388519,3641769610,2526411072,2018-08-21,delivered,38.0,6.66,44.66333333333333,credit_card,1.0,6.0,-38.0,0.0
198036699,cc8068a058758e65bf66266523272c96,3.0,2299388519,3641769610,2526411072,2018-08-21,delivered,38.0,6.66,44.66333333333333,credit_card,1.0,6.0,-38.0,0.0
2536775438,736d9580e48fa6a156f60f5341acd2da,1.0,4241231110,116847667,3474918787,2018-08-05,delivered,69.9,18.64,88.54,credit_card,3.0,8.0,-13.0,0.0
25176820,aeecabebe0b93474b9f9cbe9c54e054d,1.0,3294965060,4078489083,3129531441,2018-07-21,delivered,120.0,18.64,138.64,debit_card,1.0,6.0,-17.0,0.0
181123230,c3256d0b41fca9e8892884ca21306c59,1.0,2370776028,1241208376,2023461531,2018-08-02,delivered,74.99,18.63,93.62,debit_card,1.0,6.0,-6.0,0.0
3878598454,7368acd4c19348cd2ff9c3639f47c323,1.0,1051884997,528817133,581044507,2018-08-08,delivered,500.0,25.43,525.43,credit_card,4.0,12.0,-11.0,0.0
144108139,7c38ea034c4ae0b36dae03dac6c6a7a7,1.0,26132044,2067738168,1755005248,2018-08-07,delivered,74.9,24.39,99.29,credit_card,1.0,5.0,-15.0,0.0
1136434470,3dfff49e0dea27e1c2115d2273a6f0fa,1.0,1752637209,4294399807,2308685613,2018-08-16,delivered,80.49,8.72,89.21,credit_card,1.0,4.0,0.0,0.0
1503519714,55241c40e4d2ee72be056dc4d17acc5b,1.0,2178606503,3569776384,2426981988,2018-07-25,delivered,30.4,13.79,44.19,credit_card,1.0,7.0,-8.0,0.0
4177784807,078f6a01964ee122ef20881df839af31,1.0,4216280750,1513672711,740744355,2018-08-06,canceled,2350.0,69.2,2419.2,credit_card,10.0,,,
2815469940,79d78a9ea5d396742c0efb562c68e2ed,1.0,2765926343,2793128302,2023461531,2018-07-25,delivered,19.99,18.24,38.23,boleto,1.0,8.0,-11.0,0.0
2549977133,57f2a60c1d6d8f4fb076ac300e53bc1b,1.0,3298527364,3300325582,2580370799,2018-08-03,delivered,92.5,15.75,108.25,credit_card,1.0,10.0,-14.0,0.0
1912717537,d0100a52880e5602a06176b78dcf5f1b,1.0,977566244,1563130823,1755005248,2018-07-29,delivered,69.9,35.84,105.74,credit_card,2.0,7.0,-10.0,0.0
3007618004,2c46af8307c9250d7f461ca2b388da5b,1.0,2964617967,3312954267,739640535,2018-08-23,delivered,46.9,14.63,61.53,debit_card,1.0,6.0,-7.0,0.0
344741431,3c75e106ed38695c5bbf7fe5ab77a851,1.0,2085768156,1570888716,53223181,2018-07-08,delivered,27.9,7.94,35.84,credit_card,1.0,2.0,-8.0,0.0
3719546931,3c75e106ed38695c5bbf7fe5ab77a851,2.0,2085768156,1570888716,53223181,2018-07-08,delivered,27.9,7.94,35.84,credit_card,1.0,2.0,-8.0,0.0
1541494197,309f6784abccce4e6e99672dca8ff4cd,1.0,1802269675,1567030015,2812297156,2018-08-07,delivered,330.0,10.47,0.0,unknown,0.0,3.0,0.0,0.0
745121582,309f6784abccce4e6e99672dca8ff4cd,2.0,1802269675,1567030015,2812297156,2018-08-07,delivered,330.0,10.47,0.0,unknown,0.0,3.0,0.0,0.0
1630067581,309f6784abccce4e6e99672dca8ff4cd,3.0,1802269675,1567030015,2812297156,2018-08-07,delivered,330.0,10.47,0.0,unknown,0.0,3.0,0.0,0.0
4201350521,309f6784abccce4e6e99672dca8ff4cd,4.0,1802269675,1567030015,2812297156,2018-08-07,delivered,330.0,10.47,0.0,unknown,0.0,3.0,0.0,0.0
1079488052,309f6784abccce4e6e99672dca8ff4cd,5.0,1802269675,1567030015,2812297156,2018-08-07,delivered,330.0,10.47,0.0,unknown,0.0,3.0,0.0,0.0
851665284,35c66e9b12fe72dbb0b8d34af424c3cf,1.0,2014177518,1241208376,2023461531,2018-08-01,delivered,74.99,8.69,83.68,credit_card,3.0,1.0,-4.0,0.0
1528247387,22c8ca185710c015f6ae93a6d78c9b4a,1.0,3076998872,2254554039,4194263931,2018-08-06,delivered,125.0,22.81,147.81,voucher,2.0,20.0,-10.0,0.0
3309670896,ac6ee8b3f24f43e8a7b12154ec508b18,1.0,994685064,4129472942,2977093912,2018-08-14,delivered,83.9,18.39,102.29,voucher,1.0,9.0,-14.0,0.0
3699974766,46d2d651f006b9b9440d1aa37d89c894,1.0,679442309,1567030015,2812297156,2018-07-23,delivered,330.0,53.03,383.03,boleto,1.0,24.0,1.0,1.0
527393551,724d9ea2df2a8c8c93254d43a1016cb5,1.0,3690156369,2711826001,209874374,2018-08-13,delivered,429.99,43.99,473.98,credit_card,7.0,9.0,-21.0,0.0
591555065,2e386010d72473c60bdae32edf6823ad,1.0,1994448958,3507541574,768290608,2018-07-03,delivered,79.9,31.43,111.33,credit_card,9.0,9.0,-39.0,0.0
675000109,196b28752aee8590f3ae915f8592b4f9,1.0,2352034197,1567030015,2812297156,2018-08-06,delivered,330.0,10.47,340.47,credit_card,3.0,7.0,5.0,1.0
25393895,9546aa638d07ac340a91c59b0b2dee96,1.0,1035087638,303248080,3297590122,2018-08-10,delivered,189.0,17.51,206.51,credit_card,4.0,5.0,-12.0,0.0
1646597554,7e80537703a1b61bf60fbc4d67e0d641,1.0,2157223050,174750780,523493826,2018-07-12,delivered,122.99,53.21,176.2,credit_card,3.0,29.0,2.0,1.0
494561970,612369de035e9ef7674cb2af64987979,1.0,4255140105,911137863,960009223,2018-07-09,delivered,29.99,7.47,37.46,credit_card,2.0,4.0,-5.0,0.0
240891814,b446fd5e2b89b4ea9f610815cb707bc3,1.0,3421225220,4256177069,1868809992,2018-08-02,delivered,230.0,34.69,264.69,credit_card,5.0,8.0,-11.0,0.0
1064924119,9d85f63ebf2543ff0cb9d3a3bdd7ead8,1.0,1671776669,3621970897,2622583364,2018-07-25,delivered,168.0,19.28,187.28,credit_card,4.0,5.0,-29.0,0.0
1838156826,672dbfbd96238e4d07021fcdd9152b6c,1.0,3051749755,3898991974,2580370799,2018-08-05,delivered,887.0,24.01,911.01,credit_card,2.0,8.0,-15.0,0.0
1527249442,8f0033d3ef07e82e7e942e4136cfbf50,1.0,980071393,338177904,4046977664,2018-08-11,delivered,29.9,19.4,49.3,credit_card,4.0,17.0,1.0,1.0
2205739070,64a52e5a0f31a4ccfe2f4318f49aa33f,1.0,430295364,3655495200,4156473050,2018-07-07,delivered,24.9,15.27,40.17,credit_card,5.0,5.0,-13.0,0.0
22657032,64a52e5a0f31a4ccfe2f4318f49aa33f,2.0,430295364,3655495200,4156473050,2018-07-07,delivered,24.9,15.27,40.17,credit_card,5.0,5.0,-13.0,0.0
3499488629,6161a508b482a6f6cd50ac0449759706,1.0,1094575708,3969958778,1503930686,2018-08-22,delivered,166.9,18.3,185.2,credit_card,3.0,6.0,-2.0,0.0
2643366441,01d9a9aa7feccdaf99f7ea832bfa7301,1.0,1192826723,738600956,2612393066,2018-08-21,delivered,79.9,9.07,88.97,credit_card,1.0,1.0,-1.0,0.0
1923869991,7249180b70badb4081586e4964f2c675,1.0,950173410,2873934164,1480205621,2018-08-01,delivered,228.8,16.7,245.5,credit_card,2.0,16.0,3.0,1.0
3192163175,51a9b8069f801dc897252c09cd5831ca,1.0,2458989817,2052209209,3422743060,2018-08-06,delivered,139.99,9.73,149.72,credit_card,3.0,8.0,1.0,1.0
2613307755,3b4a2b377fe671156cd586637d974f3f,1.0,2854268050,2414929463,581044507,2018-08-15,delivered,146.0,19.12,165.12,credit_card,8.0,13.0,-7.0,0.0
1856195958,9de18154654e59d76a22157b8e439add,1.0,369134094,457776209,670276311,2018-07-24,delivered,314.9,29.15,344.05,credit_card,2.0,7.0,-17.0,0.0
2430231078,403607f34876d4bb53d5184c2282e59c,1.0,3667821444,2104716391,3804798124,2018-08-03,delivered,250.0,20.94,270.94,credit_card,5.0,10.0,-14.0,0.0
2092454899,48972775375677a6b44d8733e4f8c812,1.0,3634573316,761080068,112649996,2018-08-19,delivered,24.99,7.44,32.43,debit_card,1.0,3.0,-2.0,0.0
1422418415,0a1d3041cccb0462981aec3f0b1ad106,1.0,3504842203,1903008729,1585314166,2018-08-17,delivered,49.9,15.45,65.35,credit_card,3.0,7.0,-18.0,0.0
3980202737,416c076dfc39af8d2ac638a07641414a,1.0,4173904323,631320568,4185397625,2018-08-11,delivered,35.0,23.05,58.05,credit_card,3.0,11.0,-14.0,0.0
450003918,20fc41b5546587400e8ef6a97936ed06,1.0,2141271122,2397286120,753329531,2018-08-08,delivered,149.9,23.77,173.67,boleto,1.0,5.0,-10.0,0.0
5197567,64fa84c83d247d06bdb6cc81564890e3,1.0,2755720272,443383607,1640236840,2018-08-21,delivered,57.9,8.57,0.0,unknown,0.0,2.0,-12.0,0.0
1234514246,cea503481ea27c2c550bc48e007fc0a8,1.0,3825396041,1995677316,1350631362,2018-07-11,delivered,28.99,13.54,42.53,credit_card,1.0,2.0,-12.0,0.0
3614294764,1631521110aac3da4983314a2ae78ba2,1.0,1024035739,4040055055,2699454662,2018-08-06,delivered,69.9,41.47,111.37,voucher,1.0,6.0,-4.0,0.0
2635415403,509b62447c7e923930921811c30ac6a9,1.0,3126813045,1977336168,900310379,2018-08-19,delivered,59.9,13.76,73.66,credit_card,3.0,7.0,-2.0,0.0
976742842,b7bad41b595c73cedf79fe679bf246d9,1.0,404653192,1492812573,2580370799,2018-07-15,delivered,84.9,19.5,0.0,unknown,0.0,16.0,-12.0,0.0
296968455,4de39e6ed70e6add419cd6560467478d,1.0,2372789850,1641070785,3164016764,2018-07-18,delivered,75.0,23.68,98.68,credit_card,9.0,7.0,-15.0,0.0
2468955603,64ec5cf30ebdfb09f6c023919646545f,1.0,581886552,3379450372,1266529499,2018-07-13,delivered,329.0,52.59,381.59,boleto,1.0,13.0,-13.0,0.0
3609883081,1aa7e7505275a3ce08be4b00f1d7a16d,1.0,3624153098,4280887296,2324869708,2018-08-13,delivered,89.9,26.93,116.83,credit_card,7.0,4.0,-11.0,0.0
3500614254,1bd14d9418bc4bd605521c1afad99926,1.0,1199774786,3876875363,1943824544,2018-08-11,delivered,79.9,19.75,99.65,credit_card,2.0,6.0,-6.0,0.0
650950563,4c867c2aac81653679eff07e922441a0,1.0,4289929976,1761538982,3106288757,2018-08-28,delivered,29.99,8.37,38.36,credit_card,1.0,2.0,0.0,0.0
1797738503,7da502f694a6d35d21b05492a9a315c6,1.0,2817298706,1074791017,4242829885,2018-07-22,delivered,79.9,50.85,130.75,boleto,1.0,10.0,-14.0,0.0
2185010287,6ed366eb7c955fb0dae9c4932d9188c0,1.0,878217654,2795602656,1054122065,2018-07-23,delivered,59.9,18.73,78.63,credit_card,1.0,2.0,-9.0,0.0
1904927837,885ae5d5896b9a5f3bd2a626876ace12,1.0,3226324099,4114507059,1994919736,2018-07-05,delivered,70.0,13.15,83.15,boleto,1.0,33.0,11.0,1.0
123260421,c0d68ca2e27d53c566c02dc89021ee76,1.0,2487272421,1969795457,292598503,2018-08-03,delivered,89.97,27.61,117.58,credit_card,4.0,6.0,-5.0,0.0
718188409,2df6cb09f0e8e22d0a5a5821ea65556c,1.0,4214228323,3569719807,3147574442,2018-07-05,delivered,149.0,44.84,193.84,boleto,1.0,7.0,-20.0,0.0
4030695472,1b0bc119ea5ac37e73e2275afc7904ee,1.0,3534508687,151708266,207294355,2018-08-14,delivered,38.9,30.18,40.89959463142117,credit_card,12.0,8.0,0.0,0.0
3874146965,1b0bc119ea5ac37e73e2275afc7904ee,2.0,3534508687,151708266,207294355,2018-08-14,delivered,38.9,30.18,40.89959463142117,credit_card,12.0,8.0,0.0,0.0
220304131,1b0bc119ea5ac37e73e2275afc7904ee,3.0,3534508687,1323851997,4251734219,2018-08-14,delivered,1390.0,15.09,1461.4508107371578,credit_card,12.0,8.0,0.0,0.0
2573559208,b1efc100a3d0cb3de9c19987bff4766f,1.0,3306507768,3230312527,2797646759,2018-07-28,delivered,135.9,23.75,159.65,credit_card,3.0,10.0,-7.0,0.0
3178848713,c51dcdd98e1c413f3d394ffcb4656ed1,1.0,123783748,4066400908,3371283952,2018-08-19,delivered,68.65,41.46,110.11,credit_card,4.0,5.0,-6.0,0.0
4130077794,2096a9ff3dcd9dc1e2e90ea7296730a0,1.0,2028598626,3360975048,3446539219,2018-08-17,delivered,107.54,13.41,120.95,credit_card,1.0,6.0,-11.0,0.0
1508259997,a32c76ce96d7b4cf912b2ae1ee6a8258,1.0,2590541035,2451637167,2823580135,2018-08-02,shipped,218.9,32.0,250.9,credit_card,5.0,,,
56708448,b3a5258257c3654b78826a31b7bef55f,1.0,2764846917,3624059844,2788104624,2018-07-29,delivered,134.17,44.93,179.10000000000002,voucher,1.0,8.0,-13.0,0.0
587939294,390cb12cd3157360539ab0739c1b8fa9,1.0,3080002676,3548064169,1868809992,2018-08-03,delivered,35.0,13.83,48.83,credit_card,1.0,6.0,-17.0,0.0
1800229257,390cb12cd3157360539ab0739c1b8fa9,2.0,3080002676,3548064169,1868809992,2018-08-03,delivered,35.0,13.83,48.83,credit_card,1.0,6.0,-17.0,0.0
933101924,384305b9cfec8a62f309b5e5cac920bc,1.0,3588331918,3386713155,3024217810,2018-08-10,delivered,10.0,12.79,22.79,boleto,1.0,6.0,-12.0,0.0
3837625096,dfe408de79271298c68699286c267169,1.0,1530590752,1292525242,635419832,2018-07-18,delivered,60.59,23.41,84.0,boleto,1.0,7.0,-7.0,0.0
3880475284,0e578caa492e82502cbc4abe275042a2,1.0,1889739446,1389428613,2054166637,2018-08-09,delivered,159.0,19.21,178.21,credit_card,1.0,6.0,-7.0,0.0
1076008304,c59691ad2976778e15003aefa6dafaed,1.0,1366586453,3818021243,2023461531,2018-07-20,delivered,289.0,10.18,299.18,credit_card,3.0,4.0,-6.0,0.0
3016308064,186ab35ad2c07d4b35781c8bb314cbd9,1.0,3104499447,2422745456,3796303809,2018-08-01,delivered,69.9,18.59,88.49,credit_card,1.0,6.0,-7.0,0.0
2780753966,94a17118656ebafc4951d0f42859c168,1.0,1477940642,2300910990,727074973,2018-08-14,delivered,200.0,20.59,220.59,credit_card,7.0,7.0,-16.0,0.0
2855340447,3f3db9c8cc4092015241bc6697ea24ef,1.0,3568762084,4127033778,730094745,2018-08-06,delivered,17.0,12.43,29.43,credit_card,2.0,4.0,-3.0,0.0
1176655286,24149968adb7fe949f6d6dec53cae0a8,1.0,25492357,2067738168,1755005248,2018-07-31,delivered,70.0,31.36,101.36,credit_card,2.0,6.0,-13.0,0.0
77167159,390056468c27192af8354d708051054e,1.0,2274370024,132248856,3857787359,2018-08-23,delivered,4.99,13.71,18.7,boleto,1.0,5.0,-8.0,0.0
1587651613,9bf540995c670b022602a2f2e05249be,1.0,410577408,4151761977,3768269081,2018-07-16,delivered,795.0,63.65,858.65,boleto,1.0,11.0,-7.0,0.0
1645912230,b80aa0f66d8a0841be0ce473dc5d94be,1.0,1263787805,1727841583,4061475205,2018-07-31,delivered,229.0,17.87,246.87,credit_card,10.0,2.0,-4.0,0.0
497288264,9391a350faf505bf6880c4d747f26e4d,1.0,2101572836,3924580625,4194263931,2018-07-27,delivered,65.9,13.8,79.7,credit_card,1.0,11.0,-9.0,0.0
371454420,6c7cd83914ca57ceb8c205d80630e699,1.0,3329541630,2455932484,730094745,2018-08-04,delivered,98.0,15.08,113.08,credit_card,4.0,5.0,-5.0,0.0
4267385578,133b607354fbff7447ce545c8a0fa407,1.0,1472595322,912805398,1521024051,2018-08-21,delivered,69.99,50.38,80.54073536200661,boleto,1.0,7.0,-7.0,0.0
4155264818,133b607354fbff7447ce545c8a0fa407,2.0,1472595322,1593454540,3322827135,2018-08-21,delivered,449.89,27.99,517.7092646379934,boleto,1.0,7.0,-7.0,0.0
2219436677,39e5c415b7b8caafaae7fd1a4b191087,1.0,2805575674,3203899544,1565580883,2018-08-10,delivered,95.28,15.42,110.7,credit_card,2.0,5.0,-6.0,0.0
688749320,a9f3a3d1ad51353ad83d1cc38aa74a47,1.0,1307930303,4241288597,2053848117,2018-07-30,delivered,659.99,61.75,721.74,credit_card,8.0,3.0,-11.0,0.0
1329711778,0b3348cfaae0bca40b23a36b64c7b941,1.0,2550677187,3520709704,605810449,2018-07-18,delivered,39.99,19.47,59.46,credit_card,1.0,8.0,-13.0,0.0
2290436871,385d15b6382df6b32e10ff114cae5b4c,1.0,2339222985,1920796201,2173695781,2018-08-08,delivered,99.99,44.5,144.49,credit_card,1.0,5.0,-3.0,0.0
409286469,8ef1cdf601ce23c589774e6fda185587,1.0,3216631502,911356405,1755005248,2018-07-20,delivered,295.0,36.15,331.15,credit_card,5.0,7.0,-13.0,0.0
2075087274,81fffc4a57c371d20f822517c9e4f9ae,1.0,3382767927,1039834863,3169644834,2018-07-17,delivered,29.99,22.14,52.13,boleto,1.0,7.0,-14.0,0.0
1401169251,7ab25586eb0423d8038091f70b35a4a5,1.0,19669499,2934805456,179864683,2018-07-24,delivered,99.9,16.97,116.87,credit_card,3.0,2.0,-8.0,0.0
2777472644,7ab25586eb0423d8038091f70b35a4a5,2.0,19669499,2934805456,179864683,2018-07-24,delivered,99.9,16.97,116.87,credit_card,3.0,2.0,-8.0,0.0
2220228376,3ab2e0cca7a7831b28bb1bcff404f6c7,1.0,499147251,3959580588,3006702058,2018-07-14,delivered,249.9,106.21,356.11,credit_card,7.0,12.0,-18.0,0.0
595715087,ae82bdf97e99c33582559e2532915b53,1.0,2070420791,3969958778,1503930686,2018-08-08,delivered,166.9,47.83,214.73,credit_card,4.0,8.0,-19.0,0.0
211825371,dc06d3b11cf4f6499a6fde2c1beda13e,1.0,605624530,949013637,4125702247,2018-07-09,delivered,124.88,37.78,162.66,credit_card,1.0,16.0,-15.0,0.0
3163525275,62468ec3bde7ad016b389b68516dceb1,1.0,3810901732,3217494724,31897168,2018-07-18,delivered,129.0,44.12,173.12,credit_card,8.0,19.0,-7.0,0.0
3528673002,909fe8229847328fa7b5fa59b253ba25,1.0,3253546369,4066952446,1350631362,2018-08-09,delivered,69.9,15.59,85.49,credit_card,2.0,5.0,-8.0,0.0
2777547865,b300e160f5892169bafa006e670a43f5,1.0,651029185,953810007,3485175421,2018-08-02,delivered,52.9,14.68,67.58,credit_card,3.0,11.0,3.0,1.0
3570412799,6eea01cfbca90a278819c163602d0a69,1.0,1124170194,2313819149,2303787513,2018-07-11,delivered,65.0,18.56,83.56,credit_card,4.0,14.0,-14.0,0.0
95542481,b1127d37a7b6bdc4fadbc3e1345338dd,1.0,2714179375,1772851084,3753803950,2018-08-20,delivered,85.2,13.94,99.14,credit_card,2.0,1.0,-6.0,0.0
3311716402,737e75dc8fad86ce2b5b41377a28dac5,1.0,94677569,2209229640,1716536501,2018-07-12,delivered,48.9,4.06,58.13443246178912,credit_card,2.0,3.0,-10.0,0.0
935623891,737e75dc8fad86ce2b5b41377a28dac5,2.0,94677569,3585538027,1408870915,2018-07-12,delivered,79.99,20.28,95.09556753821089,credit_card,2.0,3.0,-10.0,0.0
3388281020,6f5287c7bb4cef1435b9666c23c54f9e,1.0,3739255688,492713726,1480205621,2018-08-14,delivered,229.8,8.87,238.67,credit_card,4.0,2.0,-4.0,0.0
3039615611,ac5bec9923eff67a7b009e9b911568d8,1.0,626680587,708817591,2533375300,2018-07-13,delivered,18.9,13.47,32.37,credit_card,1.0,7.0,-14.0,0.0
19761309,77f0f62ff8a59620532b7f2ef9065e17,1.0,2119519319,4167327632,833796199,2018-07-16,delivered,51.45,41.34,92.79,credit_card,6.0,7.0,-18.0,0.0
2857107983,583174fbe37d3d5f0d6661be3aad1786,1.0,846216513,1968609306,179864683,2018-08-04,canceled,89.9,9.38,99.28,credit_card,2.0,,,
290117695,7b498f4d63d591df8f2b0c675464a255,1.0,1772872038,3731040328,3164016764,2018-07-09,delivered,79.9,62.81,142.71,credit_card,8.0,17.0,-11.0,0.0
431244574,52b7fa35b1e5c8bdea5869804dced415,1.0,1934416323,2576519259,1350631362,2018-08-26,delivered,76.0,18.63,94.63,credit_card,1.0,4.0,-26.0,0.0
1728797753,5cb15aad23cb171ffca7fe16297f5076,1.0,2264041101,3827314617,1277691880,2018-08-16,delivered,49.9,16.54,66.44,credit_card,2.0,12.0,-7.0,0.0
3720482769,a37ed53c21eec1edd358833c1900aa78,1.0,737998902,4080692835,1550185782,2018-07-02,delivered,256.99,28.75,285.74,credit_card,10.0,10.0,-21.0,0.0
3788337299,21996e7c744554c7c4fac8896bbdf0ea,1.0,180827230,1491328836,1914769873,2018-07-16,delivered,129.49,13.57,143.06,boleto,1.0,7.0,-7.0,0.0
3417634660,54fa8d2f7c784a6e766cbae8954da562,1.0,1712034225,2036129729,261066546,2018-08-22,delivered,116.9,9.33,126.23,boleto,1.0,2.0,-3.0,0.0
1152541765,35d2e9d7381058ab6ecbb845bb1dec37,1.0,715124245,774870517,3179495650,2018-07-17,delivered,130.0,16.01,146.01,credit_card,3.0,10.0,-10.0,0.0
1802452569,16531229b848e54d09da87453688db0d,1.0,1114948828,1278553860,3402353270,2018-07-17,delivered,237.9,40.82,278.72,boleto,1.0,7.0,-12.0,0.0
994294333,b29aef07fc359c950db89a961acc1fa2,1.0,1213421246,2952424396,1615213775,2018-08-15,delivered,82.9,14.58,96.18952171522815,credit_card,2.0,7.0,-7.0,0.0
3861032921,b29aef07fc359c950db89a961acc1fa2,2.0,1213421246,3460354221,487055631,2018-08-15,delivered,99.0,14.58,114.87047828477186,credit_card,2.0,7.0,-7.0,0.0
3467932014,7f1dd57d5e14f6ee8a3946e2f58b5396,1.0,4009261390,2807106037,2339751197,2018-08-18,delivered,130.0,13.21,143.21,credit_card,1.0,3.0,-6.0,0.0
1770373225,3476c2981106727d1a374f31ec932b95,1.0,2085643780,3227363179,1622838244,2018-07-08,delivered,309.99,26.33,336.32,credit_card,3.0,15.0,-16.0,0.0
485336631,373e33407e16fe7b1ae7de43384958fd,1.0,3051947471,3373458811,604861625,2018-08-11,delivered,74.99,18.33,93.32,credit_card,2.0,11.0,-13.0,0.0
1934961588,373e33407e16fe7b1ae7de43384958fd,2.0,3051947471,3373458811,604861625,2018-08-11,delivered,74.99,18.33,93.32,credit_card,2.0,11.0,-13.0,0.0
690932187,373e33407e16fe7b1ae7de43384958fd,3.0,3051947471,3373458811,604861625,2018-08-11,delivered,74.99,18.33,93.32,credit_card,2.0,11.0,-13.0,0.0
2298585139,7b35b8f7e47a6895e3fc370d47dde02d,1.0,3962979271,4078732151,471171552,2018-08-13,delivered,124.99,18.09,143.08,boleto,1.0,3.0,-4.0,0.0
1785817635,244e8c98d54a7a388245e6b5b85d37ee,1.0,1852998477,989386057,1867257412,2018-07-04,delivered,57.89,11.43,69.32,credit_card,1.0,1.0,-14.0,0.0
2600987595,49873be3d163feec184f5afcaea61a47,1.0,262367297,3655495200,4156473050,2018-08-02,delivered,27.9,18.3,46.2,credit_card,1.0,7.0,-6.0,0.0
2024773940,619c0d7bb827c1798108381f047b32e3,1.0,1600962884,2703664508,9861004,2018-07-17,delivered,49.9,47.4,97.3,credit_card,1.0,10.0,-10.0,0.0
3331477077,454c3851ea6ca1eaa09fd44d2502aac0,1.0,3395066336,2398704947,1813314038,2018-08-03,delivered,19.9,12.8,0.0,unknown,0.0,5.0,-9.0,0.0
688141692,01eaa000fe5c9f80f535c3d0cad25a47,1.0,3459041197,3879458629,2804246847,2018-08-15,delivered,135.9,16.02,151.92,credit_card,2.0,2.0,-11.0,0.0
4128127600,dd96d2bc36b1b3227d9defe815e46b7e,1.0,4176851929,2352402213,926823165,2018-07-09,delivered,17.99,7.39,25.38,credit_card,1.0,2.0,-7.0,0.0
518467925,b5796047f40aa1f6a7b80f8a8e35fcbf,1.0,1695991653,1544024468,108983876,2018-08-18,delivered,999.99,43.33,1043.32,credit_card,10.0,6.0,-5.0,0.0
1753087121,2458de231bb0e4286a97ab335afb78c9,1.0,327280602,271482854,2622583364,2018-07-21,delivered,154.9,19.18,174.08,credit_card,5.0,8.0,-25.0,0.0
3911844807,0718634f87a84ae0468224ecca3584d1,1.0,2869500094,1549101342,596468350,2018-08-20,delivered,139.0,18.1,157.1,credit_card,10.0,3.0,-5.0,0.0
2152717746,26e2db0bd73689ff814692e3dc232671,1.0,1333289530,2338770647,3094387524,2018-08-26,delivered,69.9,21.13,91.03,credit_card,8.0,4.0,-7.0,0.0
639216679,26e2db0bd73689ff814692e3dc232671,2.0,1333289530,2338770647,3094387524,2018-08-26,delivered,69.9,21.13,91.03,credit_card,8.0,4.0,-7.0,0.0
1708976491,9a7e8939f3e332415b9915a209e3607e,1.0,1552999593,3052385035,2597129368,2018-07-07,delivered,35.0,7.51,42.51,credit_card,4.0,5.0,-11.0,0.0
26529225,7e52ab2aaf4fd6b758bf18e6295b2bbc,1.0,4130407096,1440341280,1868809992,2018-08-11,delivered,230.0,75.56,305.56,credit_card,10.0,11.0,-6.0,0.0
2161704291,8fc088e94b10c2a02fcba1e2b69ec6fa,1.0,1852473308,4081015769,2304947736,2018-08-01,delivered,44.0,7.57,51.57,credit_card,3.0,1.0,-3.0,0.0
2451131509,3a6f6cf4de24c8615434613e2f1db015,1.0,1580007517,885246954,4160630161,2018-08-08,delivered,32.0,7.48,39.48,credit_card,3.0,1.0,-5.0,0.0
1689393121,040ffb806b943aa19e0b176e7746b2b7,1.0,2564956414,3458792226,486655703,2018-07-31,delivered,519.0,37.69,556.69,credit_card,10.0,2.0,-4.0,0.0
3742702577,31b39339d93a6949e2f2addf798d8904,1.0,101213105,2659353721,2118540709,2018-07-29,delivered,105.0,9.49,0.0,unknown,0.0,2.0,-2.0,0.0
3753717732,8fec3000dd1edabf27f78ee06f3abebe,1.0,1317289432,1547165362,95504644,2018-08-18,delivered,95.72,22.6,118.32,debit_card,1.0,6.0,-11.0,0.0
3272534233,c9c76a6cf34575ea054a043a4d03c0a1,1.0,1399625383,478650092,236054194,2018-08-16,delivered,151.3,12.08,163.38,credit_card,3.0,9.0,2.0,1.0
3182855651,dc40cf72430bda627804ff38c8fa6116,1.0,3535128179,1315770471,2819725049,2018-07-22,delivered,49.9,13.01,62.91,debit_card,1.0,5.0,-10.0,0.0
2183130692,ac7b697f61f36bfa2a98f18e8c065875,1.0,1083772655,2602301804,2308685613,2018-08-09,delivered,189.9,25.68,215.58,credit_card,6.0,11.0,-14.0,0.0
2731289766,88070a99472bf32fc96e605f816679b0,1.0,2836138724,2565649128,3972193987,2018-07-17,delivered,22.9,18.26,41.16,credit_card,8.0,9.0,-13.0,0.0
2253143575,88070a99472bf32fc96e605f816679b0,2.0,2836138724,1793710084,3972193987,2018-07-17,delivered,22.9,18.26,41.16,credit_card,8.0,9.0,-13.0,0.0
3013242023,3123ac94cc04ba74266ab34f2529bd33,1.0,3599435585,1774436647,1138917008,2018-07-27,delivered,43.9,15.05,56.37771482530689,credit_card,3.0,6.0,-21.0,0.0
1826406469,3123ac94cc04ba74266ab34f2529bd33,2.0,3599435585,895719245,1138917008,2018-07-27,delivered,62.0,15.05,79.6222851746931,credit_card,3.0,6.0,-21.0,0.0
3040955642,5fbe0933118a1dec4ac5424ef0ed0686,1.0,1606298119,310727621,4220048581,2018-07-06,delivered,89.0,19.81,108.81,credit_card,10.0,4.0,-17.0,0.0
1367788363,4db79af544c8c9da4ef543192ec3179c,1.0,2956535334,3767261093,3768979254,2018-08-23,delivered,34.0,7.5,41.5,credit_card,2.0,4.0,-2.0,0.0
932283556,4db79af544c8c9da4ef543192ec3179c,2.0,2956535334,3767261093,3768979254,2018-08-23,delivered,34.0,7.5,41.5,credit_card,2.0,4.0,-2.0,0.0
1403981707,756e1225dfaad77b4be2985df1ad2a31,1.0,485222016,4058964725,2681412629,2018-07-09,delivered,44.99,7.58,52.57,credit_card,3.0,3.0,-6.0,0.0
936296863,bc0750dbbde0ce52c81895096a0deb7b,1.0,2903486037,2232002328,53223181,2018-07-27,delivered,27.9,18.3,46.2,credit_card,1.0,10.0,-9.0,0.0
4153711995,7a3b37948764cd3ae1bb7c332ee79397,1.0,2559591231,2495106546,2580370799,2018-07-13,delivered,139.9,17.91,157.81,credit_card,3.0,10.0,-21.0,0.0
1151355374,8565434e7b68f273260f208a1d2c2aa2,1.0,3800800301,258479499,2662062168,2018-08-22,delivered,15.0,18.23,33.23,voucher,1.0,8.0,-6.0,0.0
1714142737,7e439a3cffba90d9a5d684e4033d66a9,1.0,814341170,893840574,1423184178,2018-07-20,delivered,129.0,9.24,138.24,credit_card,1.0,4.0,-6.0,0.0
2154908037,4a14973ad9560660e3962ba5efc1ffaa,1.0,3848758386,691593057,2358549127,2018-07-29,delivered,369.0,25.73,394.73,credit_card,5.0,8.0,-30.0,0.0
3933310123,7c40c1fdc6c80fb91892fa1cd0b79d82,1.0,491989395,788532369,819761952,2018-08-01,delivered,9.49,1.87,15.71904920767306,debit_card,1.0,2.0,-4.0,0.0
1502298797,7c40c1fdc6c80fb91892fa1cd0b79d82,2.0,491989395,511571128,819761952,2018-08-01,delivered,14.49,13.87,24.000950792326936,debit_card,1.0,2.0,-4.0,0.0
3673937397,14a05c02d483800864e5c19a3a7f0ee2,1.0,2545896353,3622652962,1013540066,2018-08-18,shipped,109.9,14.32,124.22,debit_card,1.0,,,
831267345,df830c3266897b412bb8598ecc43c09f,1.0,1524996317,26367845,3746284701,2018-08-05,delivered,29.9,15.31,45.21,credit_card,1.0,3.0,-7.0,0.0
340195162,df830c3266897b412bb8598ecc43c09f,2.0,1524996317,26367845,3746284701,2018-08-05,delivered,29.9,15.31,45.21,credit_card,1.0,3.0,-7.0,0.0
2767543512,c6196dcf85530e6e2d9eb1b65d0d8e55,1.0,2970620678,1943541630,1276368770,2018-07-23,delivered,232.75,24.43,257.18,credit_card,5.0,8.0,-15.0,0.0
2011204295,b89638c45bf1b7dcf3e47420ac9c9066,1.0,1403455677,3871096897,3664770205,2018-08-11,delivered,126.9,51.61,178.51,credit_card,8.0,8.0,-14.0,0.0
697777952,9bcd315f2d8687500366d9b2fb0e8add,1.0,1680105291,3706715795,1361108180,2018-08-09,delivered,138.99,22.9,161.89,credit_card,2.0,11.0,-10.0,0.0
1921873200,0d7ef227c3cb5f6a3fc62c0beb5e11cd,1.0,1906818277,2506413452,1821221035,2018-07-22,delivered,23.9,19.36,43.26,credit_card,2.0,5.0,-20.0,0.0
3873498877,cb59129e626aa76c4e74faf4bfba07d6,1.0,139758597,3776051529,4220048581,2018-07-01,delivered,89.0,19.81,108.81,credit_card,1.0,8.0,-36.0,0.0
3430140244,9c6585136c83fd43fc233e6cec52044c,1.0,4020176277,4222306496,2880307388,2018-07-15,delivered,119.85,23.64,143.49,credit_card,2.0,15.0,-9.0,0.0
2606007521,92d7bb51e2c6778f7a049b89cfd52870,1.0,3145284087,298679034,3643812432,2018-08-06,delivered,24.99,13.76,38.75,credit_card,1.0,11.0,-4.0,0.0
355628464,90bd52654dd4d9b5601a908e69f98659,1.0,3008986514,2601560555,2890074202,2018-08-09,delivered,129.7,53.26,182.96,credit_card,10.0,13.0,-8.0,0.0
2522135719,4505b87dc4843da73734e3e1a6537999,1.0,3649855530,1031647857,2579115187,2018-07-06,delivered,78.0,12.28,90.28,credit_card,1.0,6.0,-7.0,0.0
754499073,cbfc4f1ebf8b2f4362a74b61505e34fe,1.0,2008721305,2703664508,9861004,2018-07-25,delivered,49.9,20.99,70.89,boleto,1.0,5.0,-9.0,0.0
3311172391,25ec17a7457f797d4a253f3f492d4686,1.0,4107442118,945283945,2775148626,2018-08-16,delivered,19.49,7.4,26.89,boleto,1.0,4.0,-4.0,0.0
1439990806,c7a7c97d430f40628efc0f1e41f723b1,1.0,1098240043,2853138457,1555790669,2018-07-05,delivered,298.0,20.19,318.19,credit_card,8.0,6.0,-21.0,0.0
4029811050,23ef9daa5d06d57a70a022994cd9ded7,1.0,2687788810,4146794544,1008270582,2018-08-22,delivered,62.8,23.24,86.04,boleto,1.0,7.0,-25.0,0.0
2109824991,88259593cc7450eaa22ee4d6ea2f9dcd,1.0,1503116494,799122612,1585314166,2018-07-26,delivered,39.0,15.37,54.37,credit_card,1.0,10.0,-14.0,0.0
3802885471,75adb6f5207887f03b547194819216fa,1.0,3453106344,1081706177,1576479322,2018-08-11,delivered,34.5,18.34,52.84,credit_card,5.0,9.0,-2.0,0.0
1394230900,0ee97b38c4a4fd3b8d3c243e60b4cd44,1.0,3598829193,1567030015,2812297156,2018-08-15,delivered,330.0,10.47,340.47,credit_card,4.0,2.0,-2.0,0.0
1098757827,42b71d23c4c47ac0364517ab0ada92c3,1.0,3675872931,3304897236,123833255,2018-07-10,delivered,42.0,8.45,50.45,boleto,1.0,2.0,-6.0,0.0
1862626519,045e0b29f969d5cd3bf5ca04087a4af8,1.0,2977124472,3470512649,3541457732,2018-08-06,delivered,72.0,19.69,91.69,credit_card,1.0,3.0,-7.0,0.0
1105758843,b88187e3e61e2aa58b398415c2d2d4cc,1.0,2962084749,2000674773,3267771422,2018-07-18,delivered,25.9,18.28,44.18,debit_card,1.0,6.0,-12.0,0.0
1187906504,ce101c122a22608be5d6ba81b4a08080,1.0,218737868,718071674,1734769477,2018-07-25,delivered,29.9,18.31,48.21,credit_card,2.0,14.0,-5.0,0.0
501083537,00e63486fad9d24645c9c84ed77c15fa,1.0,2268137390,3338599894,1696683105,2018-08-14,delivered,38.95,15.37,54.32,credit_card,1.0,6.0,-21.0,0.0
2866748265,7457d3d23917512e33d58f76c92b4508,1.0,3212288920,1690517704,3359007526,2018-07-06,delivered,200.0,68.45,268.45,credit_card,5.0,14.0,-18.0,0.0
1733477787,3c9979e0cd0acb648d666e573dd343fe,1.0,973492369,3471327779,3659481684,2018-07-11,delivered,24.89,18.27,43.16,credit_card,1.0,2.0,-17.0,0.0
1098618037,960f1dc42251b4fdfa41d260f5c8e3cf,1.0,1199441303,1438106202,3366215599,2018-07-24,delivered,99.9,15.0,114.9,credit_card,2.0,7.0,-13.0,0.0
2327916703,a7b3d17383515918f57cc831f29bc8dd,1.0,2941051035,1229441188,1018330744,2018-08-21,delivered,31.95,12.88,44.83,credit_card,4.0,5.0,-7.0,0.0
1949794952,5bb8d2fbca419676d395687e28f5263b,1.0,240607786,1785441143,1361108180,2018-07-12,delivered,64.99,22.39,87.38,boleto,1.0,11.0,-9.0,0.0
2568562844,3188b88d4562d627bf472b5a3655237c,1.0,4064714642,1940605344,357383673,2018-08-13,delivered,69.9,17.62,87.52,credit_card,2.0,9.0,-9.0,0.0
409422618,028b18bcd128b49e2982741f83b78e77,1.0,1894586611,3107349866,123833255,2018-08-10,delivered,260.0,37.12,297.12,credit_card,2.0,4.0,0.0,0.0
836292344,e124c7322cefdb43a61f072bedd00e64,1.0,1899833132,3379495473,1868809992,2018-07-30,delivered,120.0,23.55,143.55,credit_card,4.0,2.0,-12.0,0.0
409546662,ad7957c1cde1dae009b1fc01e3e02758,1.0,2952396661,3321232182,3267771422,2018-07-23,delivered,79.9,51.28,131.18,credit_card,2.0,13.0,-8.0,0.0
3195527598,465e367896219452ecc8d8dc02f61531,1.0,2286881510,899257688,1734769477,2018-07-13,delivered,44.9,18.41,63.31,credit_card,3.0,7.0,-19.0,0.0
1953071386,597c2563d00470ca79904967e0cd6595,1.0,792678143,2174962782,3497601394,2018-08-22,delivered,62.9,11.46,74.36,credit_card,7.0,1.0,-5.0,0.0
1993700075,585bfc58c577f0e1deb3d9b49fc7535e,1.0,3388923724,3338599894,1696683105,2018-07-05,delivered,39.99,18.38,58.37,boleto,1.0,7.0,-15.0,0.0
590228648,9f632adcd34b1ead76a916ea1a887c9c,1.0,2123745680,912285575,1839874894,2018-07-10,delivered,189.0,13.98,202.98,credit_card,5.0,6.0,-8.0,0.0
2180466511,ab8f85575996e2f61235b8943be55eb9,1.0,4227583026,4054079979,1480205621,2018-07-13,delivered,864.9,24.15,889.05,credit_card,8.0,9.0,-9.0,0.0
1565159860,0c1f1a0595fb30e05d526ab83576cd24,1.0,3046945083,1934518943,96764808,2018-08-28,delivered,14.9,7.39,22.29,credit_card,1.0,2.0,-4.0,0.0
3362722286,4f737bc2a795169102fc6d5b5aa31e27,1.0,3489993107,2390391351,2304947736,2018-08-20,delivered,99.0,13.35,112.35,credit_card,3.0,4.0,-6.0,0.0
2246751335,7a6c48037234cbc7887f82848bf4d4cf,1.0,2449503713,1345685363,1238242724,2018-08-05,delivered,89.9,7.89,97.79,boleto,1.0,8.0,4.0,1.0
3052740965,10119d4db66b009219ceafdedfe38741,1.0,976437860,669198414,2880307388,2018-07-24,delivered,119.85,43.12,162.97,debit_card,1.0,23.0,-18.0,0.0
2212449055,55a0842ea8508da4c9ef096cbac8bfef,1.0,2785522599,1561041782,2384848440,2018-07-31,delivered,89.9,16.82,106.72,credit_card,4.0,6.0,-8.0,0.0
255409861,5b72a0a59eaf0de6502b2959810e3dd5,1.0,2448773359,1720347278,2571258329,2018-08-13,delivered,29.9,12.87,42.77,credit_card,1.0,6.0,-4.0,0.0
2525766905,dd6e5859df4016efe3a4c9979af4ee90,1.0,3112750558,1674287090,2261194409,2018-07-30,delivered,129.9,15.22,145.12,boleto,1.0,6.0,-10.0,0.0
3704353683,b1e7ea6ef4104c3bcd94c0b9260717b2,1.0,2498505295,1352259711,1430230204,2018-07-10,delivered,64.99,8.62,73.61,credit_card,3.0,1.0,-6.0,0.0
974659430,0f18445c75633a4beb91e985a0907b8c,1.0,1906216232,1020631337,3400201556,2018-07-26,delivered,39.24,14.59,53.83,credit_card,1.0,17.0,0.0,0.0
1383858064,04a0704d5a3f27305100a48682d41bb6,1.0,2578299161,2466355469,523493826,2018-08-13,delivered,66.99,19.38,86.37,credit_card,4.0,7.0,-28.0,0.0
521086778,0668d086b3ae41adde3aed3dacbc8fae,1.0,3558538606,3053131839,817416274,2018-07-03,delivered,209.0,43.74,252.74,debit_card,1.0,23.0,-6.0,0.0
1259446530,36bd9a684be63b7aed450f82d31727f0,1.0,401219670,1974849964,3533011879,2018-08-21,delivered,124.9,9.03,133.93,credit_card,6.0,5.0,-3.0,0.0
2039108691,15894c1e0d37429ae01e88705a0e7941,1.0,2969747079,704694418,763830896,2018-08-11,delivered,59.9,15.52,75.42,credit_card,1.0,9.0,-6.0,0.0
505988707,61433627bdda467b4c2e9c3f4c17854d,1.0,1865476642,1159501270,1868809992,2018-08-13,delivered,150.0,16.35,166.35,credit_card,4.0,8.0,0.0,0.0
1488208721,23941956ac5ebb846fc41ddbf76e7ccc,1.0,3889515193,2998809140,1803873909,2018-07-15,delivered,149.99,23.85,173.84,boleto,1.0,10.0,-23.0,0.0
248795801,6aabdc795efb588de3fc71a018cebff9,1.0,2137820800,1776620515,2475905934,2018-07-08,delivered,99.99,27.65,127.64,boleto,1.0,16.0,-12.0,0.0
2469802027,4a5a1f0d3ea7bba1b88f2d68e80e4189,1.0,3409961346,504685326,2586102153,2018-08-21,delivered,46.9,13.54,60.44,credit_card,2.0,6.0,-8.0,0.0
272058396,c478e08fbbbe0525997a381b60bf8a63,1.0,2808423206,226581046,53223181,2018-07-30,delivered,30.99,7.48,0.0,unknown,0.0,2.0,-6.0,0.0
1635615392,d9d1223099e5613e5667e557b4b4f075,1.0,2443366508,2706436534,3399680435,2018-07-21,delivered,119.9,51.13,171.03,credit_card,1.0,17.0,-42.0,0.0
1616249871,bf1b064ac1b222c3d923f782e5ca8a04,1.0,3239115793,813911352,3844276870,2018-07-18,delivered,24.0,18.27,42.27,credit_card,4.0,7.0,-13.0,0.0
1028452509,70ebb67db2439278b553ac34549b715d,1.0,4040058213,3381232156,3526770996,2018-07-17,delivered,27.9,19.39,47.29,credit_card,2.0,7.0,-10.0,0.0
740618308,257e2d62e2b031eb09cea19d847305c6,1.0,731464655,1159501270,1868809992,2018-08-05,delivered,150.0,26.01,174.38513703553235,credit_card,8.0,8.0,-8.0,0.0
2112487840,257e2d62e2b031eb09cea19d847305c6,2.0,731464655,3456254014,3942029387,2018-08-05,delivered,169.99,26.01,197.62486296446767,credit_card,8.0,8.0,-8.0,0.0
1902113135,700a3f10e64cfd0df7f2aea217cca5fb,1.0,462036769,3707360109,60670679,2018-08-07,delivered,133.0,14.51,147.51,credit_card,1.0,5.0,-2.0,0.0
3195264088,a5cdddbe997b781dcb63b4c33a3faa4c,1.0,2977410690,679962455,1666024050,2018-08-13,delivered,369.0,133.27,502.27,credit_card,7.0,7.0,-6.0,0.0
1323580692,3991f987ebb5686ac2cd5fb69d16d9c4,1.0,4031606135,823206918,4027947388,2018-07-12,delivered,169.79,57.96,227.75,credit_card,5.0,12.0,-19.0,0.0
2462358916,3b1f8d68684710eac0cad28d412dcaf8,1.0,3546940060,3924580625,4194263931,2018-07-31,delivered,65.9,22.39,88.29,credit_card,4.0,15.0,-28.0,0.0
4111308347,4871768fbfa49644fd5a92cffa201556,1.0,1837696894,1492486590,3267771422,2018-08-08,delivered,39.9,18.38,58.28,credit_card,3.0,7.0,-4.0,0.0
4070999911,4871768fbfa49644fd5a92cffa201556,2.0,1837696894,1492486590,3267771422,2018-08-08,delivered,39.9,18.38,58.28,credit_card,3.0,7.0,-4.0,0.0
3755583429,7948a599ad3b5be1c5394644d0d4f8a4,1.0,3873855762,1106066167,1345082375,2018-08-15,delivered,310.0,19.38,329.38,credit_card,2.0,6.0,-2.0,0.0
1051279301,976fa354f6ecccd2abd6d95c676ab62d,1.0,1478678665,1570551795,3583083943,2018-08-07,delivered,38.62,18.42,57.04,boleto,1.0,5.0,-7.0,0.0
3392637626,55c53a2d3c60e83064ad06dce6069af5,1.0,2447084303,2495106546,2580370799,2018-07-11,delivered,119.9,23.56,143.46,credit_card,1.0,13.0,-21.0,0.0
2239036735,d3a3e3a97ab240877d7898e0a85e9d37,1.0,3390042464,2467847969,853272068,2018-08-20,delivered,24.33,8.92,33.25,boleto,1.0,4.0,0.0,0.0
469499397,d3a3e3a97ab240877d7898e0a85e9d37,2.0,3390042464,2467847969,853272068,2018-08-20,delivered,24.33,8.92,33.25,boleto,1.0,4.0,0.0,0.0
2272768207,d3a3e3a97ab240877d7898e0a85e9d37,3.0,3390042464,2467847969,853272068,2018-08-20,delivered,24.33,8.92,33.25,boleto,1.0,4.0,0.0,0.0
2180347791,d3a3e3a97ab240877d7898e0a85e9d37,4.0,3390042464,2467847969,853272068,2018-08-20,delivered,24.33,8.92,33.25,boleto,1.0,4.0,0.0,0.0
3963240983,addd750cdd1e291d03ffa31e89eec86e,1.0,1883613851,1334946873,523493826,2018-08-14,delivered,119.99,63.09,183.08,credit_card,3.0,8.0,-35.0,0.0
1259925570,dbd0a0b89b3fe516f8534b0f5de08534,1.0,4069461237,2344328127,1040030263,2018-07-09,delivered,98.0,18.79,116.79,credit_card,1.0,11.0,-7.0,0.0
3875956562,3f04e710beea0fa7c09842c227f005ad,1.0,1654703861,3911641092,2173695781,2018-08-03,delivered,119.99,44.64,164.63,boleto,1.0,10.0,-7.0,0.0
1228973696,330e2bf62773e756f26a7b39ca758c08,1.0,407490645,3215009922,737969628,2018-07-09,delivered,59.9,14.05,72.38657270029672,credit_card,8.0,4.0,-11.0,0.0
2517317341,330e2bf62773e756f26a7b39ca758c08,2.0,407490645,3081952929,737969628,2018-07-09,delivered,74.9,14.05,90.51342729970328,credit_card,8.0,4.0,-11.0,0.0
2048432160,dbac9bca550d09c1e25a38dc0086d448,1.0,333284791,3741815560,2622583364,2018-08-18,delivered,513.9,16.26,530.16,credit_card,8.0,5.0,-6.0,0.0
4220223350,2dc5825eb69b865a9c9b8fbfa69c340d,1.0,1248902090,3125227199,599565287,2018-07-17,delivered,23.1,12.82,35.92,credit_card,3.0,9.0,-8.0,0.0
3312165351,d9fb85f3f3239e18e331c9f622d6998b,1.0,539983442,2084718145,740847726,2018-08-03,delivered,19.99,7.4,27.39,credit_card,1.0,4.0,-1.0,0.0
1819781143,78cdcb172d0131f82c621d36e496db8d,1.0,3698882687,3891281814,1694950908,2018-08-01,delivered,66.0,8.62,74.62,credit_card,1.0,12.0,4.0,1.0
1495362561,32c02fe039c39b0f5675fda43d532d9f,1.0,520762947,3030995603,1361108180,2018-08-10,delivered,249.99,40.02,290.01,credit_card,3.0,9.0,-9.0,0.0
2691234945,6d55fe3b32304e2b54494df5d44379e8,1.0,4163598573,1047524156,596468350,2018-07-19,delivered,64.0,13.11,77.11,credit_card,1.0,4.0,-14.0,0.0
1774298913,c82e3eb519fbd1983966e7c8bff4d6cc,1.0,2367965471,1095243380,670276311,2018-07-19,delivered,309.0,27.67,336.67,credit_card,4.0,8.0,-11.0,0.0
2760082891,6fd7aad38ed11be7812e861b8947f7d4,1.0,1905666054,4083269621,2303787513,2018-08-08,delivered,55.0,18.49,73.49,boleto,1.0,5.0,-9.0,0.0
1603565825,babc844d408abfa49b0c875fcc3738d4,1.0,41823571,1241208376,2023461531,2018-08-18,delivered,79.99,18.66,98.65,credit_card,9.0,9.0,-15.0,0.0
760242812,a26bdfa860437e3b9199a81b6003d928,1.0,1583281876,3466353009,2154000458,2018-07-31,delivered,54.99,23.19,78.18,credit_card,1.0,7.0,-7.0,0.0
1628328630,aa46951898e69724ebbcfb1c6cd4879c,1.0,4170921044,53867632,3393462886,2018-07-22,delivered,199.9,24.39,224.29,credit_card,4.0,15.0,0.0,0.0
888633999,9b5efb42ba88b4bdef7e4a84b439acc3,1.0,382640934,1673173089,1868809992,2018-08-05,delivered,35.0,19.33,46.66666666666666,credit_card,10.0,3.0,-22.0,0.0
1712805888,9b5efb42ba88b4bdef7e4a84b439acc3,2.0,382640934,1672925611,854629258,2018-08-05,delivered,74.99,9.67,99.98666666666664,credit_card,10.0,3.0,-22.0,0.0
1893330439,9b5efb42ba88b4bdef7e4a84b439acc3,3.0,382640934,1673173089,1868809992,2018-08-05,delivered,35.0,19.33,46.66666666666666,credit_card,10.0,3.0,-22.0,0.0
2452821048,00f86b368251d739f1896d41469b2b7a,1.0,863447797,504801978,4006802340,2018-08-17,delivered,39.97,18.38,58.35,credit_card,4.0,10.0,-3.0,0.0
514559597,00f86b368251d739f1896d41469b2b7a,2.0,863447797,504801978,4006802340,2018-08-17,delivered,39.97,18.38,58.35,credit_card,4.0,10.0,-3.0,0.0
2289879333,00f86b368251d739f1896d41469b2b7a,3.0,863447797,504801978,4006802340,2018-08-17,delivered,39.97,18.38,58.35,credit_card,4.0,10.0,-3.0,0.0
3491930305,070fcffce3b0a655482d4f5f11607599,1.0,2098027409,2594868280,1921184264,2018-07-19,delivered,140.0,23.78,163.78,credit_card,10.0,18.0,-3.0,0.0
1781332032,ccd2795b4fd33757b039fb15b8a12109,1.0,1083128508,384874058,1464160362,2018-08-15,delivered,9.6,4.49,20.096934306569345,credit_card,1.0,2.0,-11.0,0.0
4098508342,ccd2795b4fd33757b039fb15b8a12109,2.0,1083128508,67037057,873124783,2018-08-15,delivered,10.5,13.48,21.98102189781022,credit_card,1.0,2.0,-11.0,0.0
4020842806,ccd2795b4fd33757b039fb15b8a12109,3.0,1083128508,67037057,873124783,2018-08-15,delivered,10.5,13.48,21.98102189781022,credit_card,1.0,2.0,-11.0,0.0
4063605395,ccd2795b4fd33757b039fb15b8a12109,4.0,1083128508,67037057,873124783,2018-08-15,delivered,10.5,13.48,21.98102189781022,credit_card,1.0,2.0,-11.0,0.0
643175744,b9ce9285aa642df4742b9839964076c6,1.0,3830291485,2542587666,2526411072,2018-07-23,delivered,38.0,18.37,56.37,credit_card,1.0,7.0,-14.0,0.0
4110692335,3c8d79ea0ac82caf57807f9cb39f8dee,1.0,3496911053,3880537531,2304947736,2018-08-08,delivered,55.0,18.49,73.49,boleto,1.0,12.0,-2.0,0.0
2818901981,51fbc7ecec17e2dbcd5c495410af77ca,1.0,3213882615,4282632838,1825218488,2018-07-21,delivered,42.44,9.05,51.49,voucher,1.0,3.0,-8.0,0.0
891448981,110d9355d6338eab0a65a0cacdde5434,1.0,2626066623,863044579,3073163807,2018-07-24,delivered,539.9,26.5,566.4,credit_card,5.0,8.0,-8.0,0.0
538599258,83b02487c4caa3adc52a33d673606551,1.0,1616749683,230927086,1573069542,2018-08-20,delivered,14.5,7.39,21.89,credit_card,1.0,1.0,-6.0,0.0
867343229,407c6c87763b40c6ecbdf86ce3e07d76,1.0,3552645115,1395334130,1350631362,2018-07-10,delivered,41.79,7.87,49.66,credit_card,1.0,2.0,-6.0,0.0
2825480524,8ec9caca9f30411bda28f48d2aec61e2,1.0,2679562333,2817707932,47085388,2018-07-29,delivered,45.0,17.25,62.25,boleto,1.0,8.0,-8.0,0.0
2053788482,82d2162edf841b38e563dbf4380daead,1.0,3061499615,1525722380,3357702733,2018-07-02,delivered,15.0,12.79,27.79,boleto,1.0,3.0,-18.0,0.0
2112532652,0b47f5e9432bd433f8c5cf64e60e6e5f,1.0,2853523533,1277571969,1763790356,2018-08-07,delivered,170.0,53.54,223.54,credit_card,3.0,8.0,-14.0,0.0
3691949855,df6c49ed3556438e1755c756bed90fff,1.0,3806080272,1035130832,1576479322,2018-08-01,delivered,74.99,19.72,94.71,credit_card,1.0,5.0,-13.0,0.0
1048025227,8b1789e10f33bfc4af50c1e39aae50f7,1.0,2481275089,1529402584,3522250725,2018-07-30,delivered,45.97,9.63,55.6,credit_card,2.0,1.0,-3.0,0.0
175307326,5bd39e6a06371941eb585cbe79b41efc,1.0,1069457111,3151368955,1637578522,2018-07-28,delivered,185.9,23.58,209.48,credit_card,3.0,10.0,-22.0,0.0
3687625235,22ef9d3714207d9a803bd9acb19fd0cb,1.0,2441152793,3710100105,825200024,2018-07-23,delivered,63.9,22.73,86.63,boleto,1.0,13.0,-8.0,0.0
1676821662,22ef9d3714207d9a803bd9acb19fd0cb,2.0,2441152793,3710100105,825200024,2018-07-23,delivered,63.9,22.73,86.63,boleto,1.0,13.0,-8.0,0.0
253493059,1af85a7bfa8727b2f0009a9035341f3f,1.0,1670634303,1936022662,1694950908,2018-08-26,delivered,13.59,12.79,26.38,credit_card,1.0,3.0,-13.0,0.0
3859005374,81633234173b1cd685789057d87021c9,1.0,577672457,3497603281,1734769477,2018-08-13,delivered,199.9,13.7,213.6,credit_card,8.0,5.0,-2.0,0.0
2132517638,34b7253ad75b068d9abf56b9fc5c68a2,1.0,3543420655,1492929906,3131976384,2018-07-10,delivered,89.9,15.7,105.6,credit_card,2.0,4.0,-16.0,0.0
3075627268,3f60c18dceaa348eb8891eea71a53dc1,1.0,2038355660,3842242232,1003179062,2018-08-01,delivered,64.9,23.6,88.5,credit_card,1.0,7.0,-13.0,0.0
2010086372,0ce3dcca0c123ec98cc73a514f7e9922,1.0,2454802512,3999508904,1694950908,2018-07-14,delivered,21.2,19.06,40.26,credit_card,1.0,9.0,-16.0,0.0
1030480562,d9cce1189df2e1b16f34c16c80f29f2a,1.0,3590779188,532717369,2297992664,2018-08-16,delivered,99.99,58.78,158.77,boleto,1.0,11.0,-24.0,0.0
2479447943,19306838a9d7a11a82ea7656dbd2f151,1.0,2470657175,1316129150,2997337676,2018-08-10,delivered,527.9,21.8,549.7,credit_card,8.0,14.0,-12.0,0.0
961391911,844f7449f9593fb8f8804b997e9210e6,1.0,3561104970,2425733090,3142967480,2018-08-22,delivered,50.0,13.01,63.01,boleto,1.0,7.0,-7.0,0.0
3802494900,a1f32c6c2615f5638247552c003abd14,1.0,345033388,4035516476,2636346249,2018-07-26,delivered,29.99,7.47,37.46,credit_card,1.0,7.0,-4.0,0.0
3988438530,a3fc2463aca2385a6ca276ee9d42e0bd,1.0,2436016509,2067738168,1755005248,2018-08-18,delivered,99.9,27.0,126.9,boleto,1.0,7.0,-5.0,0.0
525101800,ad979a858d9d6a2b8bbec764d452d1a9,1.0,2324432116,1723558005,155332285,2018-08-02,delivered,285.0,20.3,305.3,credit_card,2.0,7.0,-5.0,0.0
1337729796,9e22c8dea6cb942311efd79ca6fbbdfe,1.0,2169845351,1484677339,730094745,2018-07-31,delivered,52.99,13.03,66.02,boleto,1.0,6.0,-14.0,0.0
506535852,66eebf0e266f975af04450e28dcadbf1,1.0,3524802712,2542641834,2580370799,2018-08-11,delivered,178.9,9.76,188.66,boleto,1.0,13.0,-4.0,0.0
266071449,c64f7f0d99ba9d06966f9bfe36e564ee,1.0,2805389891,1819643303,1868809992,2018-08-10,delivered,78.0,15.85,93.85,credit_card,2.0,10.0,3.0,1.0
133971522,82d57496fe85e9df6e149099e638aef0,1.0,3915044378,3180363723,2947136883,2018-08-15,delivered,58.9,35.76,94.66,credit_card,2.0,7.0,-13.0,0.0
668232030,a11a425bf8a1d74271b19f31a3cbe76a,1.0,2754619185,2924635560,1921184264,2018-07-24,delivered,130.0,15.22,145.22,credit_card,8.0,10.0,-7.0,0.0
191357030,53b788f7cb182a99dbcf654bbdf21933,1.0,1947765196,1241208376,2023461531,2018-07-08,delivered,69.99,23.21,93.2,credit_card,1.0,22.0,4.0,1.0
166026869,a6f6b75dad02327bd16a4d391963c579,1.0,550582413,2186748197,2681412629,2018-07-28,delivered,23.99,18.27,42.26,credit_card,1.0,9.0,-6.0,0.0
936293035,1329f69c4d3811f5a7bc6be850089a0d,1.0,363714100,3309264953,519564207,2018-07-27,delivered,135.0,68.09,203.09,boleto,1.0,10.0,-23.0,0.0
1699595994,d303e3573610c562757a6703a7b0f933,1.0,2655956896,2876488689,1696683105,2018-07-18,delivered,54.99,15.49,70.48,credit_card,1.0,11.0,-3.0,0.0
3906497358,28e5c316b9b1b1902c094ab90ea33ffd,1.0,3267408188,1944267017,1597860032,2018-08-23,delivered,124.99,22.63,147.62,credit_card,1.0,5.0,-2.0,0.0
2895282714,1ad631eef80afb67f53ed0b9083846e7,1.0,2657079459,2019676915,2082347993,2018-07-17,delivered,139.99,57.46,197.45,boleto,1.0,28.0,-7.0,0.0
1206224965,8be26417e499e19c531a3ebfd1b14c20,1.0,4236963557,1542620785,897947394,2018-08-05,delivered,364.0,64.8,428.8,credit_card,8.0,8.0,-15.0,0.0
3002416395,38eb04fead5a8c966e7e01b87830b50e,1.0,2618254399,2434217352,1919968767,2018-08-04,delivered,110.32,15.87,126.19,credit_card,6.0,9.0,-4.0,0.0
1336242231,8b4d265764544f6a280f2ae60b579be7,1.0,1381381677,1801088216,3746284701,2018-08-16,delivered,29.99,15.31,45.3,credit_card,1.0,7.0,-5.0,0.0
3755065128,9b0f1e1427db19a11c3ab29e6ebf4846,1.0,1329212066,2186778852,4275876195,2018-07-29,delivered,107.97,25.74,133.71,credit_card,4.0,3.0,-1.0,0.0
1625823320,a5bb475db1b4bcf9aa10cda733fcda10,1.0,24511625,1469436234,1490461718,2018-08-11,delivered,31.9,13.56,45.46,credit_card,1.0,10.0,-41.0,0.0
3699094003,937ca79de438593867663c25fd34ea4b,1.0,759417815,2991322462,3169644834,2018-08-19,delivered,117.0,66.03,183.03,credit_card,6.0,5.0,-23.0,0.0
3507873992,5def57005a0074cf4fd6778d99e6b7f1,1.0,2316449674,840628756,1480205621,2018-08-18,delivered,319.9,24.96,344.86,credit_card,3.0,9.0,-18.0,0.0
1690675781,05ec8e2b68474e347ff47b71274e2361,1.0,2029155464,164174645,2283216182,2018-07-20,delivered,299.0,20.19,319.19,credit_card,4.0,10.0,-10.0,0.0
484095758,9bbaeca96f9c4a3be4aa32aefcd1cd11,1.0,510889572,579467812,737969628,2018-08-04,shipped,39.9,18.38,58.28,credit_card,1.0,,,
4215459097,4ce2a78f4b4b1166f0e04bbdc825f7b3,1.0,541590953,579927150,3370415786,2018-08-16,delivered,228.0,38.51,266.51,credit_card,3.0,6.0,-15.0,0.0
3667578219,95bdb86dcfd0b17e0923fb8740f18e35,1.0,1143207729,3795547337,3078723279,2018-08-22,delivered,67.8,14.06,81.86,credit_card,4.0,7.0,-6.0,0.0
2767254892,266e6e41522572e8bc4068738beaef07,1.0,589749299,281683339,3168180425,2018-08-27,delivered,201.9,5.7,207.6,credit_card,8.0,2.0,-11.0,0.0
2024334859,8d97dfb850543060acf6f461bf37533b,1.0,1785065356,316963516,817416274,2018-07-26,delivered,139.0,20.16,159.16,credit_card,2.0,7.0,-11.0,0.0
292092665,6e424a06931a556c15b962b40017f690,1.0,3811542159,3336524757,123833255,2018-08-17,delivered,12.0,22.06,22.79,voucher,1.0,6.0,-22.0,0.0
1148231777,b8a0ea35d4a5efa22c003976eb138ebc,1.0,1754456926,592096461,2304947736,2018-08-06,delivered,78.0,7.81,85.81,boleto,1.0,1.0,-1.0,0.0
3075495437,3f4cc91bbcf1a05dbef15d8f976588bf,1.0,118797947,3801456126,3761277192,2018-07-04,delivered,44.9,7.57,52.47,credit_card,5.0,1.0,-11.0,0.0
4133655982,60ff47e655e87de64037be5d1f09ce7d,1.0,132120224,1934518943,96764808,2018-08-26,delivered,14.9,7.39,22.29,credit_card,1.0,3.0,-1.0,0.0
1675256563,2cedacf09b697a584a5078a5002c7d5d,1.0,4149018884,4255084366,1553669565,2018-07-02,delivered,26.9,8.94,35.84,credit_card,1.0,2.0,-14.0,0.0
345893186,a49b8f92334f6b3b8eef67010a8e53ce,1.0,2442076074,3566619692,3297162626,2018-07-19,delivered,179.17,19.55,198.72,boleto,1.0,14.0,-4.0,0.0
318247193,a49b8f92334f6b3b8eef67010a8e53ce,2.0,2442076074,3566619692,3297162626,2018-07-19,delivered,179.17,19.55,198.72,boleto,1.0,14.0,-4.0,0.0
1247822977,c2544ad612ec331d963be4a4daa7fcfc,1.0,1467032304,3677795901,4254278802,2018-08-22,delivered,99.0,7.95,0.0,unknown,0.0,2.0,-3.0,0.0
4209714041,a648a1e4045712bdac2d6c2524900a13,1.0,2445552346,3202384878,3407541830,2018-07-20,delivered,34.0,7.98,41.98,credit_card,1.0,3.0,-8.0,0.0
2887921709,8e43f2c9b150b717ae56640b5fb64150,1.0,3153967675,1596706791,1379301944,2018-08-05,delivered,44.4,12.04,56.44,credit_card,1.0,3.0,-2.0,0.0
1209018275,3551cfc89b9792b082608627a57d6bc2,1.0,1321827584,4179250180,2323739919,2018-07-21,delivered,280.0,20.06,300.06,credit_card,6.0,5.0,-26.0,0.0
3401734442,8cdd96554616b2466ae2bd275781ef0f,1.0,2221910996,226581046,53223181,2018-08-23,delivered,32.99,7.49,40.48,boleto,1.0,5.0,0.0,0.0
3991702846,09e90e3936db197d43b9bde1291c307d,1.0,1290297887,71000695,1813314038,2018-08-02,delivered,72.9,14.09,86.99,boleto,1.0,7.0,-7.0,0.0
3057796267,6f0bbdaf91746e96253d10fe7e374f7d,1.0,2551102235,3511047975,394552021,2018-08-05,invoiced,219.99,18.17,0.0,unknown,0.0,,,
372131894,b724c12024f2ddd6151b0d8dc88a5823,1.0,479170951,2413621728,2250123381,2018-08-26,delivered,85.0,13.26,98.26,credit_card,1.0,4.0,-11.0,0.0
2570998637,c93d8c5d743044e34a559198afa97c86,1.0,539498799,3294000657,3201324950,2018-08-02,delivered,267.88,21.0,288.88,credit_card,1.0,13.0,2.0,1.0
1963213361,e03e8192ecbedf3c6493ae3c01ba21e3,1.0,3749628676,1400259755,4055463965,2018-07-01,delivered,27.9,17.13,45.03,credit_card,1.0,12.0,-27.0,0.0
1508496564,ab75125adb0d56e4a58e073b90b7b6c6,1.0,2044577826,1060457489,2131055484,2018-07-12,delivered,24.9,7.43,32.33,credit_card,3.0,41.0,31.0,1.0
4290530443,7443eeca92daa9ca934f515628610510,1.0,626458704,1868967132,3664770205,2018-08-04,delivered,215.0,23.44,238.44,credit_card,3.0,14.0,-26.0,0.0
2855062339,43fe8de87e65010ff44d19a21207029d,1.0,3977593161,334502551,1902553100,2018-07-16,delivered,182.0,19.57,201.57,credit_card,8.0,7.0,-9.0,0.0
3980626466,11c9715759819d9b4a3b7708111b3a74,1.0,3779870777,1570442479,596468350,2018-07-25,delivered,89.0,14.93,103.93,boleto,1.0,4.0,-9.0,0.0
1313060944,4fe4c496a13fb35dc73b330ccb988813,1.0,2432635120,1670041201,664830643,2018-07-18,delivered,19.0,7.39,26.39,credit_card,2.0,6.0,-8.0,0.0
2539810393,8fec1057df930bcc1be865fbfef606b4,1.0,4025030915,1531581451,2822333724,2018-07-26,delivered,230.0,28.56,258.56,debit_card,1.0,12.0,-12.0,0.0
935812932,293e34b72465ae7478f59d4d0b3e58ba,1.0,4282247639,708817591,2533375300,2018-07-17,delivered,18.9,13.47,32.37,boleto,1.0,8.0,-8.0,0.0
51836601,197eebbd778d2ac6ee1ca48441bcd80f,1.0,2498581414,592096461,2304947736,2018-08-15,delivered,78.0,15.65,93.65,credit_card,3.0,13.0,-1.0,0.0
2832762026,4bfda23ff0ed8665aa9113bfb4130bf3,1.0,325459263,969012648,1763790356,2018-07-26,delivered,650.0,32.98,682.98,credit_card,4.0,8.0,-6.0,0.0
3120855623,698642d4db0df8b8c4710af6bdff1acc,1.0,2666650601,3760048199,2542375801,2018-07-15,delivered,99.9,14.28,114.18,credit_card,2.0,14.0,-2.0,0.0
886873332,385de16f1457125fdef85002bdc4f7d4,1.0,1827983967,1879620740,2598814270,2018-08-16,delivered,158.9,8.69,167.59,credit_card,2.0,4.0,-3.0,0.0
485715392,7ec78885f0818489a2b5afdff64a81b7,1.0,3324850495,383027693,687121961,2018-07-08,delivered,189.99,19.13,209.12,voucher,1.0,5.0,-18.0,0.0
1274820740,2f98f40416fdda614b3c3b4539ec23cc,1.0,3316427962,3550265033,3267771422,2018-08-16,delivered,95.9,11.69,107.59,credit_card,1.0,4.0,-2.0,0.0
1228557182,b756c448e0699de0783e5e0164f553ba,1.0,178287890,3856999662,1716536501,2018-08-08,delivered,48.9,19.53,68.43,credit_card,1.0,8.0,-8.0,0.0
2257881053,9fc6faedaf0973bdddea7d2672e71923,1.0,4211966136,3151368955,1637578522,2018-07-18,delivered,185.9,20.49,206.39,credit_card,1.0,7.0,-9.0,0.0
3554119181,89d32b64af005178b318f76cd60f2c3c,1.0,3946130118,1220014935,4075804986,2018-07-06,delivered,89.9,14.21,104.11,credit_card,4.0,3.0,-17.0,0.0
3024071642,1cf0b7c4073a483d2badd4824a894b77,1.0,3514872563,2648057459,1615213775,2018-08-13,delivered,69.99,23.29,93.28,credit_card,2.0,8.0,-7.0,0.0
1679590982,7b516384a257b86ecff5692da89c20e0,1.0,4274110507,598022241,4071751220,2018-07-17,delivered,49.9,13.01,62.91,credit_card,1.0,8.0,-6.0,0.0
156322868,0559598ddb2398bb4c202d6efd54f04e,1.0,4117960125,2703301061,1694950908,2018-07-13,delivered,19.9,7.4,27.3,boleto,1.0,11.0,-2.0,0.0
2541678487,16266dcc0650cb074864170843ad9238,1.0,980199362,3788320437,3078712930,2018-07-08,delivered,21.36,13.49,34.85,credit_card,2.0,3.0,-14.0,0.0
929955941,16266dcc0650cb074864170843ad9238,2.0,980199362,3788320437,3078712930,2018-07-08,delivered,21.36,13.49,34.85,credit_card,2.0,3.0,-14.0,0.0
2903744750,ac95b87f13bbd7609c75bfcc17cf3ae7,1.0,1692262740,949860441,663157655,2018-07-20,delivered,139.9,9.14,149.04,credit_card,4.0,7.0,-5.0,0.0
2612139334,737d1628b4fc7ee47b3380c9f1f41991,1.0,4213059048,2860507170,1626002265,2018-08-09,delivered,35.0,18.3,53.3,debit_card,1.0,12.0,1.0,1.0
1312993082,46658d903ac296a4187c4869bd2a3939,1.0,4244978670,1772763084,643988096,2018-08-17,delivered,89.99,14.94,104.93,credit_card,1.0,6.0,-18.0,0.0
674673768,0cbd0d96e2c18087121c68e209f4e8a3,1.0,3864347932,111874196,879502040,2018-08-11,delivered,19.9,12.8,32.7,debit_card,1.0,4.0,-5.0,0.0
1697131521,434b90dea540070a2a53a26185a29552,1.0,557245743,1412551767,3366215599,2018-07-08,delivered,134.9,47.24,182.14,credit_card,6.0,5.0,-24.0,0.0
467780901,a7a9af59fd37637073e26e33f78d015f,1.0,2750434779,893840574,1423184178,2018-08-14,delivered,119.0,9.17,128.17,credit_card,2.0,6.0,0.0,0.0
3907031078,b1cc9d6366adc60f9810891f491b54f5,1.0,906883703,1946620239,3103215707,2018-08-17,delivered,64.9,18.25,83.15,credit_card,4.0,10.0,-15.0,0.0
1967960720,1fb291320c9a5276869ee9f50fe885e2,1.0,3717115543,2930694237,2023461531,2018-07-25,delivered,54.99,18.19,73.18,boleto,1.0,6.0,-8.0,0.0
2646779369,5a7e3486fb94e316c6926e1d6d52749b,1.0,2927821848,1937901390,1622838244,2018-07-27,delivered,199.99,72.05,272.04,credit_card,4.0,5.0,-21.0,0.0
2285382762,aa92022889a8c635cd807d74cc6878f5,1.0,2113433779,1146510429,1553669565,2018-08-22,delivered,49.9,17.56,0.0,unknown,0.0,7.0,-4.0,0.0
3639067332,6d4e74b6495388cdfde5999070ad25d7,1.0,347708246,799122612,1585314166,2018-07-27,delivered,39.0,7.53,46.53,credit_card,1.0,5.0,-6.0,0.0
2400379260,e137acc00a73478b179ca50de0176bbb,1.0,1559178637,2919741735,2082347993,2018-07-18,invoiced,169.99,26.17,196.16,credit_card,3.0,,,
399345491,966c90ba25d70f16e21511a31533928c,1.0,2296142220,1954901884,3485175421,2018-07-27,delivered,84.9,14.9,99.8,credit_card,8.0,6.0,-8.0,0.0
3058957072,4cd51713ee492e2d1ed57e6db22876ae,1.0,3945817269,959004406,3051201525,2018-07-24,delivered,199.0,35.15,234.15,credit_card,10.0,13.0,-10.0,0.0
1988338528,6bb425cfe5c2338ba1386a0114f7fb50,1.0,3206772679,2913102019,549759410,2018-08-20,delivered,47.0,16.6,63.6,credit_card,1.0,2.0,0.0,0.0
2479361599,91d34a183e2eae29ccb607481a4d8ca5,1.0,747912694,576355251,487369962,2018-08-04,delivered,7.0,17.06,0.0,unknown,0.0,3.0,-16.0,0.0
1576148168,7af34335adbe8e29fa3ef500f9f2c270,1.0,924713052,713288933,2304947736,2018-08-10,delivered,78.0,13.21,91.21,credit_card,2.0,5.0,-7.0,0.0
4163669393,7e00454e2e8b8b2e12e9a580ec77f00c,1.0,1881894887,4151650396,1361108180,2018-07-21,delivered,40.0,18.38,65.27,credit_card,6.0,5.0,-12.0,0.0
2131035557,afb8e7d292d49589f6583efcdbda2058,1.0,3737525390,4146794544,1008270582,2018-07-23,delivered,72.0,23.3,95.3,voucher,1.0,8.0,-9.0,0.0
3087496122,01b1800f51715ab76f67caf732206437,1.0,2603406228,1301378230,123833255,2018-07-18,delivered,150.0,44.97,194.97,credit_card,2.0,9.0,-12.0,0.0
3599367784,3f75656d4a9d4b3e18204bae2bd96925,1.0,2053312763,1635192279,2304947736,2018-08-05,delivered,29.0,7.46,36.46,credit_card,1.0,2.0,-2.0,0.0
225816637,5ded6a13b2bbe76839104c57159463b3,1.0,1395686636,2567847414,1567321006,2018-07-06,delivered,93.8,19.85,113.65,credit_card,5.0,7.0,-17.0,0.0
1641313222,ceceaa52ae02dc05d0ce987ed6f6f7f9,1.0,3456161995,3055296281,1379301944,2018-07-22,delivered,6.19,7.87,14.06,credit_card,1.0,5.0,-6.0,0.0
2828797059,be1170e8310ba4a85f3bac68de9f9acc,1.0,116002431,3219534439,205659635,2018-08-10,delivered,110.0,85.7,195.7,credit_card,4.0,11.0,-19.0,0.0
1812275024,0f39e640d202449c6fd3aebf9b09f1fd,1.0,572148758,1880950498,2023461531,2018-08-15,delivered,24.99,15.28,40.27,credit_card,1.0,5.0,-10.0,0.0
3397614408,9f24306ad42ec0b914ff60357df376ff,1.0,802058018,1566704002,2085372711,2018-08-20,delivered,59.0,8.57,67.57,credit_card,2.0,3.0,-5.0,0.0
409305459,55c5a129994903e122566941b7c4189d,1.0,3408521709,1431949791,2580370799,2018-07-15,delivered,34.5,17.17,51.67,credit_card,3.0,12.0,-25.0,0.0
913612753,491d54c8505befdde05293e4e97c16cb,1.0,3324034777,86624738,3297162626,2018-07-29,delivered,65.99,13.12,79.11,boleto,1.0,9.0,-2.0,0.0
3385302311,45435ca6ad009bf6d0b66e2c375a21d6,1.0,343998064,1810111036,2304947736,2018-08-15,delivered,49.0,7.6,56.6,credit_card,2.0,2.0,-4.0,0.0
2960653775,a77391cdf600460b495855e76f6938c8,1.0,720013689,1386532814,1755005248,2018-07-15,delivered,39.9,23.43,63.33,credit_card,5.0,4.0,-14.0,0.0
3240617566,29867728eef5282c4181cbed99246268,1.0,436330187,1135949858,2544243389,2018-07-15,delivered,199.0,32.26,231.26,boleto,1.0,9.0,-17.0,0.0
2467137751,d077407f0f6dccff3bb4224b3aaec82d,1.0,4059016310,2567718718,3909645171,2018-08-02,delivered,14.9,7.39,22.29,credit_card,1.0,4.0,-1.0,0.0
3832683909,86f452af7e6c8314fa5b43b768eb9d0d,1.0,1471120353,3235412599,2060950116,2018-07-19,delivered,59.9,19.61,79.51,credit_card,1.0,9.0,-11.0,0.0
1155097902,baca011f486fa4b0fd171c68fb8957c9,1.0,3939956807,302400981,2304947736,2018-08-11,delivered,49.0,18.44,67.44,credit_card,4.0,9.0,-9.0,0.0
1337138467,a73d469a8747dea1740e9545d1051002,1.0,1093336066,481362847,2841422670,2018-08-27,delivered,517.8,27.71,545.51,boleto,1.0,3.0,-11.0,0.0
51128945,b77c7b2203310a5160f61121eaf97415,1.0,390480213,2174919737,1433983937,2018-07-23,delivered,45.0,15.42,60.42,credit_card,1.0,28.0,7.0,1.0
3566143259,0460d320a0a3d5a59cbc08636053751b,1.0,3014294439,880070998,2622583364,2018-07-25,delivered,119.9,13.5,133.4,credit_card,4.0,4.0,-10.0,0.0
3232523107,5f45459bf082afe966e284649de7df96,1.0,3330033250,1584946977,737969628,2018-07-21,delivered,109.9,15.08,124.98,credit_card,1.0,6.0,-10.0,0.0
703802657,680caaeaa537d89cb256b5538bd02773,1.0,2715662783,216018721,2622583364,2018-08-16,delivered,299.9,20.2,320.1,credit_card,8.0,8.0,-12.0,0.0
3141079862,513aeb569eda09cb3e7bf6aae2ddcdc4,1.0,3073896398,2779990710,3838344707,2018-07-31,delivered,413.91,33.77,447.68,credit_card,4.0,8.0,-11.0,0.0
1453496012,ba8725726da21140bbe12319d7369d39,1.0,4146790681,2701823369,1350631362,2018-08-07,delivered,67.0,51.19,118.19,credit_card,1.0,7.0,-14.0,0.0
1085832223,698718954b64ad9f11e9ef210e72d100,1.0,88749768,578193254,3746284701,2018-08-19,delivered,129.9,13.48,143.38,credit_card,10.0,3.0,-9.0,0.0
258212146,a22775141b5e773fb0dec808e36bf9f4,1.0,833430725,1614293772,4033467469,2018-08-03,delivered,18.8,18.23,37.03,boleto,1.0,19.0,-8.0,0.0
306052238,9b284ead0b827957b9e9ee5f48128bd5,1.0,673198286,131958329,3919369145,2018-07-11,delivered,42.99,23.45,66.44,credit_card,6.0,9.0,-12.0,0.0
233283732,e2b6ff8b7152f1c7bf320b17088bf731,1.0,1095928903,2640827721,487246604,2018-08-09,delivered,89.99,14.21,104.2,credit_card,1.0,5.0,-8.0,0.0
1624017310,ab3a669dbdc7a8d447bb6fc7a158cf94,1.0,2944914892,351598586,3147574442,2018-07-20,delivered,24.9,18.27,0.0,unknown,0.0,6.0,-19.0,0.0
69395064,95c8563ff69b82a5e9345b9f0464f788,1.0,2434033793,4146214106,3051201525,2018-08-15,delivered,56.0,13.97,69.97,credit_card,8.0,6.0,-3.0,0.0
2986957053,95c8563ff69b82a5e9345b9f0464f788,2.0,2434033793,4146214106,3051201525,2018-08-15,delivered,56.0,13.97,69.97,credit_card,8.0,6.0,-3.0,0.0
2000571999,81935e523702224d87bc6b915f51649e,1.0,503146359,2292542890,9861004,2018-07-18,delivered,119.9,104.23,184.43,voucher,1.0,33.0,5.0,1.0
29154241,c5f9f79b60cb1ddfec0fc9556781952e,1.0,1832075674,4030177529,568670513,2018-07-26,delivered,15.89,16.32,32.21,boleto,1.0,11.0,-3.0,0.0
2156675206,b919d851cfb225ed3aaad31f248ed88f,1.0,2918956153,1582312699,2023461531,2018-08-08,delivered,14.99,15.23,30.22,credit_card,1.0,5.0,-3.0,0.0
1742829401,5ddedb27d1d30cb41cda46d654ff3d96,1.0,1559437320,1204892837,874615857,2018-07-29,delivered,75.0,18.63,93.63,credit_card,4.0,5.0,-13.0,0.0
3810699117,72b2fcda503003e4694141745d12c2ee,1.0,2223214488,2515735694,2023461531,2018-08-18,delivered,39.0,18.07,57.07,boleto,1.0,8.0,-10.0,0.0
3671902342,ac6744e4410acdd7696dbc6bb6eca10c,1.0,2483096983,2403915173,1919968767,2018-08-20,delivered,110.32,8.03,118.35,credit_card,5.0,7.0,-1.0,0.0
1246712929,4d800ff31c8c5d493ba7137dbf5b45b7,1.0,2735596793,2642536142,2980841612,2018-07-09,delivered,58.5,7.67,66.17,credit_card,1.0,16.0,-16.0,0.0
2839022156,4d800ff31c8c5d493ba7137dbf5b45b7,2.0,2735596793,2642536142,2980841612,2018-07-09,delivered,58.5,7.67,66.17,credit_card,1.0,16.0,-16.0,0.0
1755993093,0ccc4d2c7102c48188f50be5107fe442,1.0,1146516844,2017551562,1891927730,2018-07-10,delivered,1670.0,68.17,1738.17,credit_card,10.0,3.0,-39.0,0.0
2007516941,dabf944b5665812f782733657428f68b,1.0,4118191759,3761904549,2012735916,2018-07-18,delivered,69.0,50.28,119.28,boleto,1.0,8.0,-7.0,0.0
1318871898,dabf944b5665812f782733657428f68b,2.0,4118191759,3761904549,2012735916,2018-07-18,delivered,69.0,50.28,119.28,boleto,1.0,8.0,-7.0,0.0
3355896742,3c003c58ad1a4915b94afef4b6ca5271,1.0,2845026557,3592904541,3371283952,2018-07-13,delivered,205.09,52.99,258.08,credit_card,5.0,12.0,-28.0,0.0
3362061919,8332829ddb8a92e5e730111419b90bc2,1.0,626485215,700071323,1477869461,2018-07-03,delivered,103.9,18.53,122.43,credit_card,1.0,6.0,-14.0,0.0
22741544,2ad9dad7b4962fc37fd33869e09ae5b6,1.0,2566827939,1966329462,1276368770,2018-08-07,delivered,47.06,11.35,58.41,credit_card,1.0,6.0,-7.0,0.0
837013273,9888a5d5164497efd85f110e29cac580,1.0,1743716169,870882749,1675260091,2018-07-23,delivered,19.0,12.79,31.79,credit_card,1.0,6.0,-8.0,0.0
3349223406,1a0f5914485e7b79c7bd708563bccad0,1.0,1451299679,2455932484,730094745,2018-08-04,delivered,98.0,36.04,134.04,credit_card,3.0,10.0,-16.0,0.0
2336243013,0acd987fec172c76297f6aadad48c67a,1.0,1014047466,2084718145,740847726,2018-07-28,delivered,19.99,7.4,27.39,credit_card,1.0,3.0,-8.0,0.0
1512748180,af0dd2a67b9f1bc277c83ecb2df57f99,1.0,3790917962,1433185033,2612393066,2018-07-12,delivered,189.0,14.15,203.15,credit_card,4.0,1.0,-6.0,0.0
4247628525,618f2dc846a3929a1e61bc34ed6fb267,1.0,1130880124,1963519398,2384848440,2018-07-07,delivered,62.9,16.63,79.53,credit_card,1.0,5.0,-12.0,0.0
1691126758,c28c4378f50e09ee967e830dac65634f,1.0,2564491798,3119780459,1410726319,2018-08-04,delivered,39.9,19.19,59.09,credit_card,2.0,10.0,-9.0,0.0
952219866,6cba904e38ee56184c2b77d9dbc79ccb,1.0,1661930780,3872651698,3142967480,2018-07-19,delivered,34.99,12.91,47.9,debit_card,1.0,4.0,-10.0,0.0
2428891776,1d7542bb5262913fe0516f7943b69a58,1.0,557246103,3694373706,64290190,2018-07-28,delivered,219.0,9.69,228.69,debit_card,1.0,2.0,-2.0,0.0
3084148075,1d7542bb5262913fe0516f7943b69a58,2.0,557246103,3694373706,64290190,2018-07-28,delivered,219.0,9.69,228.69,debit_card,1.0,2.0,-2.0,0.0
2314370341,2935c56eef4b858e80e28d27d3243b33,1.0,2302775872,1641330879,2173695781,2018-07-31,delivered,99.99,50.99,150.98,credit_card,8.0,14.0,0.0,0.0
4030326429,51879b7474407f56048b6c36cc3e263c,1.0,870996080,3968437529,387984413,2018-07-25,delivered,185.49,37.38,222.87,credit_card,10.0,25.0,12.0,1.0
4238348814,7ed980a67023306cce5ada7078003bc6,1.0,3084893279,1096819766,4244763206,2018-08-09,delivered,14.95,7.39,22.34,credit_card,1.0,4.0,-1.0,0.0
706111592,c2c532396648bb54b975a3f2f7845884,1.0,3593902460,1719137553,1073829281,2018-08-19,delivered,24.99,18.28,43.27,boleto,1.0,8.0,-7.0,0.0
1520913230,421deffec215845f8632fb3543789f86,1.0,1832403747,1241208376,2023461531,2018-08-24,delivered,84.99,18.7,103.69,credit_card,1.0,6.0,-12.0,0.0
3402688351,a539050b5ced5a45fbb22fa7a99f2043,1.0,1431277657,2310009894,3488828128,2018-08-15,delivered,52.51,13.71,66.22,credit_card,1.0,7.0,-7.0,0.0
2260374897,783058adb0589c4c5b2f3f748a27485b,1.0,136753832,3482855410,2027895914,2018-08-03,delivered,55.0,51.11,106.11,credit_card,1.0,17.0,-14.0,0.0
1138374661,df51cdd0d48077d8cd198c5033b8dff6,1.0,782791477,3401076056,2699454662,2018-07-28,delivered,32.0,13.8,45.8,credit_card,4.0,5.0,-7.0,0.0
1273188129,04075153ea747446984b909a58edef85,1.0,384511701,3548064169,1868809992,2018-07-20,delivered,35.0,13.83,48.83,credit_card,1.0,6.0,-12.0,0.0
516894625,04075153ea747446984b909a58edef85,2.0,384511701,3548064169,1868809992,2018-07-20,delivered,35.0,13.83,48.83,credit_card,1.0,6.0,-12.0,0.0
3422091094,dac3092fa896a585ef8cfe91762294e5,1.0,3623692338,3104712386,1292371024,2018-07-31,delivered,40.0,13.62,53.62,boleto,1.0,9.0,-13.0,0.0
1273100535,ba2a82359a00bf0bd1f5ae32527a5a40,1.0,2704535423,3219206859,1634107465,2018-08-17,delivered,59.9,13.9,73.8,credit_card,1.0,5.0,-6.0,0.0
1981780414,9902c4cfc248909d6edb216912e16ef0,1.0,3001337064,1074791017,4242829885,2018-07-16,delivered,79.9,21.2,101.1,credit_card,1.0,8.0,-8.0,0.0
4040872769,4d680edbaa7d3d9bed69532957368a03,1.0,3257732738,3025512525,528827331,2018-08-20,delivered,167.0,13.22,205.470869050108,credit_card,10.0,7.0,-35.0,0.0
611040655,4d680edbaa7d3d9bed69532957368a03,2.0,3257732738,3822995878,3676672524,2018-08-20,delivered,59.99,26.44,73.80956547494598,credit_card,10.0,7.0,-35.0,0.0
966910160,4d680edbaa7d3d9bed69532957368a03,3.0,3257732738,3822995878,3676672524,2018-08-20,delivered,59.99,26.44,73.80956547494598,credit_card,10.0,7.0,-35.0,0.0
2361115909,00b12f4674177ef40c4bdb034138c843,1.0,3422798298,2598520537,1868809992,2018-07-15,delivered,105.0,17.87,122.87,credit_card,1.0,5.0,-13.0,0.0
455834858,d640892cc6e635047b062a06b5f9ce32,1.0,1818551561,2196070717,2679036362,2018-08-01,delivered,34.9,12.9,47.8,boleto,1.0,9.0,-2.0,0.0
2084706507,7b57eaf2caa8c4844ecceaca731c93fe,1.0,448964521,2703301061,1694950908,2018-07-16,delivered,19.9,15.24,35.14,credit_card,1.0,6.0,-11.0,0.0
3931589100,558266bfba11bf9a23f7634ee0657f43,1.0,3377807607,3235897518,1358302452,2018-08-13,delivered,38.95,7.53,46.48,credit_card,1.0,3.0,-1.0,0.0
3162345317,8d9a3b767d2f523b2c1cdf4fd7806205,1.0,2584815051,83666581,605810449,2018-07-18,delivered,89.99,19.82,109.81,credit_card,3.0,8.0,-20.0,0.0
1038722379,aa523156b5162b36d717c11ab1d48509,1.0,4063588081,441397869,3514986460,2018-08-09,delivered,229.99,19.41,249.4,boleto,1.0,8.0,-5.0,0.0
4182885047,13cef9e0a4505f2d911e9c4465b5eb22,1.0,3313762700,2646664538,2131055484,2018-08-21,delivered,34.99,12.91,47.9,boleto,1.0,6.0,-9.0,0.0
4221099598,59e87cfa722bf039f1379c56d0f97e07,1.0,2767184438,2707601123,2713847659,2018-08-17,delivered,13.95,18.23,32.18,debit_card,1.0,5.0,-6.0,0.0
1350186473,dd21ec42c62a6f0292861be657c2286e,1.0,3623860303,4076629626,4260964609,2018-08-19,delivered,110.0,18.57,128.57,credit_card,9.0,8.0,-7.0,0.0
4106505609,059162a0bf2726c87dd0359eef84c878,1.0,2152577959,4161384077,3828329115,2018-07-29,delivered,839.99,174.49,1014.48,debit_card,1.0,15.0,-3.0,0.0
1336599607,e13fd2b405c7a3685ff6214f38b86e79,1.0,1818977972,1720659330,2947136883,2018-07-26,delivered,58.9,34.17,93.07,boleto,1.0,7.0,-11.0,0.0
2142162110,c2d986bdce3f3823bbd8b8b4e37f5727,1.0,79687063,2644001207,1987382822,2018-07-23,delivered,682.98,69.23,752.21,boleto,1.0,11.0,-13.0,0.0
2702906147,ad9d242e1b6aefaa8945ca684dfe813d,1.0,4044280233,4271733470,353620887,2018-07-04,delivered,429.9,36.77,466.67,credit_card,9.0,8.0,-18.0,0.0
3122156410,8c600fe7313f8812bb80d7049fb7031a,1.0,2811598292,764378714,84469676,2018-08-14,delivered,189.9,19.63,209.53,credit_card,4.0,10.0,-12.0,0.0
1988827445,0096668e5b0b8e9657a6f7209a4e58b4,1.0,301813483,3969958778,1503930686,2018-07-11,delivered,166.9,13.47,180.37,credit_card,2.0,68.0,60.0,1.0
1377243036,204438d765af0adaf4edd282a01c735e,1.0,3767169362,3689882842,1125369443,2018-08-08,delivered,59.9,18.52,78.42,credit_card,1.0,7.0,-5.0,0.0
3735998222,bb52ced4489bd747f0cd5a314b973f0e,1.0,1680711152,4204890639,3857787359,2018-07-14,delivered,30.99,22.15,53.14,boleto,1.0,12.0,-17.0,0.0
1866878111,5bee1275a1f504f2f52c69e8a0533a2d,1.0,2317077727,3478202829,918571473,2018-07-15,delivered,155.97,8.35,164.32,debit_card,1.0,12.0,-5.0,0.0
4227077191,d4308c105262daee5f407e855f5c1e25,1.0,2006211174,4102193398,2681412629,2018-07-08,delivered,79.99,18.66,98.65,credit_card,2.0,9.0,-13.0,0.0
904650619,b249bb5bc00cfbe2ce917a5a07c72b46,1.0,799715111,1930135429,3186732875,2018-07-28,delivered,132.8,18.99,151.79,credit_card,2.0,4.0,-27.0,0.0
3240115969,37d93a1b01875ccff7ffb170b763b796,1.0,2785468663,3183400179,1207458958,2018-08-09,delivered,44.9,19.5,64.4,credit_card,2.0,7.0,-19.0,0.0
2188505546,3f698de643d49203acf6e773a09ff631,1.0,3921820682,3443978768,3988340529,2018-08-04,delivered,209.0,14.76,223.76,boleto,1.0,8.0,-3.0,0.0
3070247907,13359bb817972f7492a922fa64a69cad,1.0,4210363368,1186560943,261066546,2018-07-21,delivered,28.89,23.91,39.27082785808148,credit_card,1.0,5.0,-14.0,0.0
1219580214,13359bb817972f7492a922fa64a69cad,2.0,4210363368,2036129729,261066546,2018-07-21,delivered,118.8,2.1,161.4875164257556,credit_card,1.0,5.0,-14.0,0.0
337989884,13359bb817972f7492a922fa64a69cad,3.0,4210363368,1186560943,261066546,2018-07-21,delivered,28.89,23.91,39.27082785808148,credit_card,1.0,5.0,-14.0,0.0
2729598083,13359bb817972f7492a922fa64a69cad,4.0,4210363368,1186560943,261066546,2018-07-21,delivered,28.89,23.91,39.27082785808148,credit_card,1.0,5.0,-14.0,0.0
3123354778,0dfe811c6d5e59581eb93ef96fc13d72,1.0,812428800,2163436565,523493826,2018-07-09,delivered,59.99,23.14,83.13,boleto,1.0,17.0,-5.0,0.0
801074967,a3885d945bd33bb3665635ea049b46e4,1.0,3558306295,3420221311,123833255,2018-07-20,delivered,32.0,16.41,48.41,credit_card,2.0,7.0,-10.0,0.0
1220645105,7c62cf0327c291a9f3d7d3394b4c0166,1.0,1543286163,3647862846,1577801571,2018-08-12,delivered,58.0,17.34,75.34,credit_card,1.0,4.0,-10.0,0.0
2679844241,14849d6088ff7e250be24f360af91c07,1.0,1421422372,4127033778,447945570,2018-08-21,delivered,19.0,17.26,36.26,credit_card,2.0,7.0,-16.0,0.0
2516755245,ccaa7f476eec8a9922ac7193691d310b,1.0,444903105,1987955700,53223181,2018-07-01,delivered,40.49,18.38,58.87,credit_card,1.0,4.0,-22.0,0.0
743393753,935cbf337f50d03fc7ecfb5a601dc7fc,1.0,372406565,1171928057,484457503,2018-07-25,delivered,38.5,19.18,57.68,debit_card,1.0,7.0,-14.0,0.0
2451586119,9b961b894e797f63622137ff7eb1c1af,1.0,707806995,1396880812,2177050865,2018-08-11,delivered,1107.0,148.71,1255.71,credit_card,10.0,9.0,-17.0,0.0
1744932154,db4ce50c00a40c05fc3ad1b73abb3189,1.0,1114197039,605831788,3003813525,2018-08-21,delivered,18.9,14.58,33.48,credit_card,1.0,6.0,-3.0,0.0
3630987437,15008182975b6283817426f03e9f79a7,1.0,488841814,3274548680,394552021,2018-08-17,delivered,219.99,24.3,244.29,credit_card,3.0,6.0,-26.0,0.0
536173624,58941328547eb733f03a9d179aa7313c,1.0,3026055562,1694379415,2082347993,2018-07-03,delivered,119.98,23.78,143.76,credit_card,6.0,20.0,-9.0,0.0
1978646031,8a57df5bc496d7439886b2f23b58f56e,1.0,384408477,478650092,236054194,2018-08-02,delivered,151.3,12.08,163.38,credit_card,4.0,4.0,-1.0,0.0
2976022226,72957a7ebd28baf4446a71d68ff98de5,1.0,1456702459,1506192027,4193115790,2018-07-08,delivered,38.9,11.29,50.19,credit_card,3.0,4.0,-7.0,0.0
4210158197,1fed2f02e296e7767a2eea3dc76f69bb,1.0,2133619150,898523551,737969628,2018-07-22,delivered,79.9,14.87,94.77,credit_card,1.0,5.0,-10.0,0.0
367722965,c3c8037bfac88b34744bb96cfed9c7f7,1.0,737555365,2998809140,1803873909,2018-08-06,delivered,149.99,23.85,173.84,boleto,1.0,7.0,-9.0,0.0
1913726175,b081a26ca9566254713995a623e0941e,1.0,1790283470,1580958033,1088547109,2018-08-06,delivered,159.9,64.92,224.82,credit_card,10.0,10.0,0.0,0.0
3679992505,c3fe6314b2bcaa6de6f9611550dfa399,1.0,972125821,989238954,2722740119,2018-08-03,delivered,209.0,24.61,233.61,credit_card,4.0,20.0,-32.0,0.0
4231785894,11aab800a7e398a77f8f1a28a74092ea,1.0,4058006059,2772596656,3326062316,2018-07-04,delivered,384.9,20.79,405.69,boleto,1.0,20.0,-9.0,0.0
134978895,c2f065051bb7c9e7f88ebc998f332968,1.0,3707169092,2355181102,3780624245,2018-07-31,shipped,29.9,7.47,37.37,credit_card,3.0,,,
2032884217,372f8e1a08cbd807194b89b3c31a448a,1.0,3306947130,466100461,30982368,2018-08-25,delivered,2300.0,28.4,2328.4,credit_card,10.0,3.0,-2.0,0.0
692055030,0695bd018cbf6e999fad4c321b32d26d,1.0,3573035491,557587542,2612393066,2018-07-13,delivered,39.9,20.99,60.89,credit_card,6.0,10.0,-25.0,0.0
288996960,1c20a41a4a868fe36f6a5caa0a2abb2f,1.0,2328646641,2125340963,213195857,2018-08-23,delivered,27.9,11.22,39.12,credit_card,1.0,4.0,-3.0,0.0
1183639607,58065f9a7440bface5400a5cf953ff93,1.0,965193884,3986081894,3234005918,2018-07-22,delivered,129.9,15.98,145.88,credit_card,1.0,4.0,-13.0,0.0
3391535577,c48a91a7cfb7c545883da4020ea3555c,1.0,1859449296,3239363638,1868809992,2018-07-14,delivered,228.0,49.97,277.97,credit_card,2.0,6.0,-13.0,0.0
3713907182,15b5597f4ace3db6ea01c54d433187ce,1.0,38044658,3893262747,1912895863,2018-07-13,delivered,370.47,43.57,414.04,credit_card,8.0,10.0,-8.0,0.0
3928126153,7d9222bcb9fbdafc453620f32f6fb996,1.0,16212831,1434217375,2665511671,2018-07-28,delivered,34.9,17.17,52.07,credit_card,1.0,6.0,-11.0,0.0
79879352,945425732a4ff01eed5bfc09c1d5bd7f,1.0,3816913965,4294399807,2308685613,2018-08-05,delivered,82.49,13.24,95.73,credit_card,8.0,4.0,-13.0,0.0
3053924931,bf65b4dfd8ce84479e31f38c67b18312,1.0,1140125273,1503292861,856338408,2018-08-14,delivered,14.9,15.23,30.13,credit_card,3.0,8.0,-7.0,0.0
3547160967,465dd2ffa0a3037d69ecd75c4e987e4d,1.0,2240243465,3735505983,3743845763,2018-08-08,delivered,490.0,22.62,512.62,credit_card,6.0,7.0,-15.0,0.0
1733867753,5c4e6dc9331f62136e1d51c2af608af9,1.0,321439487,3460354221,487055631,2018-08-15,delivered,99.0,13.99,114.2282572842221,credit_card,10.0,8.0,-31.0,0.0
2464547486,5c4e6dc9331f62136e1d51c2af608af9,2.0,321439487,2952424396,1615213775,2018-08-15,delivered,82.9,13.99,95.6517427157779,credit_card,10.0,8.0,-31.0,0.0
1932699731,650e96bb8f069e30f346534aa42860a7,1.0,2511580622,2276075493,3815004478,2018-08-10,delivered,39.49,8.44,47.93,credit_card,2.0,4.0,-2.0,0.0
3161959884,17be7ed9263bf0ea1f2e8ad91f699dac,1.0,3536225669,3239363638,1868809992,2018-08-06,delivered,228.0,49.97,277.97,credit_card,2.0,13.0,-11.0,0.0
3289727182,7960d74e96a2fc6a608c4bb2d622f456,1.0,2876594133,4199844602,4291701553,2018-07-20,delivered,35.0,9.0,44.0,credit_card,1.0,4.0,-8.0,0.0
1716983699,7960d74e96a2fc6a608c4bb2d622f456,2.0,2876594133,4199844602,4291701553,2018-07-20,delivered,35.0,9.0,44.0,credit_card,1.0,4.0,-8.0,0.0
3315648630,542ed9dd96bd38be14a8dfa8abc13065,1.0,873437202,1720060514,9861004,2018-07-18,delivered,49.9,20.99,70.89,boleto,1.0,5.0,-9.0,0.0
3885649339,8b6ed0131b6379b73b0dc313d55eb377,1.0,2959046902,462937979,2490225171,2018-07-28,delivered,25.0,12.84,37.84,boleto,1.0,8.0,-8.0,0.0
968871268,aa390c2a8b1889cbd84765ef2268fbcc,1.0,257892377,1720060514,9861004,2018-07-19,delivered,49.9,41.33,91.23,voucher,1.0,11.0,-17.0,0.0
32315135,445cd794c7ff61866803ea314dabe645,1.0,4031660018,3525775204,935749508,2018-07-16,delivered,41.0,13.87,54.87,credit_card,3.0,7.0,-6.0,0.0
4173921975,6cc8ea41e721d4a32913da4bb2179069,1.0,2062812131,1001416972,2303787513,2018-08-20,delivered,75.0,21.17,96.17,credit_card,2.0,3.0,-6.0,0.0
3602112096,141d7ee98d9a50269f84d9a3c5330cba,1.0,675566257,305276024,123833255,2018-08-28,delivered,30.0,8.37,38.37,credit_card,1.0,2.0,-1.0,0.0
2245240899,bf17a7202282460d2e5bdb15bfc64373,1.0,1824861838,650566202,1763790356,2018-08-06,delivered,219.0,18.46,237.46,boleto,1.0,7.0,-4.0,0.0
2323536164,47ef13fca91bfb3e48014e107c728081,1.0,1091749479,1127842366,213195857,2018-08-14,delivered,56.9,11.42,68.32,credit_card,1.0,2.0,-1.0,0.0
4228773496,abb71252913999175f6eee9cc4ea672a,1.0,3359129859,101048405,2622583364,2018-07-30,delivered,102.9,18.82,121.72,debit_card,1.0,15.0,-8.0,0.0
2057170704,4c4a931a93ef9f28f4746db1e2e0e753,1.0,123620871,2516968594,2618172898,2018-07-05,delivered,104.0,23.53,127.53,credit_card,1.0,8.0,-19.0,0.0
941684151,4c4a931a93ef9f28f4746db1e2e0e753,2.0,123620871,2516968594,2618172898,2018-07-05,delivered,104.0,23.53,127.53,credit_card,1.0,8.0,-19.0,0.0
1949343898,4c4a931a93ef9f28f4746db1e2e0e753,3.0,123620871,2516968594,2618172898,2018-07-05,delivered,104.0,23.53,127.53,credit_card,1.0,8.0,-19.0,0.0
4017754671,4c4a931a93ef9f28f4746db1e2e0e753,4.0,123620871,2516968594,2618172898,2018-07-05,delivered,104.0,23.53,127.53,credit_card,1.0,8.0,-19.0,0.0
2411255587,24bf227d444a1df7957f78e6f03bc5b6,1.0,1960736200,3786138219,2580370799,2018-07-23,delivered,97.89,16.88,114.77,voucher,1.0,16.0,-13.0,0.0
3675563724,83a748270a134df5ad432092f4e26e4d,1.0,542242021,3159158105,2031026716,2018-07-02,delivered,138.9,8.44,145.8226622207796,credit_card,10.0,1.0,-28.0,0.0
2125319721,83a748270a134df5ad432092f4e26e4d,2.0,542242021,2414994494,2031026716,2018-07-02,delivered,199.99,8.45,209.9573377792204,credit_card,10.0,1.0,-28.0,0.0
3608516822,0fc5deb2df203e00080d925c2c8d1dfd,1.0,135697665,452140698,728604636,2018-07-21,delivered,179.9,23.01,202.91,credit_card,9.0,7.0,-10.0,0.0
1199775579,29d3f2fc23b7f95b28dbe5e3ef783d93,1.0,4161457962,3195167069,1059084950,2018-08-06,delivered,249.9,37.1,0.0,unknown,0.0,7.0,-4.0,0.0
2021120936,4d4c65feca16bc9de359cb5d4feef10d,1.0,2522693606,1480509886,3025054395,2018-07-06,delivered,48.99,23.49,72.48,voucher,1.0,18.0,-8.0,0.0
1801162430,4d4c65feca16bc9de359cb5d4feef10d,2.0,2522693606,1480509886,3025054395,2018-07-06,delivered,48.99,23.49,72.48,voucher,1.0,18.0,-8.0,0.0
825471199,4fa1036b592aee1a8008e9dc0a7158c3,1.0,160635751,4038207482,3366215599,2018-07-09,delivered,269.9,43.64,313.54,credit_card,15.0,11.0,-10.0,0.0
3122600218,dbd32517a2d3acd957e41d6c4a8a8a49,1.0,3465535344,3197110837,1919968767,2018-07-03,delivered,91.55,7.9,99.45,credit_card,1.0,7.0,-7.0,0.0
3616332579,b3c22881ab836451fc66d6cbf6a2083e,1.0,2996488949,3179268240,1868809992,2018-07-13,delivered,120.0,74.79,194.79,credit_card,3.0,11.0,-9.0,0.0
3560571153,59e6562672571d67f137e34fbb297c93,1.0,2523297300,1413324773,2354683314,2018-08-19,delivered,28.9,15.3,44.2,credit_card,2.0,5.0,-19.0,0.0
4156668368,36edc30bd66f88355cadd2129f0dfcd3,1.0,3461567260,1744789303,2250522530,2018-08-17,delivered,67.0,15.57,0.0,unknown,0.0,6.0,-12.0,0.0
205064179,36edc30bd66f88355cadd2129f0dfcd3,2.0,3461567260,1744789303,2250522530,2018-08-17,delivered,67.0,15.57,0.0,unknown,0.0,6.0,-12.0,0.0
2132970800,36edc30bd66f88355cadd2129f0dfcd3,3.0,3461567260,1744789303,2250522530,2018-08-17,delivered,67.0,15.57,0.0,unknown,0.0,6.0,-12.0,0.0
716517561,d2df2c8001cece568604ec609cef2167,1.0,614609122,1835761817,167484701,2018-08-07,delivered,15.9,7.39,23.29,credit_card,1.0,6.0,-3.0,0.0
348977213,37e5725572d3cbd7aad103b730f9232a,1.0,4249826424,2227863240,3397218519,2018-08-20,delivered,47.33,9.08,56.41,credit_card,2.0,9.0,2.0,1.0
194273705,0c305fc5f37a5b8e64e24b2ea39b7aad,1.0,3723903437,4076305723,935749508,2018-08-08,delivered,80.0,14.14,94.14,credit_card,3.0,7.0,-1.0,0.0
918676606,7fef121b6b48a89fc1f2699d31476d50,1.0,143277402,3179268240,1868809992,2018-07-19,delivered,120.0,36.9,135.96794871794873,credit_card,10.0,5.0,-13.0,0.0
3849219367,7fef121b6b48a89fc1f2699d31476d50,2.0,143277402,1255003981,1868809992,2018-07-19,delivered,254.4,12.92,288.2520512820513,credit_card,10.0,5.0,-13.0,0.0
2910614681,1a70c0ce7afbcfbad9123d6c029f5ad6,1.0,305121497,4294399807,2308685613,2018-08-05,delivered,82.49,8.74,91.23,debit_card,1.0,2.0,-7.0,0.0
757076258,2ea2d6cf4749783ad428586c538b4580,1.0,2779379263,3807068534,3626123686,2018-08-20,delivered,83.0,23.73,106.73,credit_card,5.0,7.0,-16.0,0.0
1273965289,4b42a606687e048a7a33669b84bf8690,1.0,1723885960,1695511242,1399826378,2018-07-28,delivered,47.9,24.69,72.59,credit_card,3.0,19.0,-34.0,0.0
884910082,4b42a606687e048a7a33669b84bf8690,2.0,1723885960,1695511242,1399826378,2018-07-28,delivered,47.9,24.69,72.59,credit_card,3.0,19.0,-34.0,0.0
2255474372,8fe825d77766b84755ebf0c58017e4ea,1.0,2840755087,1381614497,3106288757,2018-08-12,delivered,15.9,15.23,31.13,credit_card,1.0,9.0,-2.0,0.0
974006353,b84385348baedce597620569ed44593e,1.0,1918773195,1954539847,4027816933,2018-08-06,delivered,184.0,15.6,199.6,credit_card,1.0,4.0,-4.0,0.0
1231211790,3216e9aab2494253d39f045d704d1b71,1.0,644809077,3424958680,3746284701,2018-08-20,delivered,29.9,18.31,48.21,credit_card,1.0,9.0,-11.0,0.0
3565246530,423e3739c511dd6b0752a064f9f20527,1.0,2806127709,1802136663,4163232810,2018-07-12,delivered,14.99,7.39,22.38,credit_card,1.0,17.0,7.0,1.0
495244768,333b06740724c40dc56a7f790d46df00,1.0,906877965,2867825817,3485175421,2018-07-19,delivered,68.5,14.06,82.56,boleto,1.0,6.0,-8.0,0.0
2676076946,0987363c91de454d42d084b84a691f99,1.0,167842148,3478202829,918571473,2018-07-15,delivered,155.97,8.35,164.32,credit_card,4.0,10.0,-7.0,0.0
1489362598,731eb375d1d241e31221637ee6e5ef56,1.0,2779599744,3000080493,3003813525,2018-07-01,delivered,43.98,23.46,67.44,credit_card,1.0,8.0,-31.0,0.0
1081794966,13c4b2056317a73b1c143edc8cf0219e,1.0,2322213362,3576188852,2201845614,2018-07-18,delivered,20.0,22.07,42.07,voucher,1.0,12.0,-21.0,0.0
2045267133,a83cf2c3eb9eb4370ba4d38c591fab3d,1.0,4125755145,3341796654,1568244061,2018-08-15,delivered,44.05,18.11,62.16,boleto,1.0,13.0,-21.0,0.0
2132955406,772bb5d1c259f2731fb87d079c3808f0,1.0,3832745300,2197789024,2304947736,2018-08-03,delivered,38.0,7.53,45.53,boleto,1.0,7.0,2.0,1.0
1086601469,5b0a937c574c108a5e2359af5665b99a,1.0,3445947546,221567132,1765806340,2018-07-23,delivered,195.0,36.6,231.6,credit_card,3.0,7.0,-22.0,0.0
156489755,d65e0d373069ac61e2aa3f9212451d44,1.0,125220177,65248227,1018258220,2018-08-08,delivered,84.65,13.8,98.45,credit_card,4.0,2.0,-7.0,0.0
889033103,34eb84795617859f326a6615f0fff940,1.0,2250773228,1854885462,3865820653,2018-07-02,delivered,69.0,19.67,88.67,boleto,1.0,8.0,-15.0,0.0
2914729402,38d008f131c77e33467b6aee3636927a,1.0,3916336356,1307736255,581044507,2018-07-11,delivered,195.5,19.47,214.97,credit_card,8.0,14.0,-7.0,0.0
3755201698,dd8be73e85782b63839fa3ef40ac6710,1.0,3564845288,3564532706,4086780073,2018-08-12,delivered,109.0,65.21,174.21,credit_card,5.0,16.0,-13.0,0.0
1752960574,64f25972cba1c6faca4f32c7ac90e3c2,1.0,1865786385,2032437896,1350631362,2018-08-03,delivered,139.0,19.07,158.07,credit_card,2.0,11.0,-6.0,0.0
3983128357,72c81a6a9dcf354f87393c361caa13ce,1.0,977041120,1301378230,123833255,2018-07-20,delivered,150.0,16.35,166.35,credit_card,2.0,4.0,-6.0,0.0
1625549881,cb2957ca3cf764ff3a56c6f07e724f72,1.0,2622518562,1841309325,759851738,2018-08-13,delivered,249.9,66.08,315.98,credit_card,4.0,7.0,-6.0,0.0
609035239,ade5cd7237fbcad3ccc1177645e6884f,1.0,2971718393,2495106546,2580370799,2018-07-22,delivered,139.9,22.91,162.81,credit_card,1.0,6.0,-30.0,0.0
2832336690,3e0c3cab458e8b3cc8d1d38ecb7e7775,1.0,1365735247,1819643303,1868809992,2018-07-29,delivered,78.0,27.53,105.53,credit_card,2.0,16.0,-7.0,0.0
2449778963,b42c74ef741f507b421d3dfb4949178f,1.0,2116898333,4108567932,2023461531,2018-08-26,delivered,119.0,8.99,127.99,credit_card,1.0,1.0,-2.0,0.0
3188318317,82aad85e20d52a3ebdf5d42b6352a1fa,1.0,2837956525,615929951,3147574442,2018-08-10,delivered,79.0,18.78,97.78,credit_card,3.0,5.0,-5.0,0.0
2053107803,1df5ad6aeceb5bb17ae3e7a095592d23,1.0,1058969363,1475688023,4092442184,2018-07-31,delivered,1295.0,77.22,1372.22,credit_card,1.0,7.0,-9.0,0.0
2591281982,42326771e9fef8586133e2e6102f87ca,1.0,79506704,4113005167,2487708955,2018-07-10,delivered,399.0,120.91,519.91,boleto,1.0,16.0,-12.0,0.0
257029736,30eb48d11917481e5af28f68d39002e9,1.0,1842664722,586633925,3103215707,2018-07-31,delivered,139.99,21.84,161.83,credit_card,3.0,7.0,-8.0,0.0
2089807669,41ecdff9b0271b1886aecfab66d5a75a,1.0,4079642989,3972362744,4160630161,2018-07-01,delivered,59.9,13.08,72.98,credit_card,1.0,3.0,-16.0,0.0
2220107858,6651f029ead38cdcfbbe495f5cce1e4a,1.0,2730918356,3195456401,819761952,2018-07-25,delivered,33.49,18.33,51.82,boleto,1.0,8.0,-14.0,0.0
3496329073,391e4611402ae83da47d1402febe6cc5,1.0,1759488245,1390094175,1415924549,2018-07-21,delivered,54.72,51.1,105.82,credit_card,4.0,12.0,-19.0,0.0
3067290960,565a7bc14e1f825b163c6a51d74f4206,1.0,2732173059,1977582752,3034887517,2018-08-07,delivered,92.97,23.45,116.42,credit_card,8.0,23.0,2.0,1.0
1408985989,c2cc8d0823730be302a4ebe1d96339fe,1.0,4239510919,3436869893,1054741655,2018-08-21,delivered,75.07,7.79,82.86,credit_card,3.0,1.0,-2.0,0.0
2098575095,31c4a715904421d812d0301cbebaed46,1.0,3320080571,3053131839,817416274,2018-07-26,delivered,209.0,15.77,224.77,credit_card,5.0,4.0,-10.0,0.0
11085942,9ed6ff68c038e8845f2f84d08fba359b,1.0,865625645,114973473,129539472,2018-08-15,delivered,170.9,12.22,183.12,debit_card,1.0,1.0,-6.0,0.0
2809873540,7737b48ac906ed0be3c192bb1fc4c4ef,1.0,3121285917,1277571969,1763790356,2018-08-07,invoiced,170.0,10.32,180.32,credit_card,3.0,,,
842602129,199303a694a579a221dd258585150f89,1.0,1236545218,4208498116,1379301944,2018-07-04,delivered,171.15,17.48,188.63,boleto,1.0,8.0,-8.0,0.0
4198362474,4ed418ef4e45eb8f9b22aee4366e9541,1.0,3561766833,3892629844,1993625437,2018-08-10,delivered,48.9,16.53,65.43,voucher,1.0,10.0,-3.0,0.0
2425255424,a2386b09b362176b550c64e738a7dfa8,1.0,2254196440,3149716786,2395580491,2018-08-04,delivered,245.0,33.86,278.86,credit_card,1.0,12.0,-12.0,0.0
4044302549,d2787e74c073dd7a21b4e4a873abd9f1,1.0,52480507,753065148,2304947736,2018-08-14,delivered,209.0,19.56,228.56,boleto,1.0,8.0,-11.0,0.0
2809777733,ceea2adacb3702fbbefb45ea65f5cd90,1.0,3225195240,1300220470,2580370799,2018-08-22,delivered,229.9,24.33,254.23,credit_card,2.0,6.0,-9.0,0.0
3443565556,1e28e69f84e592969c53f666961fb156,1.0,4285744895,1162035385,3258001668,2018-07-25,delivered,40.0,12.0,51.995,voucher,1.0,11.0,-30.0,0.0
2262879864,1e28e69f84e592969c53f666961fb156,2.0,4285744895,1162035385,3258001668,2018-07-25,delivered,40.0,12.0,51.995,voucher,1.0,11.0,-30.0,0.0
4239085086,ae2fb0f5aec36b2a6b058602dc941fb1,1.0,612691542,2673733492,1073829281,2018-08-02,delivered,29.99,15.31,45.3,credit_card,1.0,6.0,-14.0,0.0
542893519,06d6f2f9ce499ed49d414ff36f583abf,1.0,352292117,920357489,519564207,2018-08-16,delivered,134.99,23.75,158.74,credit_card,8.0,7.0,-7.0,0.0
50335267,06d6f2f9ce499ed49d414ff36f583abf,2.0,352292117,920357489,519564207,2018-08-16,delivered,134.99,23.75,158.74,credit_card,8.0,7.0,-7.0,0.0
2934457919,40425c5224829e5cc488f67f75f28d5f,1.0,2058107623,2991322462,3169644834,2018-08-17,delivered,117.0,58.9,175.9,credit_card,4.0,7.0,-11.0,0.0
860931669,bad054a64079f59dc3bc7519fe1f7b9f,1.0,1346777915,174750780,523493826,2018-08-08,delivered,122.99,30.11,153.1,credit_card,4.0,11.0,-21.0,0.0
773435827,adb1802d9eaab059b7b624f5013159c0,1.0,1527503041,349525395,1464160362,2018-07-31,delivered,19.9,15.44,35.34,credit_card,1.0,2.0,-33.0,0.0
1584270515,adb1802d9eaab059b7b624f5013159c0,2.0,1527503041,349525395,1464160362,2018-07-31,delivered,19.9,15.44,35.34,credit_card,1.0,2.0,-33.0,0.0
594341664,adb1802d9eaab059b7b624f5013159c0,3.0,1527503041,349525395,1464160362,2018-07-31,delivered,19.9,15.44,35.34,credit_card,1.0,2.0,-33.0,0.0
3792265331,99a3d4b1228bc02abf9eec5d9a7a742d,1.0,2773416791,3901438848,825382268,2018-07-17,delivered,109.9,19.96,129.86,credit_card,1.0,8.0,-18.0,0.0
4024374844,62d68905605e2398997788c26b9e0096,1.0,3572652914,2919741735,2082347993,2018-07-07,delivered,169.99,56.84,226.83,credit_card,3.0,25.0,-15.0,0.0
890998248,baed302a19771a88ccd8d3f8b6368e55,1.0,726914491,2707439138,3488828128,2018-08-17,delivered,35.9,13.59,49.49,credit_card,1.0,6.0,-7.0,0.0
1231076701,559f0bbfa2518e102877dcb7f65735ef,1.0,682774087,3172378861,839101989,2018-07-04,delivered,39.99,11.3,51.29,credit_card,1.0,2.0,-11.0,0.0
4201694559,82494202b66a95f0b6298e21f88b95ad,1.0,2190485972,1427547609,3282783941,2018-08-16,delivered,69.9,15.59,85.49,credit_card,1.0,11.0,-7.0,0.0
2207790872,64c1efac740d3ad7dc7f0c3bf425fd7a,1.0,1812576322,2390391351,2304947736,2018-08-22,delivered,99.0,17.62,116.62,credit_card,3.0,7.0,-14.0,0.0
968361386,9781bfa503ca3104435070afafacd54e,1.0,465911991,146879488,1289588719,2018-07-23,delivered,428.0,69.59,497.59,boleto,1.0,9.0,-18.0,0.0
911562386,29dcc211b6fbfa81282284c9dc344da1,1.0,1158521002,2414929463,581044507,2018-07-24,delivered,155.0,13.75,168.75,credit_card,2.0,3.0,-18.0,0.0
788446494,bcfd2ea0ccf2b146eedf2384af0bf6ea,1.0,2459951547,3099542940,274025264,2018-08-16,delivered,44.9,8.82,53.72,boleto,1.0,4.0,0.0,0.0
3597236484,8003335035c9770dd19bb3906577ae60,1.0,3417089182,593812312,4120033478,2018-08-02,delivered,118.9,39.1,158.0,credit_card,7.0,8.0,-11.0,0.0
4190353917,5fe5d71d980a06a81a0f27c614ddf0a4,1.0,3406766539,3545611960,2304947736,2018-07-25,delivered,55.0,19.3,74.3,credit_card,3.0,8.0,-13.0,0.0
4144689497,da61998714e3b9c6399161f0225b63d8,1.0,618300579,1743796179,1616967395,2018-07-20,delivered,459.0,17.51,476.51,credit_card,4.0,7.0,-13.0,0.0
884206700,5eba6d8afdd49d9208232bbd26e9fd0f,1.0,3144270181,2016755666,123833255,2018-07-22,delivered,89.9,26.93,116.83,credit_card,2.0,4.0,-17.0,0.0
1696062023,a71be8f3b8729c021b536bb8e7471000,1.0,2548015437,194524727,2055133150,2018-08-16,delivered,76.45,13.2,89.65,credit_card,3.0,7.0,-5.0,0.0
4036119126,92ffa55d1d1e77f655127aac213c1e38,1.0,7187107,2162193436,2873104879,2018-07-27,delivered,290.0,38.94,328.94,boleto,1.0,10.0,-11.0,0.0
2781451414,a85ca5795f5b9095cd0be276b40cfb8f,1.0,3292679069,2811530439,2368201577,2018-08-17,delivered,229.0,38.51,267.51,credit_card,1.0,6.0,-11.0,0.0
2630904777,20b919e05f847a4e3adcb4352ee309b8,1.0,160660885,1195193061,733774970,2018-08-06,delivered,49.99,44.15,94.14,credit_card,4.0,8.0,-15.0,0.0
1984084087,a2e8f1f731b30517a6d0e1889d1c7e35,1.0,1406028387,428405373,47085388,2018-08-14,delivered,40.0,13.62,53.62,boleto,1.0,3.0,-24.0,0.0
743023772,90920bdae23654268e339ea8f19f0ae8,1.0,2188673196,3267338557,856338408,2018-07-20,delivered,17.9,12.79,30.69,boleto,1.0,8.0,-10.0,0.0
2866431037,13f12afcd38859a0ce8e667475326c44,1.0,2084306302,774870517,918571473,2018-07-15,delivered,136.0,19.86,155.86,credit_card,3.0,14.0,-17.0,0.0
2631252284,321449a02a8bb4029e39f54fe306be0b,1.0,4279508019,2348018956,1480205621,2018-07-07,delivered,144.9,19.11,164.01,credit_card,3.0,5.0,-19.0,0.0
3411787285,e223ccde32fd470414931d963b07c4f8,1.0,1875350371,642827039,817416274,2018-08-16,delivered,129.0,15.21,144.21,credit_card,3.0,12.0,2.0,1.0
4006403904,04d3e9115c05c6494aa7c1063f96db5e,1.0,3726793273,1857638905,2880307388,2018-07-12,delivered,119.85,23.64,143.49,voucher,2.0,13.0,-13.0,0.0
1379939288,677b75c94abaf28f434d9f1be4c12808,1.0,1013358834,735609117,2054166637,2018-08-14,delivered,59.9,8.58,68.48,credit_card,1.0,2.0,-3.0,0.0
2302714844,c14b0a3faf28a3052b92646eeae4799a,1.0,743703573,3149468529,250985049,2018-08-01,delivered,54.9,13.72,68.62,credit_card,1.0,18.0,-3.0,0.0
1557721598,c87cf593c8c9e0e59f1039a2bb8e5d44,1.0,143772948,3266412466,818805068,2018-08-07,delivered,427.9,75.75,503.65,credit_card,5.0,7.0,-6.0,0.0
3959525212,d974607c57ca915767ed00355b0a7bcb,1.0,1314460756,2963068463,3773013363,2018-07-31,delivered,149.0,9.79,158.79,boleto,1.0,3.0,0.0,0.0
551569111,ae6bb3767e72eb4b280e50c3d46ed9ba,1.0,212438707,3223670663,1716536501,2018-07-27,delivered,48.9,19.53,68.43,credit_card,1.0,7.0,-13.0,0.0
815040715,b6f5abd372e047f666f90ef9456c4eb4,1.0,2931734534,2293128468,4120033478,2018-08-15,delivered,369.9,24.52,394.42,credit_card,8.0,9.0,-17.0,0.0
3231381921,34f6873b6342bc990245336b01a81a1c,1.0,2366886832,3435686977,523493826,2018-07-07,delivered,64.99,27.74,92.73,credit_card,1.0,13.0,-10.0,0.0
2443283794,a055f8239d18a2008883be78eb09cf41,1.0,2052543749,177320649,1557592361,2018-08-04,delivered,58.9,19.6,90.67,credit_card,9.0,8.0,-11.0,0.0
509498725,0f3c5ae029d4593f5dad8e97e29ffdad,1.0,1280840847,3188601629,236054194,2018-08-14,delivered,95.2,16.86,0.0,unknown,0.0,5.0,-9.0,0.0
4158192080,7ae84ff984c3b48b715c8f3130bf97b2,1.0,1127195180,3735505983,3743845763,2018-08-01,delivered,488.0,19.61,507.61,credit_card,8.0,9.0,-14.0,0.0
2908311701,41fd531c328f5d4a978b612a04dc576b,1.0,1145997085,3203899544,1565580883,2018-08-10,delivered,95.28,18.91,114.19,credit_card,2.0,5.0,-7.0,0.0
2852227965,a1534509a270687ff2247cebc502baae,1.0,1549516939,2992823587,1914769873,2018-07-28,delivered,129.49,22.21,151.7,boleto,1.0,9.0,-7.0,0.0
14366846,48c624d7fc96b46021a6e12536c643fb,1.0,3502285632,1159501270,1868809992,2018-08-14,delivered,159.8,16.42,176.22,credit_card,5.0,6.0,0.0,0.0
1392687618,7d42eb0f5a0a60cb5b96a044a3fb4668,1.0,2169029661,2743232940,2886549658,2018-07-17,delivered,22.0,15.25,37.25,credit_card,1.0,3.0,-18.0,0.0
845673274,b313e45e823639cb00b2bbeca8ea7aa6,1.0,3891635049,1626993168,3024217810,2018-08-09,delivered,30.0,18.31,48.31,credit_card,1.0,18.0,3.0,1.0
1781987378,9dcfd5e81815f361cac59d41e752483e,1.0,1695979980,1150114816,1716536501,2018-07-24,delivered,48.9,23.49,72.39,credit_card,1.0,6.0,-14.0,0.0
430334818,ca43f8e8a9bf6a143bdfe24cc9fa5c1d,1.0,722175855,3537585960,1919968767,2018-07-24,delivered,110.32,8.03,118.35,credit_card,8.0,6.0,-4.0,0.0
725850046,8514ad13664259c7e1bc7cbaa34826f0,1.0,4260498337,1552957226,1360122595,2018-07-27,delivered,57.7,22.68,80.38,credit_card,1.0,12.0,-20.0,0.0
3439431941,52a0c9afd6d3a9c61af74ea1149c494e,1.0,413080640,1496081798,3193283800,2018-07-18,delivered,69.99,14.07,84.06,credit_card,1.0,8.0,-7.0,0.0
876632295,79172945447a2dd29abbffd445a99205,1.0,2046627088,1010609886,123833255,2018-08-05,delivered,25.0,7.44,32.44,debit_card,1.0,5.0,0.0,0.0
571828428,622f616838747771f377b27f47f2d21a,1.0,3850038619,2063903206,2490225171,2018-08-24,delivered,100.59,9.45,110.04,boleto,1.0,6.0,-5.0,0.0
1861816461,8f31b05b300b9648b988906d899b97e1,1.0,3601306724,231041745,796664912,2018-08-03,delivered,109.22,9.52,118.74,credit_card,3.0,4.0,-2.0,0.0
1166075947,3e8ef04f228ea2e33b19ff30e0e61f38,1.0,2694759691,2372481701,3909645171,2018-08-25,delivered,11.9,15.73,16.768322496749022,credit_card,6.0,3.0,-9.0,0.0
2720966312,3e8ef04f228ea2e33b19ff30e0e61f38,2.0,2694759691,3041404490,2626732951,2018-08-25,delivered,65.0,15.73,91.59167750325098,credit_card,6.0,3.0,-9.0,0.0
2086328400,95442deb81a5d91c97c0df96b431634a,1.0,2551890103,1047745688,1968527714,2018-07-19,delivered,169.0,15.49,184.49,boleto,1.0,7.0,-7.0,0.0
2749297724,95442deb81a5d91c97c0df96b431634a,2.0,2551890103,1047745688,1968527714,2018-07-19,delivered,169.0,15.49,184.49,boleto,1.0,7.0,-7.0,0.0
3992752898,979fdfc1766453994df684ee9637ec80,1.0,2573138886,1219629496,1856359935,2018-07-12,delivered,45.0,86.21,131.21,boleto,1.0,13.0,-15.0,0.0
4291656370,70a33c9dba6b43724e350938120b3e4f,1.0,2295416595,3085528915,730094745,2018-08-02,delivered,24.9,7.43,32.33,credit_card,1.0,4.0,-7.0,0.0
2798071930,bfcec91a0841313fabd35ed075e4a8f5,1.0,2614392173,2673733492,1073829281,2018-08-14,delivered,29.99,7.47,37.46,boleto,1.0,8.0,2.0,1.0
954873610,acf6e912a8db79e50ddd2fe14628e89c,1.0,1496608823,2534479773,204084822,2018-08-08,delivered,38.0,9.02,47.02,credit_card,1.0,6.0,-1.0,0.0
2452465179,04e00ba23c33890eaee39b02e8185cc2,1.0,1145795278,200357935,1702792411,2018-07-25,delivered,33.9,14.4,53.41,credit_card,5.0,4.0,-23.0,0.0
3067261917,c23118f80a11f1fe5147253748fc761e,1.0,597013839,1916995752,1562587860,2018-08-09,delivered,122.99,9.02,132.01,credit_card,1.0,4.0,-2.0,0.0
3626254988,c1fccaa7401a0afd72cf89d7c2f806df,1.0,429437180,2207622087,2082347993,2018-07-16,delivered,69.99,23.2,93.19,credit_card,3.0,18.0,-6.0,0.0
2847363154,c1fccaa7401a0afd72cf89d7c2f806df,2.0,429437180,2207622087,2082347993,2018-07-16,delivered,69.99,23.2,93.19,credit_card,3.0,18.0,-6.0,0.0
1229099690,c1fccaa7401a0afd72cf89d7c2f806df,3.0,429437180,2207622087,2082347993,2018-07-16,delivered,69.99,23.2,93.19,credit_card,3.0,18.0,-6.0,0.0
4266949301,60e04ef7b695b4d6bae420059a317028,1.0,2169540391,3430358107,596468350,2018-08-08,delivered,59.0,14.72,73.72,credit_card,4.0,4.0,-16.0,0.0
1655581572,235d0ef0d8ee3f66ac576093363be5d0,1.0,3605102548,669198414,2880307388,2018-07-20,delivered,119.85,11.86,131.71,boleto,1.0,17.0,-1.0,0.0
1762204527,a602aea3a8a3551032ed0214a2006707,1.0,3311255804,2364987807,1734769477,2018-07-03,delivered,114.9,23.6,138.5,credit_card,2.0,6.0,-15.0,0.0
2140500196,b9fd88cc9e5734657e5b5936d5227367,1.0,3295393307,1202292985,389971305,2018-07-12,delivered,47.9,22.27,70.17,credit_card,7.0,13.0,-23.0,0.0
785489992,35c2d3179daf2ef475f47ff2d29c068e,1.0,450359996,1118237897,753329531,2018-08-13,delivered,179.9,20.45,200.35,credit_card,2.0,7.0,-16.0,0.0
3723150931,d24d442123cc3d36a0be0d75bf90689b,1.0,390190839,50927214,3777428918,2018-08-21,delivered,27.19,7.45,34.64,boleto,1.0,7.0,-1.0,0.0
1571260521,2dae216bbee4c8d68c31c55db7a98b71,1.0,3389242081,1799036717,2494108194,2018-07-06,delivered,634.4,15.46,649.86,credit_card,10.0,5.0,-12.0,0.0
3177433049,06ecfa8dfae87263e05d953aa561603d,1.0,3667323239,1345766636,1503930686,2018-08-15,delivered,107.9,23.56,131.46,credit_card,13.0,6.0,-7.0,0.0
1266654093,b2cc014ee51b0ca758fa72abdc54d199,1.0,2041489115,3699310393,3865820653,2018-07-06,delivered,130.0,53.26,183.26,credit_card,2.0,12.0,-26.0,0.0
3212052306,5b514a1a40e8cd51a1f35c2df28da032,1.0,2993691875,174750780,523493826,2018-07-17,delivered,122.99,30.11,0.0,unknown,0.0,17.0,1.0,1.0
3976211091,6694b68ebe1f4dff3b22fbbfff33d80a,1.0,1513125583,422100425,3503366785,2018-08-07,delivered,36.75,12.92,49.67,credit_card,1.0,10.0,2.0,1.0
3538079897,499a762fa72fde835e39b03db3b95cbf,1.0,475135522,2829272417,890939886,2018-08-25,delivered,31.0,8.97,39.97,credit_card,2.0,4.0,-1.0,0.0
2132150942,8e743fa5bfb68898e6435685df2c2fd5,1.0,900770057,885842039,2286765136,2018-07-25,delivered,280.0,40.23,320.23,credit_card,4.0,20.0,-8.0,0.0
1465035992,8062490d9761653cd11d048a96f875d4,1.0,2444782615,321311993,1047686341,2018-07-25,delivered,16.9,15.23,32.13,credit_card,1.0,4.0,-14.0,0.0
1452602086,4f7a513a13ed6efd9b603b1590b9ae1d,1.0,1115183603,4018925513,3665199732,2018-07-23,delivered,255.0,43.61,298.61,credit_card,2.0,3.0,-15.0,0.0
1030795451,42113ccffae542a6aee6b921c765d59e,1.0,2583249809,3360511537,1547468088,2018-08-03,delivered,118.13,20.02,138.15,voucher,1.0,4.0,-9.0,0.0
2459065816,4df371955120c03af473cf4160cb6c65,1.0,3544047118,902435566,4185397625,2018-08-17,delivered,87.0,11.63,98.63,debit_card,1.0,7.0,0.0,0.0
2766855091,05871d52118762aaae93a3682fc5fe2f,1.0,365316163,4046811562,3945229046,2018-07-31,delivered,329.0,60.31,389.31,credit_card,4.0,15.0,-7.0,0.0
395124560,c0cf146482b7d822885b26755491195b,1.0,840476734,315293809,1025327516,2018-08-09,delivered,25.0,8.34,33.34,credit_card,1.0,3.0,-1.0,0.0
1194997117,9bd5c53e69d9f7ddcd2ac219938bb4be,1.0,1948317199,1984384427,1008270582,2018-07-30,delivered,126.99,27.19,154.18,boleto,1.0,10.0,-7.0,0.0
1100035173,1431c3eda8ad65df1ad5982488e1a011,1.0,778487959,3989278709,3873348354,2018-08-04,delivered,49.9,17.48,67.38,credit_card,10.0,4.0,-7.0,0.0
2245479513,1431c3eda8ad65df1ad5982488e1a011,2.0,778487959,3989278709,3873348354,2018-08-04,delivered,49.9,17.48,67.38,credit_card,10.0,4.0,-7.0,0.0
1145293869,1431c3eda8ad65df1ad5982488e1a011,3.0,778487959,3989278709,3873348354,2018-08-04,delivered,49.9,17.48,67.38,credit_card,10.0,4.0,-7.0,0.0
2600280527,1431c3eda8ad65df1ad5982488e1a011,4.0,778487959,3989278709,3873348354,2018-08-04,delivered,49.9,17.48,67.38,credit_card,10.0,4.0,-7.0,0.0
1714777396,43d6342125d8088b91c7075c954bc592,1.0,2403680878,4253559920,728604636,2018-08-05,delivered,75.9,18.58,94.48,credit_card,1.0,4.0,-6.0,0.0
3074761401,2c85266fde39a3694a2b4f7917680ff6,1.0,19531212,2702386596,2308685613,2018-08-16,delivered,112.49,8.95,0.0,unknown,0.0,4.0,-2.0,0.0
3881190237,cadf75f0c2e29639d54ff0430d98e9f7,1.0,2133453560,2564649717,455940136,2018-08-04,delivered,142.0,27.94,169.94,credit_card,10.0,6.0,-6.0,0.0
1195670285,7c0a8e739e7de73b6258885fc6fc32d1,1.0,4131157050,1245653087,819761952,2018-07-20,delivered,43.0,8.04,51.04,credit_card,1.0,4.0,-7.0,0.0
3378878481,0b685cd6f272b410ca1a0cd1fbf0a548,1.0,3699397103,2353784209,2612393066,2018-07-24,delivered,69.9,18.29,88.19,credit_card,2.0,7.0,-8.0,0.0
3829828241,2b4ddcfd05002739cb1f110eda444800,1.0,2180365667,3420492889,3404539086,2018-08-10,delivered,169.72,12.21,181.93,voucher,1.0,4.0,0.0,0.0
432573300,652dd1e43c57c5f82622cd0d4ec1c376,1.0,641069976,542736941,3267771422,2018-08-01,delivered,29.9,19.4,49.3,boleto,1.0,6.0,-8.0,0.0
194516327,3910f99fe841cb26a6adddc96249d3c8,1.0,916353321,264231931,1612681572,2018-07-23,delivered,105.0,23.02,128.02,credit_card,10.0,12.0,-11.0,0.0
2651013006,bd61a1bf4bb521167f6718320f9f5508,1.0,2139680401,2341317777,3958952303,2018-08-17,delivered,179.0,15.56,194.56,credit_card,8.0,6.0,-33.0,0.0
1654820775,bd61a1bf4bb521167f6718320f9f5508,2.0,2139680401,2341317777,3958952303,2018-08-17,delivered,179.0,15.56,194.56,credit_card,8.0,6.0,-33.0,0.0
355533497,0c6a2732270e3f0f66bd73dbde93b59e,1.0,2505444164,2695237158,856338408,2018-08-01,delivered,13.99,7.39,21.38,voucher,1.0,3.0,-6.0,0.0
386919298,d6006084ef6702485445b9f51feea594,1.0,1647519494,3304897236,1870756114,2018-08-10,delivered,59.9,18.52,78.42,credit_card,1.0,6.0,-6.0,0.0
3373748067,4f209a7c48b44a32ff3196ddbfb4d67e,1.0,3220834239,997549828,3404539086,2018-07-21,delivered,143.28,13.66,156.94,credit_card,3.0,6.0,-10.0,0.0
2047331543,972976cb62fb977bfbc253219799e486,1.0,3871969881,2366880175,520545560,2018-07-20,delivered,26.9,12.85,39.75,credit_card,1.0,19.0,1.0,1.0
3650769363,838f8e96cf584a1d8d22eaf7143c7772,1.0,1358155547,1182282329,2629314654,2018-07-04,delivered,22.99,7.42,30.41,credit_card,1.0,5.0,-7.0,0.0
2143631719,0c47aeb0b91c17647935a2b53c38d083,1.0,1279638069,1901680026,3773013363,2018-08-13,delivered,219.0,10.28,229.28,credit_card,5.0,1.0,-1.0,0.0
825035500,aeb70ca14a984230b34a6cbf48fe6d8a,1.0,3169416048,191006474,1870756114,2018-07-26,delivered,46.99,21.56,61.36231380337637,credit_card,8.0,4.0,-21.0,0.0
137870713,aeb70ca14a984230b34a6cbf48fe6d8a,2.0,3169416048,1574295344,2851853482,2018-07-26,delivered,93.99,21.56,122.73768619662364,credit_card,8.0,4.0,-21.0,0.0
2398383855,0d702a2aa767d3a728780f8b61e31a46,1.0,2236593258,302400981,2304947736,2018-08-06,delivered,49.0,7.6,56.6,boleto,1.0,3.0,0.0,0.0
2758168886,6fa0c125ee7d870f6602c97e33d87bc5,1.0,3733128214,602609548,2090364660,2018-08-09,delivered,31.99,15.32,45.71,debit_card,1.0,8.0,-6.0,0.0
2376765606,2355668b3f4f5c92b35d3aea796b9ba1,1.0,223892959,2425662477,357383673,2018-07-12,delivered,116.0,13.47,129.47,credit_card,1.0,11.0,-8.0,0.0
3753815207,35439f221b37eefcebad6204ba171769,1.0,1180012011,3137298482,1512163182,2018-07-09,delivered,58.0,13.75,71.75,credit_card,1.0,7.0,-21.0,0.0
2075163028,9ac146c59c6dae84516a85362fdbbebf,1.0,2531334753,2216978836,2023461531,2018-07-28,delivered,29.99,8.37,38.36,credit_card,1.0,3.0,-2.0,0.0
1388930381,cc4d93f6168576ed18519d77a72cc7c6,1.0,716343024,2609076917,2102163508,2018-08-11,delivered,109.0,9.51,118.51,credit_card,3.0,2.0,-3.0,0.0
1203327695,d4f741989d0d75562bfd588ee996fbb7,1.0,1215679023,3420221311,123833255,2018-07-19,delivered,32.0,8.99,40.99,credit_card,2.0,6.0,-1.0,0.0
3026300617,beabca800e15404a84eddcf4f176eddb,1.0,1688315461,2827367123,861245626,2018-08-05,delivered,69.9,7.91,77.81,credit_card,1.0,8.0,-3.0,0.0
1325844175,1ee34237b5f6da17a68b98f9f27e4a4c,1.0,261716452,949013637,250985049,2018-07-27,delivered,119.5,22.77,142.27,credit_card,2.0,5.0,-22.0,0.0
1534346801,7dd829472da0fa5d56b7eb94ec5be1b1,1.0,2356381389,1409897071,3404539086,2018-08-18,delivered,111.27,15.88,127.15,credit_card,2.0,8.0,-9.0,0.0
1401464001,7b5dc68850daf14f7b74396f30647f6e,1.0,3894988204,218452538,4086780073,2018-07-26,delivered,79.0,22.37,101.37,voucher,2.0,5.0,-13.0,0.0
3193014829,7eeab59050f13c229ebf63251ac10d3e,1.0,2316590824,3327808101,1672091742,2018-08-21,delivered,19.99,18.24,38.23,credit_card,1.0,6.0,-32.0,0.0
1767938049,e14f6f76cb42187a0831a2baf117f608,1.0,1058809126,3909295976,3399680435,2018-08-07,delivered,209.9,110.14,320.04,credit_card,10.0,8.0,-15.0,0.0
642930813,878b914d30233eb8a3e4ff4465a4ef49,1.0,36980972,1229564874,2231770250,2018-07-20,delivered,999.9,27.61,1027.51,credit_card,10.0,10.0,-8.0,0.0
474739490,a41f5b62cf8316e5a500ef6a6f3fe2b8,1.0,506037838,104553482,2622583364,2018-08-22,delivered,216.0,19.61,235.61,boleto,1.0,5.0,-9.0,0.0
952641993,8915f28a46b2efbff3bea6e8b1981fa9,1.0,4149691618,1494745719,2090364660,2018-07-07,delivered,105.99,21.38,127.37,credit_card,2.0,6.0,-13.0,0.0
1906391191,b7e65c7d814aa068f3b16bf2a1299490,1.0,3204985005,4201050027,3743845763,2018-07-25,delivered,479.0,16.93,495.93,credit_card,4.0,6.0,-12.0,0.0
1168629053,9ddadedc86122b4be334ddb751017997,1.0,349348434,1880102823,2060950116,2018-07-05,delivered,119.0,43.11,162.11,credit_card,3.0,3.0,-21.0,0.0
3015080022,57bc74eb1e10edbb55d22d71b35d9b72,1.0,2758815067,670876899,1358302452,2018-08-08,delivered,115.9,15.91,131.81,debit_card,1.0,4.0,-11.0,0.0
4013191137,c0a8ef94e050fd7fb74a3757be5b3da0,1.0,387543139,3038694483,581044507,2018-07-03,delivered,119.0,13.49,132.49,credit_card,3.0,2.0,-19.0,0.0
3400651080,0e6f08a9522bf9b1287fb24ab250dd81,1.0,3294107611,2566828945,1379301944,2018-08-13,delivered,166.29,9.85,176.14,credit_card,1.0,2.0,-5.0,0.0
1984128616,649bb84817768858f695a41b42207285,1.0,2701623663,3925803884,1026558515,2018-08-07,delivered,179.9,51.98,231.88,credit_card,4.0,7.0,-27.0,0.0
3938150914,387434cf05d72ade8396f5d198ecf697,1.0,839056124,3081952929,737969628,2018-07-20,delivered,74.9,14.1,89.0,credit_card,1.0,7.0,-6.0,0.0
342230792,9c05cf9f770e4c24707995b849ee5212,1.0,3597208963,3286585782,3667124800,2018-08-03,delivered,49.9,15.45,65.35,credit_card,1.0,10.0,-4.0,0.0
778322728,d959ee7331f023b51bfaa71be6f7342d,1.0,3081644797,3982215663,1803873909,2018-07-06,delivered,129.9,15.22,145.12,credit_card,3.0,7.0,-12.0,0.0
261704505,6cc170c0199d6d09ed3ae398bbfe01af,1.0,2608753727,3145832848,3034887517,2018-07-23,delivered,99.0,23.84,122.84,credit_card,6.0,10.0,-18.0,0.0
2669858559,409d692c7314744b643ae98e8a11e1b5,1.0,3961129225,2518283899,3186732875,2018-08-14,delivered,89.9,20.58,110.48,boleto,1.0,6.0,-11.0,0.0
1376446132,1c2c2ef84bd5a49273a5db738b6bcc7a,1.0,4244793682,1872937554,53223181,2018-08-15,delivered,49.49,7.61,57.1,credit_card,1.0,2.0,-2.0,0.0
726214584,d468753370018732c4766866dfc1878e,1.0,4277450835,685406600,2722740119,2018-07-06,delivered,209.0,15.04,224.04,boleto,1.0,17.0,-8.0,0.0
2992399689,2f5758117287c5c403d6051eca12b99c,1.0,3213547489,693494451,3402013889,2018-08-21,delivered,95.52,7.93,103.45,credit_card,2.0,1.0,-5.0,0.0
223391229,7e53dc06e288a32ea7adf566d1452bc8,1.0,2475127955,3487625985,2775148626,2018-08-21,delivered,28.0,11.22,39.22,boleto,1.0,2.0,-6.0,0.0
1102321710,87ebcd73de7c03e3ba13f9e9466c15c5,1.0,3493827338,756887227,3957555298,2018-08-13,delivered,228.9,32.47,261.37,credit_card,6.0,17.0,-19.0,0.0
2415530340,bc6014a7596f64eb97713e00e2c9f7c9,1.0,1109149447,2398684513,2507420777,2018-07-13,delivered,499.9,63.58,563.48,credit_card,10.0,20.0,-19.0,0.0
3782481382,bc6bbd933ea8d286847d6eb88c6083ed,1.0,519726878,2082537512,2870196462,2018-08-03,invoiced,18.15,15.23,33.38,credit_card,1.0,,,
2463661581,dced68d765c92476f957de16fe116ecc,1.0,1387128005,1103724453,2745162286,2018-08-17,delivered,69.9,16.68,86.58,credit_card,1.0,7.0,-12.0,0.0
4206921567,696a70ec4283b80f3e55c6181754d2a3,1.0,1276525547,2670103571,3267771422,2018-08-21,delivered,74.9,11.54,86.44,boleto,1.0,3.0,-3.0,0.0
3683549281,ddbc0e193a190c97a92bdb12aed510b8,1.0,2315426895,3203899544,1565580883,2018-08-11,delivered,95.28,12.13,0.0,unknown,0.0,4.0,-4.0,0.0
879901487,240143ab3914b9052e329d80e795b1c9,1.0,1207087214,302400981,2304947736,2018-08-04,delivered,49.0,17.34,43.0535593220339,credit_card,2.0,10.0,-14.0,0.0
2367347947,240143ab3914b9052e329d80e795b1c9,2.0,1207087214,2911624243,2304947736,2018-08-04,delivered,69.0,17.34,60.62644067796611,credit_card,2.0,10.0,-14.0,0.0
703799864,44d2ec7f124befc9d02cd313f1af14c5,1.0,3392908743,2991322462,3169644834,2018-08-09,delivered,117.0,25.69,142.69,boleto,1.0,6.0,-2.0,0.0
2564307404,5a17b93e01d5660d0973ea3701f5cbbd,1.0,3314280220,996194263,1125369443,2018-07-31,delivered,90.0,20.58,110.58,boleto,1.0,6.0,-9.0,0.0
496321596,c7bcf14cf0fa48837a78fe5cc16b6934,1.0,4267083495,3226316213,918571473,2018-07-11,delivered,539.0,18.87,557.87,credit_card,4.0,20.0,-8.0,0.0
3904874667,6fea02b03afef8797df7b9fd8efb3f5f,1.0,2874370324,1265627297,1021285084,2018-07-30,delivered,210.9,49.16,260.06,credit_card,4.0,21.0,3.0,1.0
2564980235,57dc6b3da91b628f302119769d64de8f,1.0,3523958662,1625880629,3557398281,2018-08-17,delivered,221.6,75.5,297.1,boleto,1.0,7.0,-11.0,0.0
598267100,707fec00567dfaa251bc610a0c0cd056,1.0,1625798684,2670103571,3267771422,2018-08-14,delivered,74.9,11.54,86.44,boleto,1.0,5.0,-2.0,0.0
570394324,88e8f243cb82b7e343068eb8073f388e,1.0,3741694175,3398080153,1734769477,2018-08-17,delivered,239.9,32.55,272.45,voucher,1.0,11.0,-24.0,0.0
3102563647,3006835c4c3c11d4869c6bd3d346dca0,1.0,2385399319,2609951366,4109428959,2018-08-06,delivered,11.87,12.79,24.66,credit_card,2.0,10.0,-18.0,0.0
2833890742,c1ba2eff47cfb7e4dc93b12ee08f21ed,1.0,4100410389,2497209898,3681078781,2018-07-13,delivered,200.0,16.5,216.5,credit_card,3.0,12.0,-12.0,0.0
3459874331,c03748652e7cdfeb73bf4aa3b41da0dc,1.0,913897243,3816159708,4162716033,2018-07-11,delivered,75.0,32.82,90.38634658664668,credit_card,5.0,1.0,-20.0,0.0
10909409,c03748652e7cdfeb73bf4aa3b41da0dc,2.0,913897243,45820869,1870756114,2018-07-11,delivered,249.9,16.41,301.1673068267067,credit_card,5.0,1.0,-20.0,0.0
2156990566,c03748652e7cdfeb73bf4aa3b41da0dc,3.0,913897243,3816159708,4162716033,2018-07-11,delivered,75.0,32.82,90.38634658664668,credit_card,5.0,1.0,-20.0,0.0
3076569367,bbd075138de407e9200e1ea630a57227,1.0,2158202502,3762722294,4156473050,2018-08-20,delivered,25.54,7.44,32.98,credit_card,1.0,3.0,-1.0,0.0
1596220125,419db5644c25cb5226f64b9b0e4897c8,1.0,2661956659,1402906775,1423184178,2018-07-10,delivered,145.0,16.12,161.12,boleto,1.0,13.0,-2.0,0.0
1664647643,d4c47f44b9e6605aade474a5df5cc56c,1.0,1627338208,2932628131,2388076256,2018-07-19,delivered,258.5,49.06,307.56,credit_card,4.0,3.0,-4.0,0.0
2455759647,3a48968afb1c79c3f512c758c202537c,1.0,1507911256,2455000416,1740114931,2018-07-31,delivered,74.9,14.1,89.0,credit_card,4.0,5.0,-2.0,0.0
1075195551,1cf95378918960ac4f215e2a436dc18c,1.0,2473898455,4239875717,3575513113,2018-07-19,delivered,189.9,13.99,203.89,credit_card,8.0,7.0,-8.0,0.0
3162767698,241eaf5ff29c3e08e2efc61f6f87e44b,1.0,751609299,2048751412,1696683105,2018-08-02,delivered,24.53,7.43,31.96,credit_card,1.0,6.0,1.0,1.0
2710090139,0cf4406688aab4ea5593cc48304e8887,1.0,2736182152,3020204375,960009223,2018-08-09,delivered,24.99,7.44,32.43,boleto,1.0,5.0,0.0,0.0
55906164,d7ae451c4d63fe188ba2e8787a3852bc,1.0,713857780,2171143845,3383264847,2018-08-18,delivered,60.9,16.7,77.6,credit_card,2.0,5.0,-4.0,0.0
97410231,2da6df6ecc3f69f3642ce1fafad85d5a,1.0,3803215880,3753237484,1813314038,2018-08-07,invoiced,45.9,9.63,55.53,credit_card,1.0,,,
2171687285,96908b69c6dfbc8e2c29c2a2142a93a1,1.0,4209647294,2476026356,2979217487,2018-07-08,delivered,29.8,3.16,38.39740875912409,boleto,1.0,5.0,-10.0,0.0
3286681951,96908b69c6dfbc8e2c29c2a2142a93a1,2.0,4209647294,1705452331,1017497319,2018-07-08,delivered,25.0,12.65,32.21259124087591,boleto,1.0,5.0,-10.0,0.0
2013332,518a29937a972f0eb47a811a8bf44642,1.0,3129370871,34222964,2014339942,2018-07-31,delivered,50.0,22.17,72.17,credit_card,1.0,3.0,-12.0,0.0
151398124,230571d6e34263b58881343939b5baea,1.0,670539713,894245840,926823165,2018-07-11,delivered,9.0,12.79,21.79,credit_card,1.0,2.0,-12.0,0.0
823310169,782af21dd678b879fae4f0f0d80bfda9,1.0,2677252984,429685790,2304947736,2018-08-08,delivered,49.0,7.6,56.6,credit_card,2.0,1.0,-3.0,0.0
4256570568,7e9c655f89ac314e5a2d5fe87c63df1d,1.0,3665763102,3030995603,1361108180,2018-07-16,delivered,249.99,20.94,270.93,credit_card,4.0,3.0,-11.0,0.0
1410918460,67d06af97696c95df2bb26acf82db637,1.0,289696364,1941483084,1571264779,2018-08-09,invoiced,89.0,23.42,112.42,credit_card,1.0,,,
1329631864,0ba4f7e89d304a02edca85087abfd14c,1.0,2988607131,215299087,407461500,2018-08-13,delivered,849.0,21.04,870.04,credit_card,10.0,17.0,-56.0,0.0
1896998599,c4efe9b9dcdeb1a96497a8f580c1e411,1.0,1074418025,4103582293,1694950908,2018-07-26,delivered,49.3,22.28,71.58,credit_card,3.0,13.0,-14.0,0.0
1777957000,7150a9da273995bcf6c7c5beeb3e5c42,1.0,2298677460,2468114771,1393673581,2018-07-18,delivered,49.0,51.06,100.06,credit_card,1.0,8.0,-14.0,0.0
1719474571,790eaf31f63a94f924509397ed8b15c2,1.0,3508907074,1621722146,1734769477,2018-07-19,delivered,269.9,35.65,305.55,credit_card,6.0,8.0,-19.0,0.0
3183421295,af7f16b96e01b9947638321949f672d5,1.0,897906755,3004841604,357383673,2018-07-06,delivered,129.9,20.47,0.0,unknown,0.0,8.0,-17.0,0.0
842701012,66b7e4ff35d62613a10899d4eb442216,1.0,2308422628,3452738577,2681412629,2018-07-23,delivered,49.99,18.45,68.44,boleto,1.0,8.0,-9.0,0.0
3715033918,317e2a850e41487363a134bb3369262b,1.0,1801108732,2873934164,1480205621,2018-08-14,delivered,228.8,52.32,281.12,credit_card,10.0,7.0,-27.0,0.0
1324356445,4e3cc1c522e0aef1e726d2f9eaeb8807,1.0,4145635464,1767393916,3129531441,2018-07-04,delivered,60.0,18.52,78.52,credit_card,3.0,5.0,-16.0,0.0
1039850921,224417719168eaea9497efd016f3bd43,1.0,3144260198,4114507059,1994919736,2018-07-18,delivered,86.0,22.53,108.53,credit_card,4.0,26.0,-9.0,0.0
3556241244,58fbaad9a29e6929f8e0281886302d8b,1.0,2683657069,3698918344,2304947736,2018-07-02,delivered,55.0,7.65,62.65,credit_card,3.0,1.0,-13.0,0.0
1217428815,2db03cab424d6d9008c2dce7d6757ef1,1.0,1142191583,2992823587,1914769873,2018-08-09,delivered,129.49,27.21,156.7,boleto,1.0,11.0,-3.0,0.0
1987560652,a217507ac495620d9a403939c9604703,1.0,1715115802,1225418480,3670166590,2018-08-06,delivered,24.99,8.34,33.33,voucher,1.0,11.0,8.0,1.0
2072467503,3ecd4d06af8d5179eb36b73b96f88f2c,1.0,567616227,4129470107,4033467469,2018-07-04,delivered,29.9,13.79,43.69,credit_card,2.0,7.0,-12.0,0.0
1988087780,21f4b58b45fe418aed605934ec0ae1d2,1.0,3174917448,412877893,1276368770,2018-07-12,delivered,127.27,20.08,0.0,unknown,0.0,8.0,-13.0,0.0
4073508501,cb4d0ce750b3542055ae832b4d3bcca4,1.0,3485966776,258434650,2131055484,2018-08-26,delivered,18.99,7.39,26.38,debit_card,1.0,1.0,-9.0,0.0
1489608421,cb4d0ce750b3542055ae832b4d3bcca4,2.0,3485966776,3192200266,2131055484,2018-08-26,delivered,18.99,7.39,26.38,debit_card,1.0,1.0,-9.0,0.0
53905675,6fa25e5deedf726d264d6714ac4a8ab4,1.0,3631277373,3677795901,4254278802,2018-08-03,delivered,99.0,8.85,107.85,credit_card,6.0,5.0,0.0,0.0
4065226091,6fa25e5deedf726d264d6714ac4a8ab4,2.0,3631277373,3677795901,4254278802,2018-08-03,delivered,99.0,8.85,107.85,credit_card,6.0,5.0,0.0,0.0
113384337,6fa25e5deedf726d264d6714ac4a8ab4,3.0,3631277373,3677795901,4254278802,2018-08-03,delivered,99.0,8.85,107.85,credit_card,6.0,5.0,0.0,0.0
289271159,a3e9e5209110a0dcfe5b20b01e6a69e7,1.0,736793893,2524891674,1343178736,2018-07-14,delivered,890.0,28.16,918.16,credit_card,9.0,18.0,-5.0,0.0
1945956236,06daa9224cad114ece451ff00c20d49f,1.0,1367508459,4294399807,2308685613,2018-08-19,delivered,80.9,8.73,89.63,credit_card,2.0,2.0,-2.0,0.0
1749536704,0cd86c0a1fa24bd440af2866ae16995d,1.0,3282268370,3514309099,2047495738,2018-07-28,delivered,24.9,18.27,43.17,credit_card,2.0,5.0,-7.0,0.0
2809085294,4fc1fb51c00a593d698708ba797bf73c,1.0,898961338,2160836399,730094745,2018-08-05,delivered,23.89,6.41,44.96650826446282,debit_card,1.0,17.0,-5.0,0.0
2586841000,4fc1fb51c00a593d698708ba797bf73c,2.0,898961338,1926770502,730094745,2018-08-05,delivered,25.99,53.38,48.91919421487603,debit_card,1.0,17.0,-5.0,0.0
4101288995,4fc1fb51c00a593d698708ba797bf73c,3.0,898961338,94602827,730094745,2018-08-05,delivered,39.89,53.36,75.08221074380165,debit_card,1.0,17.0,-5.0,0.0
3576094822,4fc1fb51c00a593d698708ba797bf73c,4.0,898961338,2349533506,730094745,2018-08-05,delivered,98.99,53.38,186.3220867768595,debit_card,1.0,17.0,-5.0,0.0
3863909213,6893249ce4e1c005d32eaf13b7bde6eb,1.0,335337931,1918728322,2880307388,2018-07-17,delivered,54.95,13.05,68.0,voucher,1.0,12.0,-9.0,0.0
523196686,6893249ce4e1c005d32eaf13b7bde6eb,2.0,335337931,1918728322,2880307388,2018-07-17,delivered,54.95,13.05,68.0,voucher,1.0,12.0,-9.0,0.0
1302321414,cc91991372c1322fe937f53d91856acd,1.0,446355240,3788152033,3922805067,2018-07-13,delivered,64.9,11.49,76.39,credit_card,1.0,11.0,-21.0,0.0
3444011012,cc91991372c1322fe937f53d91856acd,2.0,446355240,2461723908,3922805067,2018-07-13,delivered,64.9,11.49,76.39,credit_card,1.0,11.0,-21.0,0.0
83184448,86bb2a790fa5e4830a669e84e452ec3d,1.0,3088412833,1528604297,989903952,2018-08-16,delivered,64.99,23.61,88.6,credit_card,8.0,7.0,-11.0,0.0
3553191435,7eb5250ca7b7e2436c5114888c655c1d,1.0,1252633299,779024054,2870196462,2018-08-22,delivered,19.9,15.24,35.14,credit_card,1.0,7.0,-14.0,0.0
2664048626,56f8f42c9ba3fde1fd14794adfa04b1c,1.0,2006409867,2207055292,389971305,2018-08-04,delivered,49.99,13.69,63.68,credit_card,1.0,5.0,-6.0,0.0
339544445,41fe5122a99e994da33095efeb38f8a6,1.0,3282576491,1764128986,926823165,2018-07-04,delivered,9.9,7.39,17.29,credit_card,1.0,2.0,-11.0,0.0
3941570945,2b0991a89bd6f0e75a51275d3d1dfe71,1.0,1250779081,3826040381,926823165,2018-07-18,delivered,25.9,37.09,62.99,boleto,1.0,13.0,-13.0,0.0
869198157,77e62cfd69f43538aaf8b8cc7392a151,1.0,2698244883,2837422921,1096800064,2018-08-19,delivered,99.6,12.19,111.79,credit_card,8.0,4.0,-7.0,0.0
1324561428,267cf5d5f5d44907ac3a107257c47290,1.0,541031115,3653052866,879502040,2018-07-21,delivered,89.9,18.93,108.83,boleto,1.0,7.0,-10.0,0.0
953253689,14bbe584b52d7f29efcd5d8b5553af3b,1.0,1117435834,685406600,2722740119,2018-07-18,delivered,209.0,20.65,229.65,boleto,1.0,9.0,-17.0,0.0
2786778557,c5e44ccca834721d269f1227236ae8be,1.0,4044668791,3968159804,2629314654,2018-07-13,delivered,19.99,19.05,39.04,credit_card,1.0,20.0,0.0,0.0
3048507785,2a6bec11c832798d5062d5fcad19635a,1.0,966513171,3598212861,3845613896,2018-08-06,delivered,49.99,22.28,72.27,credit_card,2.0,9.0,-26.0,0.0
3265651878,0f375a22986f5561dd6c2a22c86c6b25,1.0,1748017006,3795294110,723360938,2018-07-24,delivered,89.9,13.97,103.87,credit_card,8.0,3.0,-11.0,0.0
591411626,4d4ca4a2ebb64c45176252833b2131a9,1.0,3159860504,4190683414,766667350,2018-08-16,delivered,49.0,13.92,62.92,credit_card,3.0,6.0,-5.0,0.0
3093099064,a85f6d573e494907ed413a50ba08771b,1.0,3909839531,2467692187,196831707,2018-07-19,delivered,265.0,31.94,296.94,boleto,1.0,7.0,-8.0,0.0
3871545878,a85f6d573e494907ed413a50ba08771b,2.0,3909839531,2467692187,196831707,2018-07-19,delivered,265.0,31.94,296.94,boleto,1.0,7.0,-8.0,0.0
2361036892,a85f6d573e494907ed413a50ba08771b,3.0,3909839531,2467692187,196831707,2018-07-19,delivered,265.0,31.94,296.94,boleto,1.0,7.0,-8.0,0.0
3956498429,5d84669999cbca120d2d557e6995ee80,1.0,2715368446,3545611960,2304947736,2018-08-15,delivered,55.0,19.3,74.3,credit_card,4.0,11.0,-14.0,0.0
3993681405,d21711f4bfc26162d5a8e471d7edb25f,1.0,972867357,4091113039,581044507,2018-07-22,delivered,178.99,19.35,198.34,boleto,1.0,8.0,-20.0,0.0
535027238,567d66becc6262cc863b77907f21089e,1.0,582375834,190689845,3774348967,2018-07-16,delivered,699.4,27.7,727.1,boleto,1.0,4.0,-13.0,0.0
2554444476,c4b7e0f753bc9776f48075c977a2d623,1.0,1140190262,1345766636,1503930686,2018-08-03,delivered,107.9,23.56,131.46,credit_card,3.0,7.0,-18.0,0.0
3470032188,85b63c21e1881b0980a007a5dd56d198,1.0,1544640501,2909157433,2384848440,2018-08-23,delivered,62.9,17.37,80.27,credit_card,4.0,5.0,-7.0,0.0
2231212570,74961e9aef3b109cd91120c7697363af,1.0,2036269340,174750780,523493826,2018-07-06,delivered,122.99,30.11,153.1,credit_card,1.0,17.0,-8.0,0.0
3982529581,8eb2d535942b5b5c20192ab8a72db202,1.0,4084253343,3327808101,1672091742,2018-07-10,delivered,19.99,7.4,27.39,credit_card,1.0,2.0,-8.0,0.0
3480215081,af7f48cf036eff2a82e44332f7d36f2b,1.0,862232403,2774736318,67084638,2018-08-01,delivered,69.4,19.68,89.08,credit_card,4.0,5.0,-14.0,0.0
72977521,a611e6af3e6a868d568a1ad2cf45c9bb,1.0,1098435567,3824414294,1550185782,2018-07-19,delivered,94.99,14.98,109.97,credit_card,10.0,7.0,-6.0,0.0
3188232692,d67b79fea59821fda4d363d337a56c3a,1.0,760028443,2301276254,945263063,2018-08-14,canceled,59.9,9.17,69.07,credit_card,1.0,,,
1344004566,4e7474d49d1ef3688ffdd819f87f8322,1.0,3465328492,2354555397,2812297156,2018-08-16,delivered,16.0,7.39,23.39,credit_card,1.0,4.0,0.0,0.0
2726006002,23152da25fd8a3154b39fea912376a07,1.0,1063689356,3435686977,523493826,2018-08-07,delivered,64.99,27.74,92.73,boleto,1.0,7.0,-16.0,0.0
2182646813,d865ad03de9edf74fc6bc89b5bd52706,1.0,3988896707,721170892,3267771422,2018-08-14,delivered,49.9,14.66,64.56,credit_card,1.0,6.0,-3.0,0.0
2746035403,0d3268bad9b086af767785e3f0fc0133,1.0,4008400128,2381663289,1556741257,2018-07-01,delivered,188.99,15.63,204.62,credit_card,4.0,,,
2584895614,666ede5bf7b6eebd0d2f61795ee14149,1.0,1526468685,3021136914,2880307388,2018-07-04,delivered,79.9,14.14,94.04,credit_card,1.0,3.0,-24.0,0.0
162090326,554940826c32f26dead171bcb9011775,1.0,851688628,2743232940,2886549658,2018-07-28,delivered,22.0,50.87,72.87,boleto,1.0,11.0,-15.0,0.0
1410866504,b01b69dfa0d22c11ded5988a866d2d7c,1.0,2083019496,944970780,753329531,2018-07-30,delivered,189.9,20.52,210.42,credit_card,2.0,7.0,-18.0,0.0
1783685703,baf4bb57bdf5e14c67c2389a48864acb,1.0,357961494,502894905,3147389048,2018-08-27,delivered,79.9,29.31,109.21,credit_card,3.0,2.0,-6.0,0.0
2566237992,33977ddc245e1fadaf16878d170e910d,1.0,3954202475,1104896498,3485175421,2018-08-08,delivered,89.9,18.93,108.83,credit_card,4.0,9.0,-5.0,0.0
3978597416,33977ddc245e1fadaf16878d170e910d,2.0,3954202475,1104896498,3485175421,2018-08-08,delivered,89.9,18.93,108.83,credit_card,4.0,9.0,-5.0,0.0
1362706757,a30cadd1758dccbec1ba83a6d672fd1c,1.0,2180511230,3151701045,1379301944,2018-07-21,delivered,187.2,24.11,211.31,boleto,1.0,16.0,-16.0,0.0
3782736503,dff351d499a7a16d302eb0c77d6fc100,1.0,528684770,2622978926,900310379,2018-07-31,delivered,104.6,15.8,120.4,credit_card,3.0,10.0,-6.0,0.0
3082066772,b9fbe26657178b8754633a24a8e066c7,1.0,2088324458,953810007,3485175421,2018-08-11,delivered,52.9,14.68,67.58,boleto,1.0,9.0,-3.0,0.0
874233411,dd43124cb8d2c34b7839e01a67c0c646,1.0,2477375626,4102193398,2681412629,2018-07-15,delivered,79.99,13.22,93.21,boleto,1.0,5.0,-12.0,0.0
3466619151,ce9f805d159a577d0f5dbf252a5bf577,1.0,2943664848,3302331446,1573069542,2018-07-22,delivered,14.7,7.39,22.09,credit_card,1.0,3.0,-8.0,0.0
130807487,ce9f805d159a577d0f5dbf252a5bf577,2.0,2943664848,3302331446,1573069542,2018-07-22,delivered,14.7,7.39,22.09,credit_card,1.0,3.0,-8.0,0.0
4285147623,22a00704584f0604e80afe6b4ce031ad,1.0,583006570,2116048782,4055463965,2018-08-16,delivered,22.32,15.26,37.58,credit_card,1.0,11.0,-9.0,0.0
1929173513,8618c8cd264cece4218bfa403bdc4b14,1.0,2482224813,2272183697,1573069542,2018-08-07,delivered,135.0,16.05,151.05,boleto,1.0,6.0,-18.0,0.0
2887855990,3ed68fe5074b5593e90e3bc341f2d718,1.0,3961958324,2707439138,3488828128,2018-08-17,delivered,35.9,37.16,73.06,boleto,1.0,11.0,-7.0,0.0
3212229330,8d10435d438f4f2582d83a8cb0f007ad,1.0,1845715920,553667404,2880307388,2018-07-24,delivered,79.9,38.83,118.73,boleto,1.0,22.0,-6.0,0.0
2489933237,bc7e40b95bc62e9b4fe7c419038b37f3,1.0,3215314249,3492623951,445778927,2018-08-20,delivered,29.9,15.31,45.21,boleto,1.0,7.0,-4.0,0.0
2426454193,897abc3130a6d4c579a229b45349f611,1.0,2388318308,1960479650,2304947736,2018-08-03,delivered,69.0,15.58,84.58,credit_card,8.0,5.0,-11.0,0.0
3333468650,a2f7326351628f773f83d542a9da6851,1.0,111028135,433092044,1734769477,2018-08-10,delivered,29.9,18.31,48.21,boleto,1.0,10.0,-23.0,0.0
1261340195,d09ca8bb763241ddc7f4ca43816ed10c,1.0,3912089015,1517235046,733774970,2018-08-16,delivered,95.15,26.97,122.12,credit_card,6.0,7.0,-11.0,0.0
1920468784,4b6f2d3bd32baaae21249c217adcb5f3,1.0,2568959115,2495106546,2580370799,2018-07-14,delivered,139.9,16.08,155.98,credit_card,1.0,9.0,-24.0,0.0
1724418054,3bbd142d8543f96d104a83eda5465c48,1.0,1780848511,1517133566,2384848440,2018-07-19,delivered,106.8,27.73,134.53,credit_card,2.0,5.0,-9.0,0.0
3768365054,7d2e63c38de7969859ec3eee027b043f,1.0,1123377618,254409713,1734769477,2018-07-28,delivered,219.9,13.84,233.74,credit_card,5.0,6.0,-5.0,0.0
2293533685,09c0caffae8336db750e232298e4a574,1.0,2845570186,1567030015,2812297156,2018-08-22,delivered,330.0,39.22,369.22,credit_card,10.0,7.0,-20.0,0.0
3970925095,7efe2c754b2967e96d43d60643cecce5,1.0,3916034619,2499234023,1379301944,2018-07-22,delivered,29.9,7.95,37.85,credit_card,1.0,8.0,-3.0,0.0
1328137708,da4632747be8764c78f197a0d83b8d71,1.0,2350937330,1778583251,395408344,2018-07-26,delivered,57.83,41.39,99.22,credit_card,1.0,8.0,-21.0,0.0
1576550958,d0ad5936a2ffe64ad0d7f2ec5703d647,1.0,3945623029,947137430,3267771422,2018-08-15,delivered,26.9,18.29,45.19,credit_card,3.0,7.0,-12.0,0.0
3051209422,0ec20feeac30045e916578f17c2085e2,1.0,1997827414,1695865752,3474918787,2018-08-16,delivered,68.5,3.25,74.99833333333333,credit_card,1.0,7.0,-26.0,0.0
3422100648,0ec20feeac30045e916578f17c2085e2,2.0,1997827414,3563037431,3474918787,2018-08-16,delivered,68.5,3.25,74.99833333333333,credit_card,1.0,7.0,-26.0,0.0
2539330191,0ec20feeac30045e916578f17c2085e2,3.0,1997827414,116847667,3474918787,2018-08-16,delivered,68.5,9.75,74.99833333333333,credit_card,1.0,7.0,-26.0,0.0
925994395,0ec20feeac30045e916578f17c2085e2,4.0,1997827414,116847667,3474918787,2018-08-16,delivered,68.5,9.75,74.99833333333333,credit_card,1.0,7.0,-26.0,0.0
744816037,0ec20feeac30045e916578f17c2085e2,5.0,1997827414,116847667,3474918787,2018-08-16,delivered,68.5,9.75,74.99833333333333,credit_card,1.0,7.0,-26.0,0.0
2745490209,0ec20feeac30045e916578f17c2085e2,6.0,1997827414,1138073106,3474918787,2018-08-16,delivered,68.5,3.25,74.99833333333333,credit_card,1.0,7.0,-26.0,0.0
1574847257,0005f50442cb953dcd1d21e1fb923495,1.0,2380121543,1306706221,1867257412,2018-07-02,delivered,53.99,11.4,65.39,credit_card,1.0,2.0,-19.0,0.0
3800194625,015e051dbb2407d4bd305635e46b732f,1.0,271585472,1635192279,2304947736,2018-07-30,delivered,29.0,15.3,44.3,credit_card,1.0,7.0,-9.0,0.0
984103990,b4a90f27b4f23868d8fc84e9dceb125b,1.0,2396296335,2252131540,604144110,2018-08-14,delivered,179.9,23.01,202.91,boleto,1.0,8.0,-1.0,0.0
360908139,374a37a7b6e965b44589d887570d7bb6,1.0,4294266926,1301378230,123833255,2018-08-20,delivered,150.0,16.35,166.35,credit_card,3.0,2.0,-2.0,0.0
3255804125,56989126486c2d5a8797256f0011753f,1.0,2756580080,718071674,1734769477,2018-07-04,delivered,29.9,7.79,37.69,boleto,1.0,1.0,-12.0,0.0
137464866,b719a68a6c0da28bee1f17bff6b3c50d,1.0,82150561,2003610208,153297895,2018-07-16,delivered,13.99,15.23,29.22,credit_card,1.0,9.0,-8.0,0.0
3044700570,506db8171cf7d01f666e52223eff7f34,1.0,3595737620,3343064161,3103215707,2018-07-18,delivered,169.9,42.84,212.74,credit_card,10.0,13.0,-16.0,0.0
2975453106,e2101b7f68035b709716010fb28abb99,1.0,2490433902,653417559,4086780073,2018-07-01,delivered,109.0,44.56,153.56,credit_card,5.0,22.0,-9.0,0.0
4111233221,55ece185ce1172927bae2507bf48cff8,1.0,566629853,1274456659,23345775,2018-08-08,delivered,64.9,15.55,80.45,boleto,1.0,16.0,-3.0,0.0
631923504,c1ba0776bb79a0826691352f8d6ea4e0,1.0,2068780434,631056550,604144110,2018-07-07,delivered,69.9,18.29,88.19,credit_card,1.0,4.0,-16.0,0.0
3832323957,061c593a0c8fd1b92c2abc7c1a87b329,1.0,327016112,673179730,2300938895,2018-07-16,delivered,49.9,15.45,65.35,credit_card,1.0,14.0,-4.0,0.0
1942505220,d4d73731dbf0f0426e8f7e762064d015,1.0,4194073790,1923618652,1696683105,2018-08-12,delivered,42.93,19.21,62.14,credit_card,1.0,11.0,-18.0,0.0
2713895794,73caa517a379fdc2810530959d560647,1.0,3143128847,3230297190,2023461531,2018-07-26,delivered,19.99,50.86,70.85,boleto,1.0,11.0,-10.0,0.0
3418712820,4021cd7611d6d9ce5ffcd24817fc374f,1.0,1898134628,394482854,4213492600,2018-08-18,delivered,135.0,8.21,143.21,credit_card,10.0,10.0,-1.0,0.0
1868186779,78e790c1defefa3d8515bebfca7315b2,1.0,3291824711,965314385,1868809992,2018-08-06,delivered,70.0,23.29,93.29,boleto,1.0,8.0,-15.0,0.0
1025726193,74c142641fc482d8aeb7e31805a9aa2b,1.0,2489190908,3496243744,2114821577,2018-07-12,delivered,68.9,18.58,87.48,boleto,1.0,8.0,-13.0,0.0
743954165,b2dbaba892cce2aa2c6ddc4772a27cd3,1.0,3992023611,523641565,1622092360,2018-08-09,delivered,619.0,27.48,646.48,credit_card,8.0,7.0,-5.0,0.0
3321971497,29dad235dca65da6ae29389dea7b96c9,1.0,3814358336,3641889476,1579174796,2018-08-13,delivered,218.0,14.19,232.19,credit_card,3.0,7.0,-4.0,0.0
2366116752,cf18f775a1b2dfec83732a8679b66ec2,1.0,1429218242,1102421697,2373578609,2018-08-17,delivered,56.9,11.42,68.32,credit_card,1.0,3.0,-7.0,0.0
1706013483,55cb20782f4a6b0174ea7afdb736265c,1.0,2296191685,2273652751,1734769477,2018-07-31,delivered,99.9,23.5,123.4,credit_card,8.0,3.0,-32.0,0.0
2277958470,55cb20782f4a6b0174ea7afdb736265c,2.0,2296191685,2273652751,1734769477,2018-07-31,delivered,99.9,23.5,123.4,credit_card,8.0,3.0,-32.0,0.0
2147723225,cca0f2f13b67b19407e3300a249bd506,1.0,1695465953,2569330790,497313293,2018-07-18,delivered,51.67,15.46,67.13,credit_card,2.0,5.0,-10.0,0.0
1257115194,11526907a9d9e94078d44fb1c4abb4ec,1.0,649905013,990956389,2804246847,2018-08-08,delivered,44.9,16.5,61.4,boleto,1.0,15.0,3.0,1.0
472757165,2b57a0c3167cad0a95b15e00b748d5ca,1.0,1283420515,349897517,3418625173,2018-07-08,delivered,159.0,25.52,184.52,credit_card,10.0,3.0,-14.0,0.0
1338048735,2868d7d031293f42d0004622a5b68418,1.0,654823973,1776620515,2475905934,2018-07-12,delivered,99.99,23.5,123.49,credit_card,1.0,14.0,-21.0,0.0
2682756926,a8e595153c8bec02b29e66399b21e1ae,1.0,2001336020,1259716184,53223181,2018-08-05,delivered,28.99,18.3,47.29,credit_card,4.0,7.0,-15.0,0.0
2420884017,919baca007d9525b6668c18f79a33197,1.0,2101887352,2245014570,3681078781,2018-08-21,delivered,200.0,27.83,220.5890003179099,credit_card,8.0,8.0,-25.0,0.0
3502198649,919baca007d9525b6668c18f79a33197,2.0,2101887352,2952777915,581044507,2018-08-21,delivered,146.01,7.79,161.0409996820901,credit_card,8.0,8.0,-25.0,0.0
2915710552,532eef07d5a2ff826ffd6ef0979e1645,1.0,111510388,289557665,3280936577,2018-07-06,delivered,139.0,41.95,180.95,credit_card,8.0,7.0,-18.0,0.0
2820422164,55205d82f3b72a235f58195bd491b1a9,1.0,1172680965,3026597973,1696683105,2018-08-10,delivered,47.55,22.26,69.81,voucher,1.0,12.0,-14.0,0.0
2690420501,836f9b5adb4fe06d8980fb71fa06b691,1.0,3936423140,3331059024,917249301,2018-08-13,delivered,1199.9,22.56,1222.46,credit_card,8.0,3.0,-13.0,0.0
3620442788,bb30c3299c36702316a4207b8acae69b,1.0,1924733550,508643963,1868809992,2018-07-18,delivered,40.0,22.56,62.56,credit_card,3.0,6.0,-17.0,0.0
3140568987,980044cb2540e5978dc610bcc47bb9e7,1.0,2150028858,750030509,1734769477,2018-08-01,delivered,29.9,18.31,48.21,boleto,1.0,8.0,-18.0,0.0
2130805255,3ae7f9146be3fb4fed651a66c7650b19,1.0,1440360967,1436355323,179864683,2018-07-03,delivered,129.9,11.93,141.83,credit_card,10.0,8.0,-6.0,0.0
2722664213,d08c7396fb82ad39db681f6692a7e112,1.0,1044584777,2585022194,2023461531,2018-07-02,delivered,129.0,23.62,152.62,boleto,1.0,9.0,-13.0,0.0
3024728813,a6ec65788794fad0fbd2e2839c73fff3,1.0,376170532,1224840020,3147574442,2018-08-18,delivered,79.0,26.85,105.85,credit_card,4.0,9.0,-14.0,0.0
1063013229,a902114dd9904d0720db65f860a98d7d,1.0,1510006594,409590534,2227328011,2018-07-19,delivered,178.0,16.32,194.32,credit_card,8.0,4.0,-16.0,0.0
2278873669,1055cb7f0f2cfc6ec8a445b1034c2546,1.0,3806595290,813295764,3245525768,2018-07-22,delivered,14.5,19.04,33.54,credit_card,3.0,10.0,-16.0,0.0
139197710,a16607f4220f0e60ab4c71b915dd380c,1.0,419948654,3361375922,4118774780,2018-08-02,delivered,7.0,37.04,44.04,credit_card,2.0,25.0,4.0,1.0
4047434651,a16607f4220f0e60ab4c71b915dd380c,2.0,419948654,3361375922,4118774780,2018-08-02,delivered,7.0,37.04,44.04,credit_card,2.0,25.0,4.0,1.0
859068183,08796d7a1fa345c5bce8f3f53435e21c,1.0,2447539542,1241208376,2023461531,2018-08-16,delivered,79.99,8.72,88.71,boleto,1.0,4.0,-2.0,0.0
2027842778,50b3cc3a81862626b3a95451c8928e19,1.0,4156408844,1854687504,1856359935,2018-07-11,delivered,73.99,16.71,90.7,voucher,1.0,47.0,19.0,1.0
1608609506,5be9af49f40fc3bbb1c3c8aa5b7d8ee9,1.0,842648280,2307291753,1562587860,2018-08-16,delivered,127.2,20.08,147.28,credit_card,3.0,8.0,-6.0,0.0
1821105654,1de621bc947402bc9becac77521734dd,1.0,2691824900,164174645,2283216182,2018-07-23,delivered,299.0,30.86,329.86,credit_card,10.0,7.0,-8.0,0.0
2965013319,a631b4515c67c5d6bb0555df14875938,1.0,150495797,2948569977,274025264,2018-07-06,delivered,54.9,18.48,73.38,credit_card,1.0,5.0,-22.0,0.0
584129810,2cba7b5e0e9007f221ab7acf2ca260e3,1.0,4096268447,709106470,447945570,2018-08-14,delivered,37.9,26.57,64.47,credit_card,4.0,16.0,-6.0,0.0
1495878857,b5d8e4c3414692eee1f0a38254252823,1.0,2400754311,486554141,47085388,2018-08-18,delivered,45.0,17.25,62.25,credit_card,6.0,5.0,-25.0,0.0
2555953949,6d6d16957081d6989c08a9622183623a,1.0,3003631152,1227919995,3396868089,2018-08-11,delivered,159.9,18.7,178.9947221630828,debit_card,1.0,3.0,-7.0,0.0
451077902,6d6d16957081d6989c08a9622183623a,2.0,3003631152,4172896517,3396868089,2018-08-11,delivered,109.9,18.69,123.02388971684051,debit_card,1.0,3.0,-7.0,0.0
1435860991,6d6d16957081d6989c08a9622183623a,3.0,3003631152,3408724598,3396868089,2018-08-11,delivered,199.9,18.7,223.7713881200766,debit_card,1.0,3.0,-7.0,0.0
2808801796,02a3c3a1c72dbff557b2f56fc0caa847,1.0,1863586223,2681131542,740847726,2018-08-07,delivered,25.0,15.28,40.28,credit_card,2.0,6.0,-7.0,0.0
4194502622,bc1f75764ae7021a6d37772dc55a3ebe,1.0,3942550081,802470484,2012735916,2018-07-10,delivered,45.0,77.65,122.65,credit_card,3.0,15.0,-7.0,0.0
484722771,65d549dc989e0c1b68a8ee77cc3e3de9,1.0,3034682029,2295367010,3919369145,2018-08-15,delivered,36.99,23.06,60.05,credit_card,2.0,7.0,-6.0,0.0
2928991598,97445d49acef660b9217b07d0fc1ce3a,1.0,4136124139,1156210381,3424220039,2018-07-30,delivered,99.0,46.99,145.99,credit_card,2.0,7.0,-20.0,0.0
651264359,61d54e16685b5da6db2e220e6588c376,1.0,2946645566,4276064104,1167975112,2018-07-18,delivered,185.0,18.23,0.0,unknown,0.0,7.0,-20.0,0.0
586313673,c84d01937d1c2029a7f3628f55a3711a,1.0,1876276661,794828636,213195857,2018-08-22,delivered,72.9,9.26,82.16,credit_card,1.0,2.0,-3.0,0.0
241065209,0b9bb234d95f41600497d59b42087c39,1.0,766002696,146801151,1241765477,2018-08-13,delivered,199.08,20.3,219.38,boleto,1.0,16.0,-21.0,0.0
1343807544,94bccdb5b708ee435e70b46d4d5619e2,1.0,3419343794,3519003747,519564207,2018-07-28,delivered,47.9,22.27,70.17,credit_card,3.0,9.0,-14.0,0.0
3316934996,30d7af26cb5f8577b5c6a0164dc814c5,1.0,44748444,225299361,1432654626,2018-07-26,canceled,28.8,11.22,40.02,credit_card,3.0,,,
3924129813,948d4a2cd33aa0d29d03495de3b86f9f,1.0,2556825377,1538444791,2298865209,2018-07-04,delivered,49.99,15.45,65.44,credit_card,3.0,6.0,-13.0,0.0
4209426670,2ae74f27a662e60bf2efb26a4b8d81fd,1.0,2333822193,1558595767,3129531441,2018-07-17,delivered,150.0,23.33,173.33,credit_card,2.0,13.0,-8.0,0.0
904905421,2ae74f27a662e60bf2efb26a4b8d81fd,2.0,2333822193,1558595767,3129531441,2018-07-17,delivered,150.0,23.33,173.33,credit_card,2.0,13.0,-8.0,0.0
1645090532,8d36b9d7a238d9d50b8be72fe69ff6eb,1.0,3558158574,2703664508,9861004,2018-08-13,delivered,49.9,20.99,70.89,credit_card,1.0,4.0,-5.0,0.0
2113013874,71b2f4ee75a2ad70a20e594c8638b23d,1.0,2248084212,1046584217,3620228618,2018-08-16,delivered,18.55,16.32,34.87,boleto,1.0,6.0,-20.0,0.0
1978179663,4b13ca1ea8bafa9b670fd52cbf918fb3,1.0,3305192000,3749014143,1422228924,2018-07-15,delivered,25.9,18.28,44.18,credit_card,1.0,5.0,-17.0,0.0
3805577068,67a41e5f40c8ee15e8d00b64b363dfd0,1.0,1751418466,4114507059,1994919736,2018-07-09,delivered,86.0,13.26,99.26,credit_card,6.0,27.0,7.0,1.0
470286721,378d1ac3d8e22dd46990757398ae8500,1.0,1133976082,3536717336,1527515903,2018-08-05,delivered,29.99,12.87,42.86,credit_card,2.0,4.0,0.0,0.0
1966463344,682bc14ace7856a832cef3a783e4886a,1.0,2320797613,2486826627,2558590040,2018-08-22,delivered,98.0,16.88,114.88,credit_card,2.0,8.0,-11.0,0.0
3298476454,08a19256bfef2a2b1f0fc654723a9c71,1.0,3880311691,2454821932,1379301944,2018-07-01,delivered,89.19,51.34,140.53,credit_card,2.0,8.0,-30.0,0.0
1174577336,3d4c0e002a7776c781b81c8a08193522,1.0,4014070403,273479567,1333059511,2018-07-09,delivered,99.18,23.84,123.02,credit_card,4.0,14.0,-11.0,0.0
2462478845,19018a1b097164d2fadb3018902f3221,1.0,2474460658,4249336889,4223807471,2018-07-24,delivered,129.9,51.63,181.53,voucher,2.0,8.0,-13.0,0.0
1302610585,afee33d890fd033519fe6309de74c611,1.0,3827011506,4102193398,2681412629,2018-07-25,delivered,79.99,7.82,87.81,credit_card,3.0,1.0,-6.0,0.0
3143069823,a96ff70398f289756fde50d1e0ed62bb,1.0,3497007734,55641884,1480205621,2018-07-19,delivered,195.9,38.99,234.89,credit_card,8.0,11.0,-31.0,0.0
588685031,cf68118a73d946c12f379bfcaa85e9f0,1.0,4047335098,2405261719,305748041,2018-07-23,delivered,42.9,7.56,50.46,credit_card,1.0,2.0,-5.0,0.0
29336039,ac046246a304e47bb50a9c923430aa55,1.0,2962347036,2499874336,1107359178,2018-08-07,delivered,69.9,19.68,89.58,credit_card,1.0,8.0,-13.0,0.0
3929012542,0f63563be96b463e62d59a8d51ef5d3d,1.0,3310965318,388132444,1313325535,2018-07-17,delivered,189.9,14.91,204.81,credit_card,4.0,6.0,-16.0,0.0
4077858884,bb5247b3ad417db4b026c3d57e458a46,1.0,2251208029,251318819,2490360540,2018-08-13,delivered,199.9,52.12,252.02,credit_card,5.0,9.0,-22.0,0.0
3549874288,56aa3b6b2c30314ee80914fea9543573,1.0,3968218248,4250359209,484457503,2018-08-08,delivered,35.0,9.0,44.0,credit_card,4.0,2.0,-7.0,0.0
1912470291,9bb54391d0f998f18309470a84b2252f,1.0,1139100478,2307142870,2384848440,2018-07-09,delivered,119.9,17.03,136.93,credit_card,2.0,16.0,-13.0,0.0
2324815631,47deff0f69fd02d0085bd77d6c9c0181,1.0,641195986,1221457373,935749508,2018-07-24,delivered,56.99,13.98,70.97,boleto,1.0,6.0,-8.0,0.0
1724802283,47deff0f69fd02d0085bd77d6c9c0181,2.0,641195986,1221457373,935749508,2018-07-24,delivered,56.99,13.98,70.97,boleto,1.0,6.0,-8.0,0.0
2298052478,2b109e28d89747fb2ab26a44ef4fe92b,1.0,2263486155,744454799,1102356649,2018-08-18,delivered,257.9,16.91,274.81,credit_card,8.0,6.0,-12.0,0.0
118408269,afacb4d50c5827bd19cc5e0c7e3d307e,1.0,3832002285,1262951584,1755005248,2018-08-20,delivered,99.9,22.0,121.9,credit_card,2.0,4.0,-11.0,0.0
2268933600,e1da670d323874bc4ab65a65fd87eb05,1.0,3377485439,4047262332,3787872925,2018-08-14,delivered,795.95,26.21,822.16,debit_card,1.0,9.0,-4.0,0.0
2103113971,7f877edba51577b9054e7490ab7469e9,1.0,4026253756,2948996166,520545560,2018-08-15,delivered,16.9,18.23,35.13,boleto,1.0,6.0,-9.0,0.0
2112618199,5b4101f533b7c66611b649809ff634b1,1.0,3165153403,964133741,596468350,2018-08-07,delivered,49.0,19.24,71.4525,credit_card,10.0,6.0,-11.0,0.0
3609125998,5b4101f533b7c66611b649809ff634b1,2.0,3165153403,3219100382,2490225171,2018-08-07,delivered,35.0,19.25,51.0375,credit_card,10.0,6.0,-11.0,0.0
2526252238,20baf04dd07db849cacb72e8cc0447aa,1.0,4054683957,2926062330,4185397625,2018-07-05,delivered,79.11,35.9,115.01,boleto,1.0,18.0,-13.0,0.0
1636999991,6e468efb1a072c6e6824d7918f2eb206,1.0,1882517376,1395233772,1266529499,2018-07-23,delivered,249.0,17.04,266.04,credit_card,3.0,1.0,-8.0,0.0
3691565166,de7160c97baceae5b576f3266f6b5752,1.0,2201409473,3294000657,3201324950,2018-07-22,delivered,247.88,20.93,268.81,credit_card,1.0,9.0,-12.0,0.0
3016274340,8709d432916bb32dfc76488bde2bd31b,1.0,1925506662,752509625,91113541,2018-08-03,delivered,49.9,15.45,65.35,credit_card,1.0,3.0,-6.0,0.0
2064570437,b07d2a68cc3e97e707eb42d213983c66,1.0,1815871819,2305879381,980641658,2018-08-09,delivered,31.25,18.32,49.57,credit_card,4.0,5.0,-8.0,0.0
911644919,6cf8530b5b6d67f4090e16f6ef4a4c76,1.0,2721438459,886979481,3883719590,2018-07-27,delivered,30.09,23.01,53.1,credit_card,5.0,5.0,-13.0,0.0
108395551,36da86192d48458dcb75f9f2bf4f249a,1.0,2554074555,2043774924,364684223,2018-08-01,delivered,49.9,27.3,77.2,credit_card,2.0,7.0,-18.0,0.0
2829070520,11b2c36a481a4272681684f4b09ffabe,1.0,4202921288,2639364902,447945570,2018-07-31,delivered,49.9,28.83,78.73,boleto,1.0,8.0,-15.0,0.0
3900423678,893fff1e0e8a0597923ff86966aac6d1,1.0,1011658998,1436402221,3131976384,2018-07-24,delivered,89.9,23.43,113.33,boleto,1.0,6.0,-17.0,0.0
3595946921,d4c6aa2277352d92106b387b2ee13839,1.0,3066550366,1843309483,471171552,2018-07-09,delivered,129.9,11.93,141.83,credit_card,10.0,4.0,-10.0,0.0
1047516251,96ba3ccac6dfb6a6610178fd893a3f3f,1.0,321179929,1014955930,1379301944,2018-08-09,delivered,11.19,7.87,19.06,credit_card,1.0,13.0,6.0,1.0
471098717,159b0ce7faa02427505f3ce47f48e933,1.0,598490138,3655495200,4156473050,2018-08-19,delivered,26.49,15.29,0.0,unknown,0.0,8.0,-17.0,0.0
1675220868,3fb8682db347b51435096bfdfa799825,1.0,1554566736,1948226670,3738344605,2018-07-05,shipped,99.9,41.68,141.58,boleto,1.0,,,
601756217,4e77f81a29bcffe4eaf68247167bf623,1.0,2872669149,388099196,478933761,2018-07-07,delivered,18.0,7.39,25.39,credit_card,1.0,3.0,-12.0,0.0
2168319759,14475bfb58d520ab74383d026390abfa,1.0,2574244732,617231631,3106288757,2018-08-15,delivered,29.9,8.37,38.27,credit_card,3.0,1.0,-4.0,0.0
1528178287,c8e0d72c6ab615e05977b79e02110d41,1.0,2371798212,1183336336,1480205621,2018-08-01,delivered,128.9,19.0,147.9,credit_card,7.0,15.0,-7.0,0.0
2614346300,63067dbad99fa8dd94df9e6983bff614,1.0,3493225155,472429949,2060950116,2018-07-23,delivered,299.0,48.39,347.39,credit_card,6.0,4.0,-19.0,0.0
3356537281,b388f41e0d1fb1960c7a08852fbd1f40,1.0,1368690192,2353618580,313823481,2018-08-02,delivered,139.9,22.91,162.81,boleto,1.0,11.0,-2.0,0.0
2328245723,5d30afe97f086b0a5cd532422514c3b1,1.0,96056708,4081015769,2304947736,2018-07-04,delivered,44.0,7.57,51.57,boleto,1.0,2.0,-12.0,0.0
3747164612,18b7254a8929c73f21d6f0387bbe9de5,1.0,1447317177,1864460880,2627125470,2018-07-02,delivered,129.99,9.25,139.24,credit_card,6.0,1.0,-34.0,0.0
3456013941,bb4eb3e71b30365a580e5a718bd8d1ae,1.0,2446170998,3260651961,3034887517,2018-07-24,delivered,151.72,23.34,175.06,credit_card,1.0,38.0,10.0,1.0
3457360394,0aaf81645c52d55b9baff5411037d070,1.0,688329059,4238691735,3659481684,2018-07-27,delivered,59.89,17.35,77.24,credit_card,1.0,7.0,-10.0,0.0
354827364,0a05e512c3e656802c930be4c1766c2a,1.0,1556086472,3452738577,2681412629,2018-08-02,delivered,49.99,7.61,57.6,credit_card,5.0,13.0,8.0,1.0
3470274271,865eeebc1cf8c4134e81028fbf1b12b8,1.0,4240233520,1150114816,1716536501,2018-08-05,delivered,48.9,9.09,57.99,credit_card,5.0,4.0,-1.0,0.0
2896259481,d40d7acb41c23539b6b47ea86e260c28,1.0,4213470100,1627622266,3404539086,2018-08-06,delivered,88.78,7.88,96.66,credit_card,4.0,2.0,-1.0,0.0
1696066781,6260b8b7e35f7b2163df6a9eb133a072,1.0,3902397361,97017995,3929842482,2018-07-04,delivered,1999.99,82.37,2082.36,credit_card,10.0,9.0,-27.0,0.0
401482001,4383f393667331c267d9cdce510b849c,1.0,4033950493,556291303,3196336592,2018-07-24,delivered,54.9,18.48,73.38,boleto,1.0,8.0,-11.0,0.0
1147963615,3110fc0996c37031e67f3d28cd9b854c,1.0,748032933,2634562564,1367109462,2018-08-19,delivered,395.0,133.52,528.52,credit_card,6.0,8.0,-8.0,0.0
2580696177,48d4e2ea1003c1efbdc8c3cd4e0af69e,1.0,3706728358,4158201181,1576479322,2018-08-02,delivered,319.9,21.43,341.33,credit_card,10.0,6.0,-9.0,0.0
3250872967,e260cc3baa8f4aae3fab201ef60e1127,1.0,598498568,315293809,1025327516,2018-08-17,delivered,25.0,8.34,33.34,boleto,1.0,4.0,-1.0,0.0
2570805997,178dc9ffc66f1968787b253a9318cc29,1.0,2387309949,548607958,2304947736,2018-08-06,delivered,49.0,1.39,56.08526066350711,credit_card,4.0,1.0,-7.0,0.0
3339919607,178dc9ffc66f1968787b253a9318cc29,2.0,2387309949,3046374291,2304947736,2018-08-06,delivered,58.0,1.38,66.38663507109004,credit_card,4.0,1.0,-7.0,0.0
2905870304,178dc9ffc66f1968787b253a9318cc29,3.0,2387309949,1175674364,2304947736,2018-08-06,delivered,55.0,13.87,62.95284360189574,credit_card,4.0,1.0,-7.0,0.0
3131683394,178dc9ffc66f1968787b253a9318cc29,4.0,2387309949,1279111887,2304947736,2018-08-06,delivered,49.0,13.87,56.08526066350711,credit_card,4.0,1.0,-7.0,0.0
972894119,287791188818821b1e768b55b446bc27,1.0,1184573345,3156659587,853272068,2018-08-15,delivered,74.8,7.78,82.58,credit_card,2.0,6.0,-2.0,0.0
245702102,287791188818821b1e768b55b446bc27,2.0,1184573345,3156659587,853272068,2018-08-15,delivered,74.8,7.78,82.58,credit_card,2.0,6.0,-2.0,0.0
1746166855,39c41eff1afea8c296062328350b9ab9,1.0,1295312297,2460194029,2612393066,2018-07-13,delivered,19.9,18.24,38.14,credit_card,2.0,7.0,-10.0,0.0
128605553,dfa8413e7d36ab13ab6b12c6c55fdc2b,1.0,238965361,2160496966,2096572618,2018-08-03,delivered,629.9,26.16,656.06,boleto,1.0,6.0,-5.0,0.0
1401689027,cc4400f0310bb2c674d44b2b0f3a6a67,1.0,2233098583,3763077621,3626123686,2018-07-28,delivered,26.4,15.29,0.0,unknown,0.0,5.0,-12.0,0.0
3926827440,d91a069afed21a6f7b095b0a908f5008,1.0,2680711662,612726508,261066546,2018-08-02,delivered,118.4,15.93,134.33,credit_card,2.0,4.0,-4.0,0.0
1393130610,d91a069afed21a6f7b095b0a908f5008,2.0,2680711662,612726508,261066546,2018-08-02,delivered,118.4,15.93,134.33,credit_card,2.0,4.0,-4.0,0.0
1255254820,99b3d468655df7494c3286c020507fc7,1.0,106953897,1277571969,1763790356,2018-07-28,delivered,170.0,15.64,185.64,credit_card,3.0,5.0,-17.0,0.0
1770352221,d1041fe78c4a6af27bccc94c92c5621a,1.0,3734078873,1742512878,3728838497,2018-08-17,delivered,539.9,21.88,561.78,credit_card,8.0,9.0,-21.0,0.0
1593863235,703a50ce51c6547dfde74fd28cd92343,1.0,3412539539,1130749437,819761952,2018-07-10,delivered,17.49,7.87,25.36,boleto,1.0,3.0,-6.0,0.0
1571289224,aa20c8dee3466002e6bd9d64cdac1bdb,1.0,1441360808,2448812675,528293807,2018-08-07,delivered,44.9,12.61,57.51,boleto,1.0,3.0,-5.0,0.0
265071911,152c657cdbdb6b803884cb4f691d17e9,1.0,64909654,2226256886,4228315975,2018-07-14,delivered,798.9,27.52,826.42,credit_card,5.0,10.0,-15.0,0.0
4125622998,422643519f1061cfc8efcb75a97f87c6,1.0,2875181443,2357071113,357383673,2018-08-09,delivered,129.9,20.47,150.37,boleto,1.0,7.0,-14.0,0.0
1922850466,1c4acc151bb811f44df88e95d31288c4,1.0,2065194541,2467692187,196831707,2018-07-25,delivered,265.0,45.85,310.85,credit_card,3.0,8.0,-8.0,0.0
2695924803,a8bb77ab67213461d5c632d41df4fafd,1.0,133458212,3286585782,3667124800,2018-07-18,delivered,49.9,23.07,72.97,credit_card,4.0,14.0,-5.0,0.0
889584171,928491f9ad93ae20de89668ea4a968e0,1.0,502638626,2082934995,3302929409,2018-07-22,delivered,24.99,13.76,38.75,credit_card,1.0,9.0,-8.0,0.0
1510105741,928491f9ad93ae20de89668ea4a968e0,2.0,502638626,2082934995,3302929409,2018-07-22,delivered,24.99,13.76,38.75,credit_card,1.0,9.0,-8.0,0.0
2925485466,2c6b178947f5f631ec35f2a04c65c6d0,1.0,2810794941,2160789852,528827331,2018-08-06,delivered,101.0,14.29,115.29,credit_card,2.0,6.0,-4.0,0.0
3364939456,aa258c22c28dfa03522e7997c426e627,1.0,2409127909,3919087770,292598503,2018-08-10,shipped,104.97,16.93,121.9,credit_card,4.0,,,
1468668585,84ddfd4c559558c53b5a4c6765e49be8,1.0,1784994285,997825495,96764808,2018-08-09,delivered,5.9,7.39,13.29,credit_card,1.0,4.0,-2.0,0.0
267641397,84ddfd4c559558c53b5a4c6765e49be8,2.0,1784994285,997825495,96764808,2018-08-09,delivered,5.9,7.39,13.29,credit_card,1.0,4.0,-2.0,0.0
1432673402,84ddfd4c559558c53b5a4c6765e49be8,3.0,1784994285,997825495,96764808,2018-08-09,delivered,5.9,7.39,13.29,credit_card,1.0,4.0,-2.0,0.0
950042848,84ddfd4c559558c53b5a4c6765e49be8,4.0,1784994285,997825495,96764808,2018-08-09,delivered,5.9,7.39,13.29,credit_card,1.0,4.0,-2.0,0.0
993950719,ba992a67b91b76a97c227e1ad48658f5,1.0,2949733225,2221510815,523493826,2018-08-03,delivered,64.99,15.56,80.55,credit_card,3.0,11.0,-16.0,0.0
510510465,d3920d21fca6f163bb21d3fbf37270a7,1.0,3157703733,2201404081,714744803,2018-08-07,delivered,14.9,7.39,22.29,credit_card,1.0,3.0,1.0,1.0
758010524,d3920d21fca6f163bb21d3fbf37270a7,2.0,3157703733,2201404081,714744803,2018-08-07,delivered,14.9,7.39,22.29,credit_card,1.0,3.0,1.0,1.0
202729812,2e2439a5475026018c3062e54f16f56e,1.0,1870248475,1579729388,1361108180,2018-08-20,delivered,119.99,19.99,139.98,credit_card,6.0,9.0,-33.0,0.0
698285521,3b8e6e47439c0aa25ddb6cbfc6dc8ddb,1.0,185028635,1981677329,3169330328,2018-07-17,delivered,159.0,19.21,0.0,unknown,0.0,4.0,-12.0,0.0
3325577569,3f8d6d4cd34333e5cada298b7b09b719,1.0,150697115,1659031964,2162601002,2018-08-14,delivered,119.0,9.34,128.34,credit_card,1.0,2.0,-5.0,0.0
3679625264,b03dfb47398de3e47e35c90db919d907,1.0,2321247640,1277571969,1763790356,2018-08-12,delivered,199.0,25.74,224.74,credit_card,5.0,10.0,-8.0,0.0
2194136462,b03dfb47398de3e47e35c90db919d907,2.0,2321247640,1277571969,1763790356,2018-08-12,delivered,199.0,25.74,224.74,credit_card,5.0,10.0,-8.0,0.0
3762273636,968f909d3fba4660b8936a2d6041a917,1.0,1991442375,3681444893,3016182256,2018-08-07,delivered,164.5,16.25,180.75,credit_card,4.0,5.0,-3.0,0.0
726311393,04c2b3995f83a3db2540a9217254ef6d,1.0,3424129952,1989860231,84469676,2018-07-24,delivered,79.9,19.75,99.65,credit_card,1.0,10.0,-26.0,0.0
2787747540,7c92284adbec8033d160303d83065dbf,1.0,864109888,2968885549,3620228618,2018-07-17,delivered,3.06,18.23,21.290000000000003,credit_card,3.0,9.0,-13.0,0.0
308952988,7c92284adbec8033d160303d83065dbf,2.0,864109888,2968885549,3620228618,2018-07-17,delivered,3.06,18.23,21.290000000000003,credit_card,3.0,9.0,-13.0,0.0
2764750740,7c92284adbec8033d160303d83065dbf,3.0,864109888,2968885549,3620228618,2018-07-17,delivered,3.06,18.23,21.290000000000003,credit_card,3.0,9.0,-13.0,0.0
647031101,750fac445e827530d79e0a2050dbcd9c,1.0,214960261,2754042193,391897587,2018-08-12,shipped,7.99,7.39,15.38,boleto,1.0,,,
4093322492,48d91da7c9395c02b5d9e02dd9b8c278,1.0,1547556230,211704435,1018330744,2018-07-16,delivered,28.99,22.13,51.12,boleto,1.0,9.0,-13.0,0.0
2684402301,15e67a6eec264915cd81f8f57dbacd81,1.0,4150790804,1840990690,998795873,2018-08-07,delivered,149.99,16.15,0.0,unknown,0.0,5.0,-8.0,0.0
790460717,15e67a6eec264915cd81f8f57dbacd81,2.0,4150790804,1840990690,998795873,2018-08-07,delivered,149.99,16.15,0.0,unknown,0.0,5.0,-8.0,0.0
2910792714,1fea99244761fe0359d759672fdbcf4a,1.0,3947063280,4114507059,1994919736,2018-07-13,delivered,86.0,15.7,101.7,credit_card,4.0,24.0,-2.0,0.0
2196096389,9a0ea28810c690ef91b1a70c0ed9703e,1.0,1728618858,945283945,2775148626,2018-07-03,delivered,15.49,18.23,33.72,boleto,1.0,7.0,-16.0,0.0
990846848,4293c08add04a8db68205c16fcb0554f,1.0,3265575565,1996211280,2580370799,2018-07-26,delivered,269.9,83.27,353.17,credit_card,10.0,11.0,-23.0,0.0
2604999139,22f3a2b22f414d974640db425514794d,1.0,3578507299,729536071,1077946416,2018-08-08,delivered,65.0,17.39,82.39,credit_card,1.0,12.0,-10.0,0.0
1878398954,d1437fcc5adf19257e6e1bb890b6c94d,1.0,1329108154,1795904393,4038371640,2018-07-21,delivered,127.0,12.15,139.15,credit_card,6.0,4.0,-6.0,0.0
3642678085,311251ba5bfaf2e67111e56ddee44f14,1.0,2416871024,2406729586,3016182256,2018-08-06,delivered,288.0,10.18,298.18,credit_card,5.0,3.0,1.0,1.0
1951818461,837fd76b391ccd40162b81fca0334e45,1.0,2983705818,1293382043,3407345359,2018-07-11,delivered,53.0,38.64,91.64,credit_card,2.0,15.0,-11.0,0.0
3210525485,842aaf73d95d6a487ed058289c941a4a,1.0,2261011477,2876488689,1696683105,2018-07-29,delivered,59.91,7.68,67.59,credit_card,1.0,2.0,-1.0,0.0
86415912,883bebd3f80e509963fbeaa51abf7c0a,1.0,1163187155,2466355469,523493826,2018-08-17,delivered,66.99,19.38,86.37,boleto,1.0,10.0,-14.0,0.0
1905397813,a000067196006b1ac2a467ba2156b22d,1.0,4017114906,1507953699,3761277192,2018-08-27,delivered,61.9,9.18,71.08,credit_card,1.0,2.0,-2.0,0.0
3025415284,44411d47c4ceddd847c094ee77fcbf45,1.0,2929015473,2955907293,2886549658,2018-07-28,delivered,22.0,15.25,37.25,credit_card,1.0,5.0,-8.0,0.0
3161549965,20f93cb03af912a0ffbac65b7e96fed1,1.0,2846450725,3949382335,605810449,2018-07-26,delivered,109.99,13.43,123.42,credit_card,2.0,11.0,-2.0,0.0
217052181,e1faf9211232539926d65299a9067f98,1.0,3263086684,12821604,605810449,2018-07-30,delivered,85.99,23.4,109.39,credit_card,5.0,7.0,0.0,0.0
4146699699,e1faf9211232539926d65299a9067f98,2.0,3263086684,12821604,605810449,2018-07-30,delivered,85.99,23.4,109.39,credit_card,5.0,7.0,0.0,0.0
1536471074,674eb13687ba86abeaee12ece9ce0309,1.0,2399059168,1821125782,3704084446,2018-08-13,delivered,16.8,4.2,19.57530708661417,credit_card,10.0,2.0,-42.0,0.0
2939921215,674eb13687ba86abeaee12ece9ce0309,2.0,2399059168,3438361554,1357333497,2018-08-13,delivered,29.9,2.1,34.83938582677165,credit_card,10.0,2.0,-42.0,0.0
2178203313,674eb13687ba86abeaee12ece9ce0309,3.0,2399059168,1821125782,3704084446,2018-08-13,delivered,16.8,4.2,19.57530708661417,credit_card,10.0,2.0,-42.0,0.0
2717894112,674eb13687ba86abeaee12ece9ce0309,4.0,2399059168,1821125782,3704084446,2018-08-13,delivered,16.8,4.2,19.57530708661417,credit_card,10.0,2.0,-42.0,0.0
544075088,674eb13687ba86abeaee12ece9ce0309,5.0,2399059168,1821125782,3704084446,2018-08-13,delivered,16.8,4.2,19.57530708661417,credit_card,10.0,2.0,-42.0,0.0
4187739718,674eb13687ba86abeaee12ece9ce0309,6.0,2399059168,3438361554,1357333497,2018-08-13,delivered,29.9,2.1,34.83938582677165,credit_card,10.0,2.0,-42.0,0.0
3135858923,1596533ff4cff89818b0490409f0c4f1,1.0,967806998,1819289724,819761952,2018-08-01,delivered,34.0,9.55,43.55,credit_card,1.0,1.0,-5.0,0.0
1730018355,2c08af91c0b50d5d87fd30ecb5cc0e31,1.0,3844608387,315293809,1025327516,2018-08-23,delivered,25.0,8.34,33.34,credit_card,3.0,5.0,0.0,0.0
1956681789,2c08af91c0b50d5d87fd30ecb5cc0e31,2.0,3844608387,315293809,1025327516,2018-08-23,delivered,25.0,8.34,33.34,credit_card,3.0,5.0,0.0,0.0
2460915079,45ee4a244dd8a9df576959533aca1d6b,1.0,261964382,2725684015,123833255,2018-07-19,delivered,90.0,18.78,108.78,credit_card,5.0,7.0,-12.0,0.0
4102010365,d9fa17951c63adc1a26a35209c26eeb7,1.0,2066384987,629287122,1266529499,2018-08-21,delivered,89.0,15.92,104.92,credit_card,1.0,3.0,-3.0,0.0
3365457720,7776ca93188e915b1100fe8221bc5fa5,1.0,3414686631,1587158709,2792528778,2018-07-13,delivered,35.0,19.44,54.44,debit_card,1.0,7.0,-14.0,0.0
948924279,40a9be4510459ae28841128e5938153f,1.0,1418066564,1357325911,1088547109,2018-08-14,delivered,69.9,13.83,83.73,debit_card,1.0,13.0,3.0,1.0
3046965612,3e92e84e557bec2d9fa0d853b3e855e1,1.0,3730923330,2738737354,3626123686,2018-08-19,delivered,44.9,23.46,68.36,credit_card,3.0,8.0,-10.0,0.0
14928702,a1b9ae5b3934e2757434214f3acba4a4,1.0,3246133844,1529402584,3522250725,2018-07-30,delivered,45.97,13.9,59.87,credit_card,1.0,12.0,8.0,1.0
454825944,2c743fa9aec96b772983e9ab98eda2b2,1.0,3582353021,4294399807,2308685613,2018-08-19,delivered,80.9,15.67,96.57,credit_card,2.0,5.0,-6.0,0.0
1263272697,abb32e3dfb9704d1e5b0c0b843218a4e,1.0,3241789088,716366971,256972323,2018-08-10,delivered,159.0,38.02,197.02,credit_card,1.0,11.0,-14.0,0.0
2717493875,7b6058eb290bb954e39d59cffd022a29,1.0,2860308540,3551245815,1540428892,2018-07-21,delivered,98.7,13.35,112.05,credit_card,2.0,2.0,-14.0,0.0
1349269195,d48eebefd9e752c709a4acef8c588a40,1.0,2687839279,215579846,213195857,2018-07-18,delivered,63.9,14.76,78.66,credit_card,4.0,6.0,-8.0,0.0
3970478659,9277c21000c5426f4de2158dd377a676,1.0,613104328,526163171,3255837228,2018-07-11,delivered,181.0,58.04,239.04,credit_card,3.0,14.0,-20.0,0.0
1458905439,cde746ccdc9bd5d1ee4772ec20c7bd13,1.0,3011682588,302400981,2304947736,2018-07-26,delivered,49.0,7.6,56.6,credit_card,1.0,3.0,-4.0,0.0
3750611369,9dd9eb1d7c035198b06f1775e0711a59,1.0,2538377589,1523834856,4156473050,2018-07-07,delivered,32.9,7.49,40.39,credit_card,4.0,4.0,-8.0,0.0
2323041296,9dd9eb1d7c035198b06f1775e0711a59,2.0,2538377589,1523834856,4156473050,2018-07-07,delivered,32.9,7.49,40.39,credit_card,4.0,4.0,-8.0,0.0
30875793,add3094f9efba79b138dd089077c8e20,1.0,3130209880,2065252271,3463368793,2018-07-21,delivered,24.0,18.27,42.27,credit_card,4.0,5.0,-14.0,0.0
771102625,a49703fda0b42ab0a87e062624ea2f43,1.0,2506943594,2746034656,261066546,2018-08-04,delivered,116.9,22.75,139.65,credit_card,5.0,9.0,-8.0,0.0
134694898,bb4fde546bfa4ba7795ccc8f24750fb5,1.0,1667465418,934887895,3594307950,2018-07-25,delivered,144.98,23.78,168.76,credit_card,8.0,4.0,-17.0,0.0
2898290632,98464a5096e400810b94bb93f38924c9,1.0,1098790971,864654968,3973535942,2018-07-12,canceled,2299.95,104.77,2404.72,debit_card,1.0,,,
3963539327,0c0b4c682dc77d70dbc4cf1ed44ede36,1.0,1083128508,3320862297,53223181,2018-08-16,delivered,63.49,8.6,72.09,credit_card,1.0,1.0,-4.0,0.0
3488600755,d62354cddc18720cf8a24b521570a8f7,1.0,1203734148,2882216169,1279646700,2018-08-17,delivered,48.89,8.5,57.39,credit_card,6.0,3.0,-2.0,0.0
3440844435,d62354cddc18720cf8a24b521570a8f7,2.0,1203734148,2882216169,1279646700,2018-08-17,delivered,48.89,8.5,57.39,credit_card,6.0,3.0,-2.0,0.0
2119306998,3be02448faefd4cf9a63648ccf10c1e1,1.0,3755921191,1406874859,2814304116,2018-07-29,delivered,209.9,84.39,294.29,credit_card,2.0,12.0,-7.0,0.0
3084773177,b647f540d673c123ae558b52796b5124,1.0,3519192504,1448907896,3664770205,2018-07-26,delivered,399.9,16.14,416.04,credit_card,5.0,5.0,-13.0,0.0
2897479232,a9491b6c990bc3b79967c5f058e46d8f,1.0,727582177,2178746913,3034887517,2018-08-16,canceled,126.94,11.91,138.85,credit_card,1.0,,,
1285766231,7b8ad11294a3f23e9695000ab5f07a42,1.0,3484367237,958547455,1254802852,2018-07-31,delivered,15.99,7.39,23.38,credit_card,1.0,10.0,4.0,1.0
1821596850,a74e83bef10070f30831ad61d579a408,1.0,2033347412,1037138983,3659481684,2018-07-18,delivered,18.89,17.06,35.95,boleto,1.0,6.0,-8.0,0.0
1610086038,0c905768040f5d51c3cccf00256ddcd3,1.0,709967419,4103093415,2919871420,2018-08-03,delivered,259.9,23.75,283.65,credit_card,1.0,9.0,-9.0,0.0
874624899,4ee4b8462b9a39ac1fa86e28bcc22ad3,1.0,1022637525,3834276075,3819213127,2018-08-14,delivered,56.9,14.71,71.61,credit_card,4.0,8.0,-2.0,0.0
2098560865,004b62108b876867938746ad3154167f,1.0,260693797,4081925990,1919968767,2018-07-04,delivered,110.32,8.03,118.35,boleto,1.0,8.0,-6.0,0.0
2204846597,353772de52bcff5f876d8be65bd4f4d9,1.0,4098293980,1785441143,1361108180,2018-07-27,delivered,64.99,22.39,87.38000000000001,credit_card,2.0,7.0,-13.0,0.0
1965420217,5797b09452273744ac62c38230d88248,1.0,4206754084,3478202829,918571473,2018-07-15,delivered,155.97,19.19,0.0,unknown,0.0,17.0,-14.0,0.0
3233873010,d5244670e213108e7d21f54a42548613,1.0,2536641755,700071323,1477869461,2018-08-11,delivered,103.9,18.53,122.43,credit_card,10.0,20.0,4.0,1.0
4082913758,7730e06abd27a0f67b9f462ad9bad838,1.0,2127685392,2491062070,596468350,2018-07-20,delivered,64.0,14.03,78.03,credit_card,4.0,6.0,-10.0,0.0
295404388,67ad45f6efc3483b12ad1dcc36d868b5,1.0,780024815,2771499898,2622583364,2018-08-06,delivered,129.9,37.82,167.72,voucher,1.0,9.0,-1.0,0.0
990009237,67528c4b8b629d9cbb51da492c6a9ec4,1.0,123084177,1477159074,3245525768,2018-07-22,delivered,45.05,7.58,52.63,credit_card,1.0,4.0,-5.0,0.0
3895301868,bdb2a4829fa0c44316c6355477f69c3c,1.0,1729062216,1566704002,2085372711,2018-08-15,delivered,55.0,8.55,63.55,boleto,1.0,2.0,-3.0,0.0
2007695515,56b63c7382a444bc8eac58cd4d161da0,1.0,3872886804,1861857622,3393462886,2018-07-19,delivered,69.9,22.42,92.32,credit_card,1.0,7.0,-17.0,0.0
573722560,d205a43c0e35aacecbf9e14c272c7d20,1.0,3166042105,2050338578,929965016,2018-07-02,delivered,15.0,12.79,27.79,credit_card,1.0,3.0,-22.0,0.0
937976259,e0abb8df68a21dc73ca95ee8bdd28d00,1.0,4157164146,2608146566,91113541,2018-07-20,delivered,99.9,22.0,121.9,credit_card,3.0,4.0,-12.0,0.0
1133293097,734e66350ff1d845ab707409554c76c4,1.0,3030141937,195003202,1107359178,2018-08-03,delivered,199.9,35.16,235.06,credit_card,1.0,31.0,17.0,1.0
3418003401,dfbdae4128710f6f089dca71d4bc4844,1.0,3360533297,2432343820,4289768623,2018-08-06,delivered,117.87,9.17,127.04,credit_card,5.0,6.0,-2.0,0.0
2294805978,9edb1acec4ceb154e425aa9248286f7e,1.0,2255836448,3601016201,213195857,2018-08-06,delivered,144.9,27.99,172.89,credit_card,2.0,6.0,-14.0,0.0
2956793102,c6a4e191a2e0e802fd5006378e6b47bb,1.0,3231986055,2488232622,167484701,2018-08-23,delivered,8.9,7.39,16.29,credit_card,1.0,5.0,-5.0,0.0
3638818861,36e980f3cbdf9a14bd099f32b2e46ee7,1.0,571101118,4114507059,1994919736,2018-08-10,delivered,95.0,15.77,110.77,credit_card,3.0,14.0,-21.0,0.0
11533486,a0cd5eaf9f92718cdd22216a1c8bb103,1.0,3722176221,1438548013,731398307,2018-08-14,delivered,178.0,18.18,196.18,credit_card,3.0,6.0,-8.0,0.0
1232540990,da7edb9956cbe0ef5c50126e1bb784b9,1.0,1513315829,3767543663,2300938895,2018-07-01,delivered,9.9,7.39,17.29,credit_card,1.0,3.0,-20.0,0.0
1241739332,ce6773b2916ebbc43dcaa762c0c6f9b2,1.0,4038171831,4178985033,3383264847,2018-07-30,delivered,23.99,7.43,31.42,credit_card,2.0,3.0,-7.0,0.0
3309305297,54a1ba9a8bb07a2013657c2a49ed05d9,1.0,3600484916,3158093056,3773013363,2018-07-18,delivered,359.0,11.26,370.26,credit_card,5.0,1.0,-10.0,0.0
2827007047,198edc616965e287128e8854d4ac8b4b,1.0,3833725262,433092044,1734769477,2018-08-03,delivered,29.9,7.47,37.37,boleto,1.0,4.0,-1.0,0.0
2194987701,2ebbf6f8d62476a737f41cd9c8679e5f,1.0,1373431865,4254061873,3801148821,2018-08-23,delivered,548.06,48.71,596.77,boleto,1.0,7.0,-7.0,0.0
2624024590,1d9c55c6ee885e00633510da321b569f,1.0,4169976828,1477159074,3245525768,2018-08-03,delivered,45.05,7.58,52.63,credit_card,1.0,5.0,-6.0,0.0
96285760,076e78b027f88320defc1d6ab23d6793,1.0,2659187219,2466355469,523493826,2018-07-08,delivered,66.99,27.75,94.74,credit_card,1.0,13.0,-10.0,0.0
3661907826,b4cac287aa00c47e84e6e899d809a9e2,1.0,2927804092,254782406,2804246847,2018-08-01,delivered,44.9,15.41,60.31,credit_card,1.0,5.0,-6.0,0.0
989998085,a187f41f4cc3a98eaf1e82f8b79c6fb2,1.0,1086858655,3343551711,2089148942,2018-07-24,delivered,34.9,18.01,52.91,credit_card,2.0,2.0,-7.0,0.0
3378771182,2f63fa144638f7ade6cb643585538161,1.0,3846717048,4139361350,3402353270,2018-07-23,delivered,91.9,19.83,111.73,voucher,1.0,3.0,-19.0,0.0
910182680,aee0d5464f3b889a06716a820b1a60e3,1.0,1153722032,190431719,1018258220,2018-08-12,delivered,149.65,14.26,163.91,credit_card,6.0,5.0,-26.0,0.0
2207513507,6aa3386e7cd429b12ab0c288acf52e41,1.0,3097916444,3074886538,3124966291,2018-08-18,delivered,55.9,9.14,65.04,credit_card,1.0,3.0,-1.0,0.0
3226068222,711394bfbb9d7d943d8de2ddc5f59f23,1.0,655510136,2164574781,1993625437,2018-07-02,delivered,74.9,34.6,109.5,credit_card,2.0,4.0,-20.0,0.0
4001348742,9828f937ea8a8105f999b119b9d677de,1.0,2785949405,1130749437,2775148626,2018-08-03,delivered,18.49,7.39,25.88,credit_card,2.0,5.0,-6.0,0.0
4227801088,55af89bd3634844abc96b00c4caa76a5,1.0,2456448565,1073341785,581044507,2018-07-29,delivered,110.0,18.87,128.87,credit_card,4.0,12.0,-14.0,0.0
2026466490,00310b0c75bb13015ec4d82d341865a4,1.0,3810363941,2148420276,1544198991,2018-08-15,canceled,39.9,15.38,55.28,credit_card,2.0,,,
441286646,102b81e48c621d25f4c7ccb27af0ffc6,1.0,3345494921,4294399807,2308685613,2018-08-18,delivered,81.9,8.73,90.63,credit_card,3.0,4.0,-1.0,0.0
4194732696,a471834c9ff33eaa1ba3b5aa8d6d0180,1.0,1743271114,1784008237,2261194409,2018-08-14,delivered,55.0,14.7,69.7,credit_card,5.0,7.0,-6.0,0.0
3972544063,3298e7053c95993e6eb284ef3d254b49,1.0,2927759501,1146510429,1553669565,2018-08-20,delivered,59.9,37.79,97.69,credit_card,7.0,9.0,-14.0,0.0
2735784183,018bb1508d9156b81990407b91fb35a8,1.0,3586109369,2353618580,313823481,2018-08-15,delivered,139.9,9.09,158.98,credit_card,5.0,9.0,-6.0,0.0
1185985771,018bb1508d9156b81990407b91fb35a8,2.0,3586109369,3124564939,313823481,2018-08-15,delivered,139.9,29.07,158.98,credit_card,5.0,9.0,-6.0,0.0
2132540422,936124bcca6eccc3f937c560b4c97d69,1.0,2923116547,1597415275,1503930686,2018-07-12,delivered,95.9,22.95,118.85,credit_card,2.0,8.0,-13.0,0.0
1757454451,13c0445b9e1b9ebf53dc83fce3600a36,1.0,3346292691,1245456003,2627125470,2018-07-31,delivered,139.99,23.7,163.69,credit_card,6.0,27.0,13.0,1.0
417539786,baba7caf6a8e4b9d6079db11ac925a4e,1.0,220488117,3634914483,1422228924,2018-07-15,delivered,229.0,15.18,244.18,voucher,10.0,8.0,-8.0,0.0
1901479998,ac179dbb60a22d59a51a123174c4a837,1.0,4145274886,1619979619,839101989,2018-08-13,delivered,58.9,18.21,77.11,credit_card,1.0,14.0,-2.0,0.0
223364490,035c01a45e289b155db4e47cf39b29d3,1.0,4219495831,3924580625,3309990142,2018-08-06,delivered,79.9,13.9,93.8,boleto,1.0,16.0,-5.0,0.0
882515722,a14173b7936139e28cd1aa620eada598,1.0,1430766537,1424261424,789128652,2018-08-04,delivered,79.9,23.36,103.26,credit_card,3.0,9.0,-7.0,0.0
3045639722,988601ceae0e294c4482e8ef89e4bfd7,1.0,2656049888,887825307,2173695781,2018-07-02,delivered,139.0,29.5,168.5,credit_card,5.0,4.0,-14.0,0.0
233101672,988601ceae0e294c4482e8ef89e4bfd7,2.0,2656049888,887825307,2173695781,2018-07-02,delivered,139.0,29.5,168.5,credit_card,5.0,4.0,-14.0,0.0
2110147143,988601ceae0e294c4482e8ef89e4bfd7,3.0,2656049888,887825307,2173695781,2018-07-02,delivered,139.0,29.5,168.5,credit_card,5.0,4.0,-14.0,0.0
1684801785,56580e29cdcf56834efd1a9eb48e5f35,1.0,1415758231,4267371063,3958952303,2018-08-04,delivered,98.0,18.79,116.79,credit_card,1.0,6.0,-10.0,0.0
4031424000,c9721963d4b95316401d2d75621f353c,1.0,3956178354,4113005167,2487708955,2018-07-26,delivered,399.0,144.29,543.29,boleto,1.0,11.0,-14.0,0.0
4234368681,89e0ae495fe8fa69f8e5a8351ec325a5,1.0,2191371120,1911361834,1573069542,2018-08-15,delivered,38.0,7.53,45.53,credit_card,1.0,1.0,-10.0,0.0
3087958332,cf851a3ce6ce940823fdfb5b0a8eb337,1.0,573847291,4006348998,3594307950,2018-07-16,delivered,144.98,26.53,171.51,boleto,1.0,12.0,-24.0,0.0
2933921563,d57880ebc950c50f75a5373d64b9bbc6,1.0,3907667866,1017368103,4042983232,2018-08-14,delivered,76.09,8.69,84.78,debit_card,1.0,8.0,-6.0,0.0
221688501,1e57bb5d95b6233ac77353120c7c23f6,1.0,867742959,4081925990,1919968767,2018-07-04,delivered,110.32,13.43,123.75,credit_card,5.0,8.0,-12.0,0.0
4058507779,1e57bb5d95b6233ac77353120c7c23f6,2.0,867742959,4081925990,1919968767,2018-07-04,delivered,110.32,13.43,123.75,credit_card,5.0,8.0,-12.0,0.0
195582237,85951c338d992f64e7abac3d611dba6d,1.0,1185784918,3294414530,9861004,2018-08-21,delivered,49.9,20.99,70.89,credit_card,1.0,6.0,-8.0,0.0
785786411,44997fe5448fcd26b6c093cd6efda36b,1.0,1082702254,3052555588,1755005248,2018-07-30,delivered,139.0,22.27,161.27,credit_card,10.0,4.0,-5.0,0.0
4269098029,302af85f51f58d45da103dc1d801704b,1.0,2841126,592096461,2304947736,2018-07-26,delivered,78.0,13.21,0.0,unknown,0.0,6.0,-8.0,0.0
1033788849,9a7d7672806f5cfd6bc9cbd5a060806f,1.0,2518951553,1316129150,2997337676,2018-07-19,delivered,519.9,25.57,545.47,credit_card,8.0,12.0,-16.0,0.0
1633802004,6538c9e08179995c8f73f5ab8ce6e9f8,1.0,3985640698,1531152535,2417067144,2018-07-13,delivered,185.0,19.44,205.54968253968252,boleto,1.0,20.0,-21.0,0.0
1607482781,6538c9e08179995c8f73f5ab8ce6e9f8,2.0,3985640698,1443593441,2417067144,2018-07-13,delivered,130.0,15.55,144.44031746031746,boleto,1.0,20.0,-21.0,0.0
223697653,dea423aff47d60bcd5f0678234bf8c3f,1.0,280837824,4000141466,1806598175,2018-08-06,delivered,175.0,35.29,210.29,credit_card,8.0,8.0,0.0,0.0
274548458,228df0c2e8c23cc26e2a14eeb701fba7,1.0,1567339514,3020139953,650241730,2018-08-20,delivered,29.9,12.87,42.77,credit_card,1.0,7.0,0.0,0.0
3991244196,4fb3509d3efabb076843cd252a3e5562,1.0,4108752604,949013637,250985049,2018-07-16,delivered,120.0,14.18,134.18,credit_card,5.0,3.0,-24.0,0.0
3036470562,6eaaffffd1626d0920aff38b38e70acc,1.0,2410181577,3030224413,2082347993,2018-07-25,delivered,149.98,45.04,195.02,voucher,1.0,20.0,-22.0,0.0
2960434182,b2f58affcc178fea2daaf834f1acff5e,1.0,3294050521,2724605123,3109595020,2018-07-14,delivered,99.9,21.14,121.04,boleto,1.0,12.0,-4.0,0.0
1397982085,60b4528b577937165a412ba177de3606,1.0,3865341096,2116048782,4055463965,2018-07-18,delivered,22.32,7.74,30.06,credit_card,1.0,6.0,-10.0,0.0
1584616137,2ee3ac9eae989dd8029015f1cb956021,1.0,4079075354,3702307997,368619248,2018-08-23,delivered,735.0,16.17,751.17,credit_card,6.0,1.0,-3.0,0.0
4173719944,23b1eb268049c1d2a04b22784867e75b,1.0,861671705,3620268031,1241765477,2018-07-01,delivered,45.08,15.42,60.5,boleto,1.0,3.0,-25.0,0.0
3827515116,a13566e1ef3931ee9fc63bc9903446bb,1.0,863044908,4191153749,3485175421,2018-07-09,delivered,89.9,23.78,113.68,credit_card,1.0,14.0,-8.0,0.0
260452276,d78e5c7a11bcb261103cb4269bd37fcf,1.0,1730768371,749510779,667979233,2018-08-11,delivered,49.9,17.28,67.18,credit_card,1.0,13.0,-10.0,0.0
3507402718,883ee9317106f1b48b157ecaddc83f64,1.0,1529353956,1453331785,2031026716,2018-08-15,delivered,32.9,15.33,48.23,credit_card,1.0,8.0,-26.0,0.0
981287975,0cf94dad2e99f0fb2c10e52d62c4e560,1.0,3626403667,151674622,3446539219,2018-08-19,delivered,114.08,13.46,127.54,credit_card,3.0,8.0,-6.0,0.0
3678691620,21d7cc8e7e9305ef7b30554a2227493d,1.0,2709234005,2562824348,3485175421,2018-08-09,delivered,68.5,14.79,83.29,credit_card,7.0,17.0,5.0,1.0
4199978678,95640f66424853e44e3ffb0cdd8974f6,1.0,825188020,1092611545,1188333302,2018-08-05,delivered,520.0,37.72,557.72,credit_card,3.0,11.0,-7.0,0.0
2733434983,0cc893e70885ba7fc151e85141326ef5,1.0,455600572,3343551711,2089148942,2018-08-14,delivered,34.9,18.01,52.91,boleto,1.0,3.0,-3.0,0.0
1391138055,0cc893e70885ba7fc151e85141326ef5,2.0,455600572,3343551711,2089148942,2018-08-14,delivered,34.9,18.01,52.91,boleto,1.0,3.0,-3.0,0.0
2769125965,0cc893e70885ba7fc151e85141326ef5,3.0,455600572,3343551711,2089148942,2018-08-14,delivered,34.9,18.01,52.91,boleto,1.0,3.0,-3.0,0.0
1191694502,e1f0086d7b409eb76308869bdd4e39b5,1.0,1636784208,1270393410,1579174796,2018-08-09,delivered,49.99,13.93,63.92,credit_card,2.0,7.0,-6.0,0.0
1737686191,b2b8934746a9afa7b38c8c1f88268ecb,1.0,2444898832,4193403754,1919968767,2018-08-02,delivered,95.0,15.77,110.77,credit_card,3.0,11.0,-7.0,0.0
3367209749,b2b8934746a9afa7b38c8c1f88268ecb,2.0,2444898832,4193403754,1919968767,2018-08-02,delivered,95.0,15.77,110.77,credit_card,3.0,11.0,-7.0,0.0
1758712293,b36d9c84b0033e4366759f851db473a8,1.0,2441152793,2747576594,3366215599,2018-07-24,delivered,259.9,62.8,322.7,boleto,1.0,14.0,-9.0,0.0
3165366123,2f72a08e8fc765e47fd2f4f2eb7a3704,1.0,681564295,177320649,1557592361,2018-08-23,delivered,58.9,16.6,75.5,boleto,1.0,6.0,-33.0,0.0
1084578743,cb59450fc63a9e7303fb29fbd71748a0,1.0,1381964628,1783375796,2460993772,2018-08-13,delivered,35.33,18.35,53.68,voucher,1.0,10.0,-34.0,0.0
2128735380,198f0c6f61edd39b202f7ca9091f1ece,1.0,2355437328,3039721405,2823580135,2018-08-10,delivered,78.0,16.74,94.74,credit_card,4.0,10.0,-9.0,0.0
3219089533,1f06e0b20a4b5a839950bf1f9f779957,1.0,2469843055,1125615149,596468350,2018-08-04,delivered,69.0,23.28,0.0,unknown,0.0,4.0,-7.0,0.0
3928888212,cd95c47ac16f038d3b47edbcf984d942,1.0,3219817622,216311331,1614996607,2018-08-20,delivered,175.0,24.84,199.84,credit_card,10.0,6.0,-9.0,0.0
2041034393,6ee1c0ae2850fce0967f050c82d6a532,1.0,1029116249,3769810372,3761277192,2018-08-20,delivered,44.9,9.06,53.96,credit_card,1.0,3.0,0.0,0.0
2920020458,ba7517020cc8cdda51bffbd30bb1b781,1.0,1444481474,818561453,357383673,2018-07-03,delivered,139.9,20.54,160.44,credit_card,2.0,4.0,-18.0,0.0
2402621933,29fafeedea8220ed8162dcafe8a89483,1.0,1175450077,579467812,737969628,2018-07-26,delivered,39.9,18.38,58.28,voucher,1.0,7.0,-13.0,0.0
363793904,26691a6d8902f95be91e566557db80aa,1.0,2586227442,1909863724,3526770996,2018-08-02,delivered,15.0,16.32,31.32,credit_card,2.0,7.0,-1.0,0.0
1692913584,56805b4cf0ebc9cd9f7619783cae47e3,1.0,3787021246,1463437987,2572104452,2018-07-19,delivered,208.69,16.56,225.25,credit_card,4.0,7.0,-15.0,0.0
3182296451,3a147797c76836e07f7e3754ac79741f,1.0,4245541494,1781251941,2304947736,2018-07-19,delivered,65.0,15.56,80.56,credit_card,8.0,6.0,-8.0,0.0
3906728955,429a6c4124bbd33e2d57830062724194,1.0,2597598274,2742170541,2890074202,2018-07-17,delivered,19.0,17.06,0.0,unknown,0.0,10.0,-7.0,0.0
1948259429,932ec6d82ea79bd299298072b7da0fde,1.0,1478824723,2911624243,2304947736,2018-08-10,delivered,69.0,18.58,87.58,credit_card,1.0,7.0,-25.0,0.0
773254636,e186fd488370885035932d8efab4212f,1.0,1603168301,525907085,695276990,2018-08-02,delivered,59.9,8.16,68.06000000000002,credit_card,1.0,5.0,-1.0,0.0
3475630149,e186fd488370885035932d8efab4212f,2.0,1603168301,525907085,695276990,2018-08-02,delivered,59.9,8.16,68.06000000000002,credit_card,1.0,5.0,-1.0,0.0
706818594,e186fd488370885035932d8efab4212f,3.0,1603168301,525907085,695276990,2018-08-02,delivered,59.9,8.16,68.06000000000002,credit_card,1.0,5.0,-1.0,0.0
2115018078,6b4329eec5141eb456ea3e8a2dd02f62,1.0,2217206450,2734244524,167484701,2018-07-20,delivered,16.9,7.39,24.29,credit_card,1.0,4.0,-8.0,0.0
1094344645,9bb34c27042d6bab11b0cd8d50d6c00b,1.0,3747150480,2450958118,3129531441,2018-08-22,delivered,30.0,8.37,38.37,credit_card,1.0,1.0,-3.0,0.0
848801021,a4a495e7d0758f5523480d2f4cd12515,1.0,3475015631,3609320755,72832377,2018-07-23,delivered,24.99,37.09,62.08,boleto,1.0,10.0,-15.0,0.0
1595602124,75bbbd85d3373487642cee8e47902587,1.0,3713112048,2285842795,727074973,2018-07-21,delivered,125.99,9.63,135.62,credit_card,2.0,4.0,-5.0,0.0
3839635456,2efd657a8f5b7085278963c6e1a5f0a7,1.0,2956899063,2609951366,1672091742,2018-07-11,delivered,14.0,18.23,32.23,boleto,1.0,15.0,-13.0,0.0
2748425238,6a1b1daa125c4b8bc963eed285ae2a95,1.0,3067722004,1782103281,3371283952,2018-07-08,delivered,78.71,29.08,107.79,credit_card,1.0,5.0,-18.0,0.0
2646916991,b3e8dcfb9aeb7215dd9f011e8c7668c7,1.0,1545436938,3864235219,2622583364,2018-07-27,delivered,56.9,13.06,69.96,boleto,1.0,6.0,-11.0,0.0
703424168,c40237d964e0676cc87ba24353c48b31,1.0,1753145339,29549439,3466443720,2018-07-21,delivered,54.9,13.96,68.86,credit_card,1.0,8.0,-9.0,0.0
68588088,004345d16a1ab2c21962992c721c8643,1.0,3785059118,3350390698,179864683,2018-07-04,delivered,37.9,15.37,53.27,voucher,1.0,7.0,-19.0,0.0
3267987973,e1d72d08a94712bb04f2e4194ba776b8,1.0,1046290710,1928324428,2331236160,2018-07-30,delivered,24.95,12.84,37.79,boleto,1.0,10.0,-15.0,0.0
2756709906,a02645d92386768ae0cc1869eddcd6ef,1.0,2301260858,3393768191,819761952,2018-07-26,delivered,19.49,7.88,27.37,boleto,1.0,6.0,-4.0,0.0
4119060972,63395e53d28e53559462a08ceb1b2df6,1.0,655047232,3067340609,3783637211,2018-08-07,delivered,139.99,37.89,177.88,debit_card,1.0,9.0,-41.0,0.0
4216970692,75263102ad0ad256a7bc7c47daf26857,1.0,3479874925,3775222938,789128652,2018-08-13,delivered,259.0,42.79,301.79,credit_card,5.0,10.0,-25.0,0.0
1625022178,b712b4e550ff93a128404e9362d7958b,1.0,3760682739,1392059081,3154186893,2018-07-21,delivered,18.45,11.39,29.84,credit_card,2.0,5.0,-7.0,0.0
197991743,9a7fc3b0802afc9b2b46c1e2f323a738,1.0,1800806744,949013637,250985049,2018-07-19,delivered,119.5,14.18,133.68,boleto,1.0,12.0,-16.0,0.0
4056337966,8bf5f7691f5059f401c9b3954acb39b8,1.0,1891686418,2136498370,1361108180,2018-08-21,delivered,179.99,19.99,199.98,credit_card,2.0,9.0,-27.0,0.0
1706214617,68999281f861381c5d124f1f0805daba,1.0,2304730589,3772731099,666689222,2018-08-16,delivered,189.0,20.99,209.99,boleto,1.0,11.0,-36.0,0.0
1745209800,9ac6af8b99d3bac9717dfb60bfdaed60,1.0,1811240155,1393903013,91113541,2018-07-22,delivered,43.9,20.26,64.16,credit_card,3.0,4.0,-14.0,0.0
2033340105,aab255ef2ea7066420316c7ae7094fe2,1.0,3490224010,1936143963,2622226838,2018-08-17,delivered,145.9,8.44,154.34,credit_card,5.0,3.0,-2.0,0.0
2572189538,0a00e9b0112a0e7ba031426a31659196,1.0,1223917299,1649967436,2598814270,2018-08-06,delivered,49.9,37.26,87.16,boleto,1.0,9.0,-7.0,0.0
324566668,0a00e9b0112a0e7ba031426a31659196,2.0,1223917299,1649967436,2598814270,2018-08-06,delivered,49.9,37.26,87.16,boleto,1.0,9.0,-7.0,0.0
322312129,05426618bfbb87e04fdd3a60a5bfef38,1.0,3411495342,1542620785,897947394,2018-07-19,delivered,364.0,21.74,385.74,credit_card,7.0,10.0,-14.0,0.0
3559155224,ab086c339b4c94681a4758724c5ceecc,1.0,3471090465,2581316038,357383673,2018-08-23,delivered,69.9,17.62,87.52,credit_card,8.0,6.0,-25.0,0.0
886655152,78897a5fe1c573c63f82070220ff2da5,1.0,3134167924,3606274378,2622583364,2018-08-22,delivered,149.9,13.71,163.61,credit_card,4.0,8.0,-4.0,0.0
2109001685,12e4a8a3ce5999f5d237b1e27b06c60c,1.0,2053744623,3138985478,3554345266,2018-08-06,delivered,169.9,19.29,189.19,credit_card,2.0,15.0,-21.0,0.0
1535071721,12e4a8a3ce5999f5d237b1e27b06c60c,2.0,2053744623,3138985478,3554345266,2018-08-06,delivered,169.9,19.29,189.19,credit_card,2.0,15.0,-21.0,0.0
1195687742,11572de9a5e342dcd81a2843b998d4d6,1.0,4173183380,184626527,2304947736,2018-08-12,delivered,39.0,12.93,51.93,credit_card,3.0,3.0,-8.0,0.0
2178141731,0c9c2a32f57d7b49bacbe81e5534cbba,1.0,3944929604,2198273383,1813314038,2018-08-06,delivered,29.9,12.87,42.77,credit_card,1.0,8.0,-2.0,0.0
3391716349,23371f485b357c6cc3987ceec664e973,1.0,3405435367,161727944,2023461531,2018-07-14,delivered,49.0,19.25,68.25,boleto,1.0,12.0,-8.0,0.0
1114216789,92513d9a04507b68515a1866806bcf6c,1.0,3423520199,2923415321,3477507423,2018-08-17,delivered,42.0,13.77,55.77,credit_card,1.0,7.0,-4.0,0.0
2624995742,ac284fb15053d666dfb6128354f0e662,1.0,962714511,4241399787,2172305557,2018-08-22,delivered,959.99,24.82,984.81,credit_card,8.0,6.0,-17.0,0.0
4223768022,10a44d7bc8f54ea814e6020e0f3e5fbe,1.0,3467372618,1720060514,9861004,2018-07-24,delivered,49.9,41.33,91.23,credit_card,7.0,13.0,-9.0,0.0
964934636,70a272d1c01754b91a8709ae7efe27be,1.0,2001638302,1458575128,725155637,2018-07-12,delivered,399.0,104.0,503.0,voucher,1.0,11.0,-7.0,0.0
3520348062,70a272d1c01754b91a8709ae7efe27be,2.0,2001638302,1458575128,725155637,2018-07-12,delivered,399.0,104.0,503.0,voucher,1.0,11.0,-7.0,0.0
1253173019,d5a2d5dbc8d728f724b8427dae1f97ba,1.0,3901056385,2840884240,3670166590,2018-08-17,delivered,34.99,29.0,63.99,credit_card,2.0,4.0,-2.0,0.0
3223511968,cd0589dd69b11dbb8ca5adbe3fb753e6,1.0,2160215018,156267473,1868809992,2018-07-12,delivered,35.0,9.0,44.0,credit_card,3.0,2.0,-9.0,0.0
1139323597,cd0589dd69b11dbb8ca5adbe3fb753e6,2.0,2160215018,156267473,1868809992,2018-07-12,delivered,35.0,9.0,44.0,credit_card,3.0,2.0,-9.0,0.0
2186018537,cd0589dd69b11dbb8ca5adbe3fb753e6,3.0,2160215018,156267473,1868809992,2018-07-12,delivered,35.0,9.0,44.0,credit_card,3.0,2.0,-9.0,0.0
2023835595,279a3bc53e370f1614e3205bf4946041,1.0,2386031147,1641352817,1480205621,2018-07-22,delivered,148.9,16.14,165.04,credit_card,2.0,10.0,-8.0,0.0
2483001884,835654b76a16c7f8b71678907312f8b3,1.0,1637046671,1179027163,2131055484,2018-07-10,delivered,19.99,7.4,27.39,credit_card,1.0,3.0,-5.0,0.0
3070815609,d836abb4444d8594455e9766104e958c,1.0,72539713,2800948277,3422743060,2018-07-22,delivered,55.0,8.55,63.55,boleto,1.0,3.0,-6.0,0.0
1504151151,9c9d903ee688363d1efb6cf097ec00b7,1.0,4021037464,273479567,1333059511,2018-08-21,delivered,81.18,9.32,90.5,boleto,1.0,6.0,-1.0,0.0
3848582563,d8448e657de2d4181e64b8fcf0506e9f,1.0,533815283,2495106546,2580370799,2018-07-16,delivered,139.9,17.91,157.81,credit_card,6.0,8.0,-20.0,0.0
3927990371,c7c04230198e37566eee8abf31314112,1.0,1921201486,980232897,1577801571,2018-08-13,delivered,24.99,22.11,47.1,boleto,1.0,10.0,-19.0,0.0
1704265986,7d3ee0bd440416eb22946dad24f7e4c2,1.0,2783159604,3133269672,3267771422,2018-07-09,delivered,22.9,7.9,30.8,credit_card,1.0,4.0,-6.0,0.0
474077244,b9112b92cb06978082fbe1e5576ad73b,1.0,3873787881,513019712,733774970,2018-07-10,shipped,18.5,7.39,25.89,credit_card,1.0,,,
1904819552,0b2e6b4673da2264a5318ef4abe1fd44,1.0,829286886,2466355469,523493826,2018-07-03,delivered,66.99,9.16,76.15,credit_card,2.0,3.0,-17.0,0.0
4226555831,60b3db6cf502ca52a4a43946008b1600,1.0,2266555834,3601885879,189635396,2018-07-31,delivered,39.15,8.43,47.58,credit_card,4.0,6.0,-3.0,0.0
3417519149,6895b2b445ba6fc95b205ec5d0d5f25f,1.0,2448817864,546666890,4229910683,2018-08-19,delivered,102.9,18.82,121.72,credit_card,2.0,9.0,-15.0,0.0
2649977590,cfa5f05fcf442b5faa1cffd73b4fd9ee,1.0,2720988698,540641024,926823165,2018-07-02,delivered,13.65,15.23,28.88,credit_card,2.0,8.0,-10.0,0.0
1991783761,75e659c8ca6e2872f6d35430337e5dc6,1.0,1927917867,713538621,2304947736,2018-08-04,delivered,29.0,15.3,44.3,boleto,1.0,7.0,-9.0,0.0
3727754457,282173a7e501a3bcdf5ac035f2da53ed,1.0,1258739548,2338770647,3094387524,2018-08-16,delivered,69.9,21.13,91.03,credit_card,9.0,7.0,-12.0,0.0
1477169567,9d128b33292eb10e072f1eaacb9b07c4,1.0,1026314760,877051472,1716536501,2018-08-16,delivered,49.9,19.54,69.44,credit_card,1.0,12.0,-3.0,0.0
1979012930,8def5d8e86971efa694dc5192fb2258e,1.0,403460671,1393903013,91113541,2018-07-05,delivered,39.9,11.77,51.67,credit_card,2.0,4.0,-8.0,0.0
1354530346,ad1c343f53639ad550761c2653c191b0,1.0,940568424,1159501270,1868809992,2018-08-08,delivered,150.0,42.03,192.03,credit_card,3.0,14.0,-9.0,0.0
898262294,80cfa0890f4319950ce8e5dae346a7b5,1.0,333916887,3323898604,395408344,2018-08-20,delivered,53.0,23.98,76.98,boleto,1.0,5.0,-9.0,0.0
91063403,5d284e172fe3bafba10f2c60e3ea2047,1.0,445479422,944970780,753329531,2018-07-31,delivered,189.9,25.68,215.58,credit_card,2.0,9.0,-5.0,0.0
2575023746,877ee05a3ef8f89df314644a0136090c,1.0,2868622852,893840574,1423184178,2018-08-21,delivered,129.0,19.0,148.0,credit_card,2.0,3.0,-18.0,0.0
3290284991,a0c98bdda8405aeaa4b87bdcdd25da22,1.0,1944279369,1619330562,123833255,2018-08-17,delivered,50.0,18.15,68.15,credit_card,2.0,10.0,-3.0,0.0
2858981803,4649c5e95df94c2a37938bed23879e64,1.0,1418375366,1960723500,355541326,2018-08-10,delivered,65.52,27.41,92.93,credit_card,1.0,8.0,-13.0,0.0
2053409604,25d3716d0097db13efad1ec47ea26551,1.0,1685915271,1010405546,53223181,2018-08-06,delivered,29.99,18.31,0.0,unknown,0.0,4.0,-11.0,0.0
2098348368,3cf9e0e6567aaa4e7698c34679d269de,1.0,589886496,74994665,4294512883,2018-08-08,delivered,169.9,53.54,223.44,credit_card,4.0,22.0,-13.0,0.0
4197690049,af0139a90e4b6d6681ce1d5c02db67f4,1.0,444414039,335120822,123833255,2018-07-26,delivered,70.0,11.51,81.51,credit_card,1.0,1.0,-7.0,0.0
756881610,958064d074b8767d4e9a988f63c1633f,1.0,3179063843,2707439138,3488828128,2018-08-03,delivered,35.9,13.59,49.49,boleto,1.0,10.0,-2.0,0.0
4219786627,958064d074b8767d4e9a988f63c1633f,2.0,3179063843,2707439138,3488828128,2018-08-03,delivered,35.9,13.59,49.49,boleto,1.0,10.0,-2.0,0.0
74031917,9d4ff04268ad793e7cac36f6224d44dc,1.0,2545577001,1867687460,874615857,2018-08-13,delivered,749.0,62.32,811.32,credit_card,20.0,7.0,-4.0,0.0
1578842472,0ef716d86b77c7bf750b25ef9249d193,1.0,51784504,1726992478,3357702733,2018-08-02,delivered,79.9,19.75,99.65,credit_card,2.0,11.0,-14.0,0.0
2297245373,8d7ab0caaba5e4a2f8e11caff31dfe48,1.0,1253418360,525068697,1480205621,2018-07-31,delivered,658.9,11.87,670.77,credit_card,8.0,1.0,-4.0,0.0
2579246217,0bb6d291f1488ae4922e89c2f6105f33,1.0,1983554660,3248178789,212815993,2018-07-11,delivered,105.99,15.84,121.83,credit_card,3.0,2.0,-17.0,0.0
3471772806,0bb6d291f1488ae4922e89c2f6105f33,2.0,1983554660,3248178789,212815993,2018-07-11,delivered,105.99,15.84,121.83,credit_card,3.0,2.0,-17.0,0.0
2868106632,5d77e951a4327143b2844fb532e7ac82,1.0,3867944202,3637245915,3016182256,2018-08-02,delivered,179.0,16.35,195.35,credit_card,4.0,8.0,-6.0,0.0
3895761640,da9e241d42acffe7f3a590e13f030df0,1.0,1044343653,3426183141,4240353554,2018-07-08,delivered,44.99,23.47,68.46,credit_card,5.0,4.0,-25.0,0.0
3910314732,67f38c0b9d8a42541af92de7b6a19ea5,1.0,1132020695,2537554360,3302929409,2018-07-27,delivered,21.52,8.9,30.42,credit_card,1.0,4.0,-5.0,0.0
2272289425,9da51871b26e9f5356a2544f6540f900,1.0,3269601391,719244909,3804798124,2018-07-23,delivered,250.0,10.5,260.5,credit_card,3.0,2.0,-5.0,0.0
948943291,a080255684c6772ec5153e1b847c9240,1.0,3248409368,2022242738,989903952,2018-08-12,delivered,12.9,14.42,15.410593692022262,credit_card,2.0,7.0,-36.0,0.0
231632025,a080255684c6772ec5153e1b847c9240,2.0,3248409368,3255865861,2312430349,2018-08-12,delivered,94.9,6.56,113.36940630797773,credit_card,2.0,7.0,-36.0,0.0
1169996880,0b84f3f6163172e6ede5bbd0b5b98394,1.0,3917502719,3614100935,1138917008,2018-08-15,delivered,46.0,14.62,60.62,credit_card,3.0,8.0,-6.0,0.0
3064049735,191fad9a46d531249b20f63ff199efe2,1.0,3042666748,2180552260,655950489,2018-07-05,delivered,334.9,25.14,360.04,credit_card,1.0,4.0,-18.0,0.0
1377502539,8a6b47967a3590fb66d3b0a503b7e155,1.0,3019771309,139196323,1480205621,2018-07-24,delivered,859.9,14.18,874.08,voucher,1.0,2.0,-7.0,0.0
1638121606,c8e75378d45ac6daae73b7ff2d236798,1.0,4141448003,3069291882,2023461531,2018-07-04,delivered,60.0,11.44,71.44,credit_card,1.0,1.0,-11.0,0.0
3515589738,e02d97dcec0827bc0ac1ed539b48e546,1.0,3930419789,3123019817,2043647929,2018-08-07,delivered,92.99,13.31,106.3,credit_card,6.0,3.0,-4.0,0.0
3678717109,465ea0b7e27f7e09d3667cb42f5d8648,1.0,278148081,1645750073,1694950908,2018-07-03,delivered,38.0,8.43,46.43,credit_card,2.0,8.0,-8.0,0.0
2490553647,d831255ebb12ef3a8d6dddb6fb54b5c8,1.0,3145004453,156934167,1266529499,2018-08-16,delivered,229.0,28.37,257.37,boleto,1.0,11.0,-21.0,0.0
1304675544,ce82f937c1c716589386a8d4d0cb6747,1.0,20498105,3819586987,3612651122,2018-07-23,delivered,46.9,22.26,69.16,boleto,1.0,10.0,-11.0,0.0
1967224641,85ba2d8c74a7f713dedef40f2d926fd1,1.0,3791632519,2862907781,2511118077,2018-07-25,delivered,120.0,19.14,139.14,credit_card,6.0,5.0,-10.0,0.0
2721149084,7c1336779536fdd545a35df012e0ed5e,1.0,1159766020,1864460880,2627125470,2018-07-17,delivered,129.99,16.01,146.0,credit_card,2.0,6.0,-10.0,0.0
4120356054,b5b45b75641df9adb6a1a1609bcb77f9,1.0,3614401634,4169586860,890939886,2018-07-31,delivered,89.9,18.73,108.63,boleto,1.0,15.0,0.0,0.0
4037274316,24704829c5d1485dea2f9f4c28356b9e,1.0,3111636840,3004605591,357383673,2018-07-19,delivered,159.9,13.78,173.68,debit_card,1.0,8.0,-14.0,0.0
1186153607,0b82d0616f1ad8da15cf967b984b4004,1.0,3817743518,2130516862,1120066099,2018-08-03,delivered,25.0,8.69,33.69,boleto,1.0,6.0,-1.0,0.0
1586225312,91fb016286a84fa7006aa6033499914b,1.0,1081244973,1105029823,2911716792,2018-08-01,delivered,63.9,23.17,0.0,unknown,0.0,20.0,-22.0,0.0
4286263020,49096a052563c7c07964cb46f6f4d572,1.0,2237358940,774870517,3179495650,2018-08-22,delivered,118.0,8.09,126.09,credit_card,2.0,8.0,0.0,0.0
848297796,d8d875126ddbeec8b736ffd7f0b1a4c0,1.0,2440854114,2673733492,1073829281,2018-07-30,delivered,29.99,17.14,47.13,voucher,1.0,15.0,-6.0,0.0
3249329391,3410526e055530279c894ab7542c827f,1.0,1711377370,1936860753,528827331,2018-08-13,delivered,257.0,20.99,277.99,credit_card,2.0,9.0,-26.0,0.0
2633296064,826781a83e7fab9989e0882180d2adc2,1.0,2291313440,178647538,796664912,2018-08-02,delivered,151.56,8.32,159.88,boleto,1.0,26.0,21.0,1.0
424710859,d1ee985bf7378b46fd1058b35c8132da,1.0,4045628582,1902131736,581044507,2018-08-07,delivered,96.58,22.61,119.19,boleto,1.0,13.0,-31.0,0.0
175152914,0f2fc60f7acb6782b5490389a5a89c08,1.0,1484795262,807402939,2886549658,2018-07-26,delivered,22.0,22.87,44.87,credit_card,1.0,14.0,-6.0,0.0
2838117319,0f8415c6898be42b337b26a77fcecbee,1.0,3092797848,2687751354,1910806323,2018-08-01,delivered,379.0,63.63,442.63,credit_card,1.0,9.0,-10.0,0.0
1367724628,0691511b757c6190f85d5c20481ddae1,1.0,1207368805,1696068308,1890048611,2018-07-17,canceled,199.0,18.52,217.52,credit_card,2.0,,,
2861587350,9e1b037882254a396408181e76546b01,1.0,3151324816,1103830472,2636346249,2018-07-23,delivered,27.99,18.3,46.29,credit_card,3.0,6.0,-14.0,0.0
4130489258,c9365b99c90ef6473a7d9cda98faee6a,1.0,3336108953,1081298280,1379301944,2018-07-22,delivered,41.5,8.03,49.53,credit_card,1.0,7.0,-3.0,0.0
2097942593,c7cdb5ada4357751c31d84f94d1a14f7,1.0,3230286984,1912879723,2008019197,2018-07-16,delivered,109.9,57.25,167.15,boleto,1.0,7.0,-14.0,0.0
3512145802,39b07544f44827ecfb759a3544ccab72,1.0,3584047914,3620830551,1868809992,2018-07-31,delivered,196.8,13.68,210.48,boleto,1.0,3.0,-5.0,0.0
3286947100,39b07544f44827ecfb759a3544ccab72,2.0,3584047914,3620830551,1868809992,2018-07-31,delivered,196.8,13.68,210.48,boleto,1.0,3.0,-5.0,0.0
4030671870,e05db2f0411d7fe6af92d64c6fc4bf9d,1.0,1497134783,4066952446,1350631362,2018-07-11,delivered,69.9,13.83,83.73,credit_card,1.0,2.0,-12.0,0.0
2295855326,986f9a6bec9c49daf91e0a02a63885d0,1.0,1300179799,4146794544,1008270582,2018-07-28,delivered,72.0,23.3,95.3,boleto,1.0,7.0,-16.0,0.0
3382704478,7a0e460794b2d836da856ca4c3db095f,1.0,1955799022,1111097416,4055463965,2018-07-01,delivered,34.9,15.34,50.24,debit_card,1.0,10.0,-26.0,0.0
521571020,45060534aef780077c10103b60fe71c4,1.0,2727695684,2298825391,2348458789,2018-07-03,delivered,52.5,18.39,75.90829191417141,credit_card,8.0,7.0,-24.0,0.0
3214454480,45060534aef780077c10103b60fe71c4,2.0,2727695684,984626421,1579174796,2018-07-03,delivered,29.99,18.39,43.36170808582858,credit_card,8.0,7.0,-24.0,0.0
3007080380,b461e43868116fb81d1d91959ae5ea65,1.0,3419513624,2562824348,3485175421,2018-07-22,delivered,68.5,23.28,91.78,credit_card,7.0,5.0,-12.0,0.0
2700488811,537690295b4d85739ba8cbf72ece30b6,1.0,3782623767,4102193398,2681412629,2018-08-05,delivered,79.99,7.82,87.81,boleto,1.0,6.0,1.0,1.0
3606441428,c7f036825b3a87b42323205cee8a693c,1.0,475837234,2119199090,1716536501,2018-07-06,delivered,48.9,38.61,87.51,credit_card,3.0,33.0,2.0,1.0
1781924119,82f5146f4cbd867e3dbd244cef22f2e0,1.0,4177399942,313597105,988567476,2018-07-06,delivered,90.0,27.61,117.61,boleto,1.0,12.0,-21.0,0.0
3074923243,2ef4a11b6e24fdfbb43b92cb5f95edff,1.0,3733474342,2490567674,2465633921,2018-07-23,delivered,19.0,12.86,27.3,credit_card,1.0,3.0,-10.0,0.0
2546478520,2ef4a11b6e24fdfbb43b92cb5f95edff,2.0,3733474342,3198666306,2465633921,2018-07-23,delivered,39.9,12.87,57.32999999999999,credit_card,1.0,3.0,-10.0,0.0
121406742,bfabc9ca0342b03adf7e07f25c4a4058,1.0,2490766747,3153018390,1238869663,2018-08-04,delivered,69.99,18.29,88.28,credit_card,3.0,6.0,-6.0,0.0
764620744,c8f3d770e7079f62444e211a882f3da2,1.0,3292874464,3174491597,1018258220,2018-07-20,delivered,599.65,26.13,625.78,credit_card,8.0,10.0,-8.0,0.0
1831241731,927a7c08b956e780d1a418ec9b5b1551,1.0,1650909763,975655341,2997337676,2018-08-05,delivered,527.9,21.8,549.7,credit_card,6.0,11.0,-13.0,0.0
838449046,1ddeff2fa520dc8916dc524bd3b0e58e,1.0,1119412768,98768206,250985049,2018-08-06,delivered,57.9,8.15,66.05,boleto,1.0,11.0,-5.0,0.0
3952231622,8780697430377d453d0cf3f29848a515,1.0,84292577,534020289,2082347993,2018-07-14,delivered,79.98,40.17,120.15,credit_card,4.0,23.0,-22.0,0.0
2470618905,137f57a202d83cd03668234859e1b2a9,1.0,465986308,2934483497,3546486894,2018-08-04,delivered,19.0,15.23,34.23,credit_card,1.0,9.0,-16.0,0.0
1943774731,a755e8bb9632b9db4b49aa46b30a2fee,1.0,2792490549,3170971992,3807170672,2018-07-20,delivered,26.9,7.61,34.51,credit_card,1.0,9.0,-16.0,0.0
3184875252,5bebe0296b65287e94b489cd279782cc,1.0,2617827601,2644001207,1987382822,2018-08-17,delivered,682.98,20.08,703.06,credit_card,8.0,5.0,-1.0,0.0
2130801852,533e69dda70ac7671a0bda8bb5fc08db,1.0,3947635187,2064524588,95925435,2018-08-04,delivered,139.9,47.93,187.83,credit_card,2.0,20.0,-11.0,0.0
92583705,213d94bed720c45326d1fea2f7fc2b92,1.0,1612218879,3235320359,3401834617,2018-07-23,delivered,610.0,24.91,0.0,unknown,0.0,4.0,-10.0,0.0
1555169551,4a0b592d4d6082de8155698ca49c6345,1.0,4187713480,3211532782,1968527714,2018-07-23,delivered,25.0,10.94,37.1,credit_card,1.0,3.0,-5.0,0.0
1608660976,4a0b592d4d6082de8155698ca49c6345,2.0,4187713480,1879265412,1968527714,2018-07-23,delivered,7.5,4.79,11.13,credit_card,1.0,3.0,-5.0,0.0
2406664598,4a0b592d4d6082de8155698ca49c6345,3.0,4187713480,1879265412,1968527714,2018-07-23,delivered,7.5,4.79,11.13,credit_card,1.0,3.0,-5.0,0.0
870952480,4a0b592d4d6082de8155698ca49c6345,4.0,4187713480,3211532782,1968527714,2018-07-23,delivered,25.0,10.94,37.1,credit_card,1.0,3.0,-5.0,0.0
1959517889,c50a61769f40b372bbbd80499c805d9a,1.0,3957293436,767180015,1919968767,2018-07-05,delivered,110.32,8.03,118.35,boleto,1.0,7.0,-7.0,0.0
2636404305,49ec9dd0000c7df85f49fa626edbae3a,1.0,1307932914,3003297880,1503930686,2018-08-20,delivered,108.9,57.53,166.43,credit_card,5.0,9.0,-13.0,0.0
3361713861,b04d1dd669ddb039cfc706d7bc859e70,1.0,208275673,124069720,2082347993,2018-08-06,delivered,139.98,24.59,164.57,credit_card,1.0,21.0,-1.0,0.0
1925094759,9857b5a9423566b75667ef0fb926bd5b,1.0,1690148367,1584659929,409907446,2018-08-10,delivered,99.9,19.89,119.79,boleto,1.0,10.0,-10.0,0.0
1811251659,24ad06b906180974c449ff61e10cc618,1.0,2292085078,3626856931,2012735916,2018-07-19,delivered,98.0,45.67,143.67,credit_card,1.0,4.0,-4.0,0.0
915845677,cb7e54b683ab7303fa52e2c3975801a6,1.0,2047695199,1277571969,1763790356,2018-08-01,delivered,170.0,53.54,223.54,voucher,1.0,8.0,-38.0,0.0
3546422391,7a1b533ffb0d462fbbd28037d3540a13,1.0,554215843,2119798575,2558590040,2018-07-22,delivered,114.99,21.08,136.07,credit_card,2.0,9.0,-15.0,0.0
1335097937,75dcb90eaffb6ce748938d1b67b1ad87,1.0,3657014772,4215852926,4109428959,2018-08-22,delivered,31.77,12.88,44.65,boleto,1.0,7.0,-16.0,0.0
3247469261,75dcb90eaffb6ce748938d1b67b1ad87,2.0,3657014772,4215852926,4109428959,2018-08-22,delivered,31.77,12.88,44.65,boleto,1.0,7.0,-16.0,0.0
512645004,d46dac528dbfb09fdfc6a62c82d18694,1.0,133753949,3426880263,3807170672,2018-07-04,delivered,79.0,16.74,95.74,credit_card,3.0,6.0,-15.0,0.0
3496702377,93ae3d70a721582a8c0a1d28d804f947,1.0,292620259,4093263410,1573069542,2018-08-07,delivered,45.0,5.6,53.305317324185246,credit_card,6.0,2.0,-25.0,0.0
941892000,93ae3d70a721582a8c0a1d28d804f947,2.0,292620259,99230834,2384848440,2018-08-07,delivered,129.9,26.68,153.87468267581474,credit_card,6.0,2.0,-25.0,0.0
291204418,5834f2a1c94daee3cda85aa62af0a929,1.0,2811114235,147230083,934960704,2018-08-16,delivered,42.49,7.56,50.05,credit_card,3.0,6.0,1.0,1.0
26239597,5b944386c869819d045c1388bb686124,1.0,1241068146,4060862770,112649996,2018-08-11,delivered,24.99,7.44,32.43,credit_card,1.0,3.0,-3.0,0.0
652716811,bc1b85147b5edbb7cbefcf5c1bd5ded9,1.0,1490290404,2523706794,2562196807,2018-07-24,delivered,152.9,23.78,176.68,credit_card,3.0,1.0,-7.0,0.0
2329992989,2bfe52167cb0f38cfbbdca7154dc3da4,1.0,3125308002,2718103869,3539512176,2018-07-09,delivered,184.0,19.39,203.39,credit_card,8.0,3.0,-25.0,0.0
327119885,cb8a63e70a7f664281f701b6abd79fe5,1.0,454848723,1073480157,3314703330,2018-08-17,delivered,87.0,25.71,101.96965583173996,credit_card,10.0,6.0,-32.0,0.0
2523833283,cb8a63e70a7f664281f701b6abd79fe5,2.0,454848723,435679918,3314703330,2018-08-17,delivered,192.0,12.86,225.03648183556408,credit_card,10.0,6.0,-32.0,0.0
3290156963,cb8a63e70a7f664281f701b6abd79fe5,3.0,454848723,1285376178,3314703330,2018-08-17,delivered,76.0,12.86,89.07694072657745,credit_card,10.0,6.0,-32.0,0.0
3940605269,cb8a63e70a7f664281f701b6abd79fe5,4.0,454848723,1073480157,3314703330,2018-08-17,delivered,87.0,25.71,101.96965583173996,credit_card,10.0,6.0,-32.0,0.0
3836253445,cb8a63e70a7f664281f701b6abd79fe5,5.0,454848723,2716320212,3314703330,2018-08-17,delivered,81.0,12.85,94.9372657743786,credit_card,10.0,6.0,-32.0,0.0
3020890733,9c984f2c226fb999a439fcc64c73caa2,1.0,465839180,81864429,1716536501,2018-08-12,delivered,48.9,19.53,68.43,voucher,1.0,5.0,-11.0,0.0
3595479813,676041b8a5301ce900ada76a777fc3fe,1.0,2557494981,2344989424,3193283800,2018-07-25,delivered,18.5,12.79,31.29,credit_card,1.0,5.0,-10.0,0.0
922059487,ac5191d38d98b832e91b416ce1b61e3d,1.0,2409166034,3565572853,4086780073,2018-07-01,delivered,49.0,19.53,68.53,credit_card,3.0,10.0,-29.0,0.0
995535909,aafc642ce2d657010c46d929998e5bd0,1.0,3339039440,574707490,4120033478,2018-07-21,delivered,289.9,21.22,311.12,credit_card,1.0,5.0,-13.0,0.0
1587511925,c82910354fbdc0bc475f3ee34607fd63,1.0,2910931243,894962572,1868809992,2018-07-04,delivered,75.0,44.45,119.45,credit_card,5.0,23.0,-6.0,0.0
844612863,ae6d0f3cc69623d6826ea64fa05a0158,1.0,1267912504,255853343,3734320862,2018-08-07,delivered,31.9,58.49,90.39,credit_card,1.0,14.0,-20.0,0.0
129845059,a87d8e4358ec8697c2eb5dbcc42f8330,1.0,2153697680,2422745456,3796303809,2018-08-01,delivered,69.9,18.59,88.49,credit_card,3.0,5.0,-9.0,0.0
2080856775,b8d5fe8c7958a04cf0e4977be468e370,1.0,1903640419,407118954,989880648,2018-07-05,delivered,106.99,10.06,117.05,credit_card,2.0,1.0,-12.0,0.0
3732271269,a78164444ccfb34deace5aeee405f3a3,1.0,848513829,1329212252,2880307388,2018-08-13,delivered,79.9,9.31,89.21,credit_card,3.0,15.0,1.0,1.0
3289952466,4940ddf2b7091647a772152ed1de4a2b,1.0,988589589,1405719888,3042354952,2018-08-11,delivered,24.0,18.27,42.27,credit_card,1.0,10.0,-10.0,0.0
724149326,32be14d87b5440681042a2135db3e6b5,1.0,1925717682,269474325,1241765477,2018-07-04,delivered,299.08,10.25,309.33,credit_card,6.0,5.0,-15.0,0.0
605007566,3c8c8b2ae428da4a2bd9c4547354630c,1.0,3812156886,4166369659,1778061601,2018-07-04,delivered,22.9,18.26,41.16,voucher,1.0,7.0,-20.0,0.0
2506672345,6a90c84c2efab9939e578dee122b521c,1.0,3908939730,3880537531,2304947736,2018-07-29,delivered,55.0,7.65,62.65,credit_card,1.0,2.0,-2.0,0.0
2869561030,72e300729f4020d73fe590991e104c15,1.0,3050904563,48271333,2870196462,2018-08-08,delivered,69.9,18.59,88.49,credit_card,3.0,8.0,-12.0,0.0
1742706440,65c599e3998c4243f4e62affbf5bcdd7,1.0,3601522031,2702386596,2308685613,2018-08-19,delivered,112.49,18.89,131.38,credit_card,3.0,4.0,-19.0,0.0
3912289512,9146c78cd5cb5e53ee985a7feb72e76f,1.0,876823361,2997573941,737969628,2018-08-08,delivered,114.9,15.11,130.01,credit_card,1.0,6.0,-1.0,0.0
2750686881,c51896219e771f4b680de92cc5b286c5,1.0,1434072222,1175674364,2304947736,2018-08-21,delivered,54.0,15.48,69.48,voucher,1.0,9.0,-7.0,0.0
2481781595,9fcad2458d10ff81bb03d63253ac603d,1.0,400133885,3977967792,395408344,2018-07-17,delivered,102.62,59.95,162.57,credit_card,3.0,5.0,-10.0,0.0
284359929,441c5a5da055ac9043e37bc8b976654f,1.0,547638851,3971556098,1279646700,2018-08-10,delivered,92.9,18.75,0.0,unknown,0.0,10.0,-10.0,0.0
2887550465,baa297bb0f3189e5aec7838ec35b5efc,1.0,899180929,3825221044,3633342575,2018-08-06,delivered,23.8,12.83,36.63,credit_card,3.0,3.0,-11.0,0.0
1270864063,24b2d434709c901b14bca606ef51cecd,1.0,3952411808,1125191315,2312430349,2018-08-04,delivered,94.9,14.96,109.86,boleto,1.0,5.0,-4.0,0.0
70295885,003cc6161d7a2593f2525cce0c330d32,1.0,4004759857,2926062330,4185397625,2018-08-03,delivered,85.0,12.9,97.9,credit_card,4.0,3.0,-1.0,0.0
2449383562,b56c486f60a660f25910c3842f15e886,1.0,3122249240,33593370,3858754978,2018-07-26,delivered,59.99,35.65,95.64,boleto,1.0,13.0,-8.0,0.0
2476852882,cb344f22b72163e62e6ded63d2e2606e,1.0,3190655563,1877219406,2331236160,2018-08-13,delivered,19.95,8.3,28.25,credit_card,1.0,8.0,-2.0,0.0
3190233434,1a9b5dd397fc3ec9e54ff4b9a738a37e,1.0,1913233449,2396729096,1125369443,2018-08-16,delivered,120.0,17.03,137.03,credit_card,3.0,7.0,-11.0,0.0
243425796,45f323ee344dfe76bcd78bc41c962c91,1.0,2895808956,3561404005,2304947736,2018-08-02,delivered,55.0,3.5,75.38173076923077,credit_card,3.0,25.0,5.0,1.0
841869091,45f323ee344dfe76bcd78bc41c962c91,2.0,2895808956,1279111887,2304947736,2018-08-02,delivered,49.0,35.04,67.15826923076922,credit_card,3.0,25.0,5.0,1.0
2952766726,d2ce9688abb199cda1a106b293847827,1.0,2848886230,718071674,1734769477,2018-08-26,delivered,29.9,7.47,37.37,credit_card,1.0,4.0,-5.0,0.0
4068583132,1d1e5f659ad884a3f1a760dd28e5606a,1.0,2499644456,2653143446,1361108180,2018-07-19,delivered,69.99,13.83,83.82,credit_card,2.0,10.0,-4.0,0.0
4158329280,1ff300a1e66c173fd9dba91d3b3db4d1,1.0,1944074221,143734349,179864683,2018-07-30,delivered,84.9,7.85,92.75,credit_card,2.0,2.0,-5.0,0.0
1364993234,79581b0708489f6f9539c0d29dc53bb7,1.0,1104391094,545289011,3016875889,2018-07-22,delivered,79.9,20.51,100.41,credit_card,4.0,7.0,-17.0,0.0
3127832448,214ee2e6750c4a27ac6121b731034858,1.0,110926427,2067738168,1755005248,2018-07-19,delivered,69.9,18.54,88.44,boleto,1.0,7.0,-12.0,0.0
1926946900,e1dc59c8a0073f7889eb0b714c97eacf,1.0,1102939109,3601059045,3633342575,2018-08-04,delivered,13.99,12.79,26.78,boleto,1.0,8.0,-7.0,0.0
1981880272,9c319e5a1a2056f61e9f44bd5be2f11b,1.0,3689138960,2905291941,2023461531,2018-08-08,delivered,138.0,13.63,151.63,credit_card,2.0,5.0,-8.0,0.0
1626675833,de4f573359ebca3ee24bbe7cddb31052,1.0,802779258,1039834863,3169644834,2018-07-21,delivered,29.99,60.49,90.48,credit_card,9.0,14.0,-18.0,0.0
3205797225,29bcc6a8befe426cad7140eb616f16fe,1.0,3371941422,2565245950,1970316074,2018-08-04,delivered,69.9,9.24,79.14,credit_card,1.0,10.0,-3.0,0.0
2693324953,92822ff2220ab001aba01e753780cfe4,1.0,778611604,2872197303,1250028102,2018-08-19,delivered,69.0,34.24,103.24,credit_card,2.0,9.0,-5.0,0.0
1963324449,1a89170dbb050ebb1530d3f2c574d4dd,1.0,3710294790,270676688,3807170672,2018-08-24,delivered,88.0,18.42,106.42,credit_card,1.0,5.0,-15.0,0.0
1109345244,36f4478e93bb401c1938f739d085591a,1.0,3370844116,3997761179,4220048581,2018-08-18,delivered,218.0,34.99,252.99,credit_card,1.0,9.0,-37.0,0.0
1336499581,e0e56ee9a26b56fbc06c26bdfd061f2b,1.0,3980642093,3647223664,2278069784,2018-08-16,delivered,24.8,13.51,38.31,boleto,1.0,8.0,-3.0,0.0
3912773815,e0e56ee9a26b56fbc06c26bdfd061f2b,2.0,3980642093,3647223664,2278069784,2018-08-16,delivered,24.8,13.51,38.31,boleto,1.0,8.0,-3.0,0.0
761457608,4abba1209ac9ef2480b19c2e88391f23,1.0,3154881206,2270659916,229483877,2018-08-01,delivered,109.9,13.43,123.33,boleto,1.0,5.0,-4.0,0.0
823132576,43c04de0613b79c2470b22e171cc848d,1.0,3405746329,3039815020,2629314654,2018-07-22,delivered,7.99,7.39,15.38,credit_card,1.0,2.0,-7.0,0.0
2760293305,2829e7fdff89a6af03cb5de5348ecf3f,1.0,4099977997,356787554,2890074202,2018-08-10,delivered,34.0,50.96,84.96,credit_card,8.0,12.0,-18.0,0.0
2010184679,660c1d7b1c79eac538006732c1246f32,1.0,1901019640,2364987807,1734769477,2018-08-13,delivered,114.9,23.6,138.5,credit_card,4.0,8.0,-10.0,0.0
1314987177,9991ee8a375a021fcb40b5ecf9902e5d,1.0,1823837543,3385359633,3942029387,2018-08-03,delivered,169.99,15.5,185.49,credit_card,10.0,7.0,-5.0,0.0
1265008344,0d2b97cf9a17b4e44a12371fa7536c1c,1.0,3108248432,1529402584,3522250725,2018-07-22,delivered,45.97,19.51,65.48,credit_card,2.0,12.0,-5.0,0.0
3239905360,d089c57c3f1314fa5bb23b8416231e81,1.0,24940454,3911629916,368619248,2018-07-22,delivered,148.0,23.76,171.76,credit_card,3.0,10.0,-14.0,0.0
4171008500,7d026db5c988be1bc3facec0e7fdb8c9,1.0,3143223967,720473573,84469676,2018-08-07,delivered,79.9,26.86,0.0,unknown,0.0,15.0,-5.0,0.0
4134458953,db29e664063fa3557cde395e02920f42,1.0,1603498333,213896097,2311735569,2018-08-12,delivered,34.99,11.27,46.26,credit_card,3.0,5.0,-2.0,0.0
872646860,7e8734a38ac8a79a7235d256f581e885,1.0,3191228261,1442997040,2220783281,2018-08-07,delivered,33.9,19.15,53.05,credit_card,1.0,7.0,-6.0,0.0
2603151216,7f88683c8e73da556d652a823d4050f4,1.0,1479537598,1696919580,2636346249,2018-08-09,delivered,29.99,22.93,52.92,credit_card,1.0,18.0,-4.0,0.0
2915940202,9b0736df64a320c985e2aa02453ce16f,1.0,2945176272,1923745417,960009223,2018-08-23,delivered,79.99,8.72,88.71,boleto,1.0,5.0,0.0,0.0
3970308873,80c6a53cf1e905c00caa7d3d85a4bdb1,1.0,1565265317,2254554039,4194263931,2018-08-04,delivered,125.0,22.81,147.81,credit_card,3.0,20.0,-13.0,0.0
1900739454,205f0525fe708de4db2434516fe7c376,1.0,3780123965,4146794544,1008270582,2018-07-19,delivered,72.0,23.3,95.3,credit_card,1.0,12.0,-8.0,0.0
3852167466,205f0525fe708de4db2434516fe7c376,2.0,3780123965,4146794544,1008270582,2018-07-19,delivered,72.0,23.3,95.3,credit_card,1.0,12.0,-8.0,0.0
1268178185,9f6dfd14e123bd6e6372b4c0723a0d8e,1.0,296096501,880070998,2622583364,2018-07-30,delivered,119.9,13.5,133.4,credit_card,3.0,4.0,-4.0,0.0
4067758675,6acf2b0f288195a72858fa65ff2c43c7,1.0,3194201071,97540280,3720054999,2018-07-25,delivered,44.0,22.24,66.24,credit_card,1.0,8.0,-13.0,0.0
4074652146,6acf2b0f288195a72858fa65ff2c43c7,2.0,3194201071,97540280,3720054999,2018-07-25,delivered,44.0,22.24,66.24,credit_card,1.0,8.0,-13.0,0.0
1804940943,2868cec2c0d3cc29873e13a46f55f532,1.0,1787974858,1553871406,373604831,2018-07-24,delivered,35.0,11.53,42.99455445544554,boleto,1.0,5.0,-17.0,0.0
66177330,2868cec2c0d3cc29873e13a46f55f532,2.0,1787974858,1577731245,1694950908,2018-07-24,delivered,66.0,11.54,81.07544554455446,boleto,1.0,5.0,-17.0,0.0
1579460487,87dc3fd7007c4660f83c57f210061b28,1.0,3574559002,3818021243,2023461531,2018-08-15,delivered,289.0,14.68,303.68,credit_card,4.0,14.0,-1.0,0.0
2491513535,5e6f7229aec06e67732033777ee84816,1.0,3506635211,3987684668,123833255,2018-08-17,shipped,180.0,15.57,195.57,debit_card,1.0,,,
992633336,a5a1cabede9ba7b85cc04f0c65bddb88,1.0,3153737294,3318461651,1549372684,2018-08-03,delivered,19.99,9.27,29.26,credit_card,1.0,4.0,-6.0,0.0
370022665,a5a1cabede9ba7b85cc04f0c65bddb88,2.0,3153737294,3318461651,1549372684,2018-08-03,delivered,19.99,9.27,29.26,credit_card,1.0,4.0,-6.0,0.0
903086601,de57d3e5ce7ac9d723a9572aac2b7fc3,1.0,8105215,1649967436,2598814270,2018-07-28,delivered,49.9,37.26,87.16,credit_card,1.0,10.0,-9.0,0.0
999284815,616af40af63ff5056d43ea07a322c10f,1.0,3026285237,4182838189,4185397625,2018-07-31,delivered,22.0,7.41,29.41,credit_card,1.0,1.0,-1.0,0.0
2232951383,95602660d1840a734d33125e90ce2b00,1.0,1095240084,4149936340,447945570,2018-08-01,delivered,219.49,8.8,228.29,boleto,1.0,2.0,-6.0,0.0
2826337709,c8e0e4f524c41556bad4eea44f53211c,1.0,3731604046,1245653087,819761952,2018-08-11,delivered,43.0,18.4,61.4,boleto,1.0,11.0,-5.0,0.0
950562263,4f6b1944e5dab6270cb4010b00edb3bc,1.0,924171470,1868715417,2971376258,2018-07-04,delivered,35.0,13.83,0.0,unknown,0.0,5.0,-14.0,0.0
2325384009,421bb69fc426ab8530ef85399541a9ac,1.0,1668742051,2292542890,9861004,2018-08-03,delivered,119.9,76.17,196.07392186848327,credit_card,10.0,10.0,-14.0,0.0
2107286916,421bb69fc426ab8530ef85399541a9ac,2.0,1668742051,4154964817,9861004,2018-08-03,delivered,119.9,76.16,196.07392186848327,credit_card,10.0,10.0,-14.0,0.0
638914825,421bb69fc426ab8530ef85399541a9ac,3.0,1668742051,452998152,2880307388,2018-08-03,delivered,119.85,76.16,195.9921562630335,credit_card,10.0,10.0,-14.0,0.0
3284527934,d0963bb4fb0e49ea7dd1b7ebece20a27,1.0,3602588562,3154776892,84469676,2018-08-20,delivered,49.9,19.54,69.44,debit_card,1.0,9.0,-12.0,0.0
304926312,62419df94d06b6b6bf72229e1acbf3fb,1.0,3751479845,2518723427,2339751197,2018-08-21,delivered,37.5,9.01,46.51,debit_card,1.0,2.0,-5.0,0.0
2101094932,62419df94d06b6b6bf72229e1acbf3fb,2.0,3751479845,2518723427,2339751197,2018-08-21,delivered,37.5,9.01,46.51,debit_card,1.0,2.0,-5.0,0.0
2850085549,4c1b702493f9e6a8e7ab024bd34ba0d4,1.0,1029759409,2113594583,1436988880,2018-08-02,delivered,148.0,23.84,171.84,credit_card,8.0,6.0,-7.0,0.0
868488708,a8ad75728836e5b2103463b917d0e6f4,1.0,3686723651,1086730133,1868809992,2018-08-01,delivered,320.0,45.38,365.38,credit_card,1.0,6.0,0.0,0.0
2506350732,5d4a1a39a8e54051757df8e8f570c8bd,1.0,2568475242,3403333100,3443170030,2018-08-06,delivered,440.0,30.06,470.06,credit_card,1.0,4.0,-6.0,0.0
4069842549,54294e5e2e918ef6ac62494144f35b06,1.0,1924273387,2451553365,3246024146,2018-08-13,delivered,150.4,23.76,174.16,credit_card,10.0,14.0,8.0,1.0
278579682,a16de84e54832907eaaa4084dd0d90d2,1.0,1986534080,505773128,1716536501,2018-08-04,delivered,49.9,23.15,73.05,credit_card,5.0,9.0,-9.0,0.0
2799562122,b4af9113418b5d23955be04b49dc6f96,1.0,3636491011,1225418480,3670166590,2018-07-31,delivered,24.99,12.84,37.83,credit_card,1.0,2.0,-10.0,0.0
2727332081,b4af9113418b5d23955be04b49dc6f96,2.0,3636491011,1225418480,3670166590,2018-07-31,delivered,24.99,12.84,37.83,credit_card,1.0,2.0,-10.0,0.0
1979558630,76013ca21d1b217c99b5c350c6e67a11,1.0,1614243574,4064384028,3583083943,2018-08-16,delivered,29.7,18.01,0.0,unknown,0.0,7.0,-5.0,0.0
2901501648,238316b0b618fa83761d76afebbf6e46,1.0,3095668368,1784008237,2261194409,2018-08-12,delivered,55.0,23.19,78.19,credit_card,6.0,8.0,-7.0,0.0
960379687,c0bc6e5c9ad833c1a7a566871b33c938,1.0,717969910,1364698460,3700740456,2018-08-03,delivered,48.99,15.44,64.43,credit_card,3.0,7.0,-5.0,0.0
4180804620,b8e3ff54d639c2f49ecf02fd959dea2c,1.0,490552480,3807588825,3147389048,2018-08-05,delivered,109.0,56.11,165.11,credit_card,3.0,8.0,-10.0,0.0
2424981337,d11ac1d30aa28bac52a87c61ac170cea,1.0,3584808797,2977939772,3355778793,2018-08-23,delivered,139.99,17.17,0.0,unknown,0.0,6.0,-16.0,0.0
1880385965,08fb5d31021fb887ce4ab33b8cdb804e,1.0,227557113,2128215339,1628249471,2018-08-16,delivered,50.75,13.02,63.77,credit_card,1.0,12.0,-13.0,0.0
1745492008,b9eaa4a76558ca828580d82dec38cca9,1.0,3424907644,2935937690,242663277,2018-08-05,delivered,129.0,67.49,196.49,credit_card,2.0,11.0,0.0,0.0
2235875259,137843e808a43d21cdfaee7fa80fb487,1.0,2760568719,3677795901,4254278802,2018-07-23,delivered,99.0,18.79,117.79,credit_card,1.0,8.0,-10.0,0.0
4279547065,616dfda2aa81fd23f5e8f47619f650be,1.0,3379754198,4237942653,655950489,2018-08-19,delivered,44.9,13.89,58.79,credit_card,1.0,7.0,-16.0,0.0
2712043934,7d1541a6b298a1d3e07f889c595e69c3,1.0,3663262025,2212825719,3366215599,2018-07-28,delivered,129.9,40.1,170.0,credit_card,3.0,14.0,-12.0,0.0
1779934791,b446a93ccd5bf1a2c97c4fe3cdfe2707,1.0,2961434695,4161888520,1577801571,2018-07-05,delivered,29.46,7.46,37.040796277145816,credit_card,1.0,8.0,-5.0,0.0
3437316954,b446a93ccd5bf1a2c97c4fe3cdfe2707,2.0,2961434695,2796427863,1577801571,2018-07-05,delivered,28.56,7.47,35.90920372285419,credit_card,1.0,8.0,-5.0,0.0
255903702,32bc89adafbfd38be0cf6931769c6a6d,1.0,4016143126,563396103,3115096273,2018-07-20,delivered,49.0,24.69,73.69,credit_card,3.0,16.0,-8.0,0.0
786062660,c2b170fa201b85b5a2447365d111af05,1.0,2568567280,3478202829,918571473,2018-07-15,delivered,155.97,16.19,172.16,credit_card,3.0,15.0,-9.0,0.0
1665822068,00eead1d5a799277ef3d6b387b0bebef,1.0,2770036122,2413621728,2250123381,2018-08-27,delivered,85.0,13.26,98.26,credit_card,5.0,3.0,-7.0,0.0
576760505,912a3bbff3a8f1111bad251a57063042,1.0,2359053136,4151761977,3768269081,2018-07-18,delivered,795.0,63.65,858.65,credit_card,10.0,10.0,-23.0,0.0
3321417036,ad65db823bb3d24954abfc66ee67b165,1.0,2129614510,659890067,3900748527,2018-07-01,delivered,45.9,15.42,61.32,boleto,1.0,9.0,-12.0,0.0
2187933026,55f95b4afd88a480bacd1acd837e5953,1.0,434274265,3572474866,123833255,2018-08-17,delivered,19.0,18.23,37.23,credit_card,3.0,11.0,-14.0,0.0
466869216,baa1cc285dc359539824dcc3d6799044,1.0,123845807,2861363759,447945570,2018-07-20,delivered,197.9,24.15,222.05,credit_card,3.0,11.0,-8.0,0.0
740102976,1539046dbe3e4a2ea41e0fc3e7e50cc5,1.0,2791572193,2325643676,3734320862,2018-08-12,delivered,99.88,15.01,114.89,credit_card,3.0,10.0,-1.0,0.0
1867618700,d8c2d5ded5aae20ac6a6e9ef34d9c3dd,1.0,1558788036,2444419910,372596841,2018-07-23,delivered,160.0,19.22,179.22,credit_card,4.0,7.0,-10.0,0.0
3369652796,40e7e406d2aadf3fb95b04e41909b29a,1.0,322970675,2261244165,1125369443,2018-08-14,delivered,120.0,22.99,0.0,unknown,0.0,9.0,-21.0,0.0
2557199001,3843764d4f30d3653388f1b55c3a9ac5,1.0,923435224,263537315,3328863116,2018-07-03,delivered,109.9,18.87,0.0,unknown,0.0,3.0,-19.0,0.0
823227689,8ffb58ad396250f240a3969dfbbc586c,1.0,3024734787,3478202829,918571473,2018-07-15,delivered,155.97,8.35,164.32,credit_card,2.0,10.0,-7.0,0.0
1696597636,8953a647003d73790117d36c57de87b8,1.0,2627892133,3998677005,1138781032,2018-08-05,delivered,55.98,9.7,65.68,credit_card,2.0,8.0,0.0,0.0
3153559153,8953a647003d73790117d36c57de87b8,2.0,2627892133,3998677005,1138781032,2018-08-05,delivered,55.98,9.7,65.68,credit_card,2.0,8.0,0.0,0.0
2719761097,5e0d84280f3a96b37d0228b21ffeb4f6,1.0,648138170,3905971436,3773013363,2018-08-21,delivered,130.0,9.66,139.66,credit_card,1.0,1.0,-1.0,0.0
2906803718,83329d0539a9b3f087f05db119bee0d6,1.0,3040223197,659223735,4220048581,2018-08-14,delivered,139.99,41.96,181.95,credit_card,12.0,27.0,18.0,1.0
2243216189,ccbbefa45f3de84ef18124da1beedf7d,1.0,597906046,2868762806,3358667535,2018-07-10,delivered,62.9,14.75,77.65,credit_card,7.0,5.0,-10.0,0.0
613899711,dbd51aaa65a18413d5c1a97a0bc41bf4,1.0,887523620,4031114987,3485175421,2018-07-23,delivered,88.0,23.42,111.42,credit_card,5.0,6.0,-17.0,0.0
984886014,4809cd2c1bf682210c70023118f90090,1.0,2237785978,2695835434,1553669565,2018-07-31,delivered,26.9,15.29,42.19,boleto,1.0,14.0,-6.0,0.0
1548075441,4809cd2c1bf682210c70023118f90090,2.0,2237785978,2695835434,1553669565,2018-07-31,delivered,26.9,15.29,42.19,boleto,1.0,14.0,-6.0,0.0
453527675,051c701261744807b2535ab976842f7e,1.0,3444240233,3845397205,392238237,2018-07-08,delivered,159.9,18.33,178.23,credit_card,3.0,3.0,-8.0,0.0
3939530090,35ae091cd580f7c6dbb7f8c1552740fd,1.0,4139763084,3363469831,740847726,2018-08-15,delivered,19.9,15.24,35.14,credit_card,1.0,5.0,-4.0,0.0
3157747768,35a972d7f8436f405b56e36add1a7140,1.0,3008117868,1241208376,2023461531,2018-08-29,delivered,84.99,8.76,93.75,credit_card,1.0,1.0,-6.0,0.0
1794471281,666e09695a076343da1fb9643f68adc7,1.0,3325527568,2403206639,3485175421,2018-08-01,delivered,64.0,19.64,83.64,credit_card,8.0,5.0,-9.0,0.0
609220659,35326cf9d55498696560de9c17be2511,1.0,1167449680,718071674,1734769477,2018-08-09,delivered,29.9,7.47,37.37,boleto,1.0,7.0,-1.0,0.0
4205075740,c6f6b7098338abbafdecc3ee3ff4bb66,1.0,1241180188,2983913894,1579044475,2018-08-04,delivered,110.0,22.7,132.7,credit_card,3.0,5.0,-13.0,0.0
136144248,73a15e8fc5de8485d1f16639bc66a273,1.0,2536765948,4195906512,2204324850,2018-08-14,delivered,65.9,8.0,73.89666666666666,credit_card,2.0,16.0,-22.0,0.0
3055025433,73a15e8fc5de8485d1f16639bc66a273,2.0,2536765948,4195906512,2204324850,2018-08-14,delivered,65.9,8.0,73.89666666666666,credit_card,2.0,16.0,-22.0,0.0
20228085,73a15e8fc5de8485d1f16639bc66a273,3.0,2536765948,4195906512,2204324850,2018-08-14,delivered,65.9,8.0,73.89666666666666,credit_card,2.0,16.0,-22.0,0.0
510423266,655a5b69bafd871b61130f67836142ae,1.0,3394191213,462937979,2490225171,2018-07-24,delivered,12.5,15.23,27.73,credit_card,1.0,6.0,-15.0,0.0
587480272,d9fa4ce136debee4083c12f5073aeb79,1.0,107993075,3691969606,4289768623,2018-07-10,delivered,74.67,15.62,90.29,boleto,1.0,3.0,-17.0,0.0
2760204219,b899ac30c0df28d003611ad4999aa487,1.0,14431297,2020487813,3285683747,2018-08-02,delivered,55.0,18.49,73.49,credit_card,2.0,8.0,-4.0,0.0
543833632,2f4912b4871e8127d9932edd5a1ae62e,1.0,2792999356,4009073587,1622092360,2018-07-15,delivered,129.0,43.18,172.18,voucher,1.0,8.0,-10.0,0.0
1015000137,b2c1d65b858a8658622354076fafbd0c,1.0,610723235,174750780,523493826,2018-08-09,delivered,122.99,63.11,186.1,credit_card,3.0,11.0,-14.0,0.0
3808624074,171b95be9dfea0748f5bb8f017882f8f,1.0,1957517937,1854062967,1019739776,2018-08-14,delivered,161.99,18.34,180.33,boleto,1.0,3.0,0.0,0.0
3612575453,0853e0536bc0b71240beedd97501bd7b,1.0,2132554635,4064800863,1863816375,2018-07-15,delivered,478.0,20.28,498.28,credit_card,10.0,9.0,-23.0,0.0
1883908385,0bcb4fff8fdbd415067a30c6694deb7a,1.0,3497976761,2078185077,2880307388,2018-08-13,delivered,119.85,23.64,143.49,credit_card,2.0,15.0,-14.0,0.0
2396192769,5daaa187e63c2f1c7636a129c6afc3c3,1.0,3777827746,731809599,3044892124,2018-08-07,delivered,30.0,50.93,80.1,credit_card,5.0,13.0,-25.0,0.0
3777599507,5daaa187e63c2f1c7636a129c6afc3c3,2.0,3777827746,288217318,3044892124,2018-08-07,delivered,31.0,50.94,82.77000000000001,credit_card,5.0,13.0,-25.0,0.0
3425827135,830e8ecaa817b531901cfa5dc4a68ba3,1.0,244360269,3490772157,1650698096,2018-07-30,delivered,97.15,14.02,111.17,voucher,1.0,3.0,-5.0,0.0
2720674174,5c8016724722d7906a7e8cfa22d7727d,1.0,4135787153,3388749210,1970316074,2018-08-05,delivered,42.0,7.55,49.55,credit_card,1.0,10.0,-1.0,0.0
1319479236,28f5b7eeb630d537533dec10991130fc,1.0,1590662969,3925402462,1408870915,2018-08-13,delivered,129.99,23.71,153.7,credit_card,10.0,9.0,-7.0,0.0
3051523241,9f2c42d6f142a06f2c575576ad53adb3,1.0,1165860029,793791739,4194263931,2018-08-11,delivered,65.0,8.2,73.2,credit_card,2.0,16.0,3.0,1.0
3878647494,9f2c42d6f142a06f2c575576ad53adb3,2.0,1165860029,793791739,4194263931,2018-08-11,delivered,65.0,8.2,73.2,credit_card,2.0,16.0,3.0,1.0
2848369049,54edbcd83d8fbad3487e450926ce78f0,1.0,2193251511,316445809,1654754434,2018-07-25,delivered,95.0,15.74,110.74,credit_card,1.0,13.0,-9.0,0.0
3420836989,54edbcd83d8fbad3487e450926ce78f0,2.0,2193251511,316445809,1654754434,2018-07-25,delivered,95.0,15.74,110.74,credit_card,1.0,13.0,-9.0,0.0
3142251604,363177bc6f8d8d0c551b5b623bad4381,1.0,524301084,2975261047,3664770205,2018-07-31,delivered,164.9,19.25,184.15,credit_card,6.0,6.0,-8.0,0.0
2850494275,71cddfd6e49811c604b95c4b69c4393a,1.0,4286283025,984003262,3588211216,2018-07-30,delivered,36.9,13.74,50.64,credit_card,1.0,6.0,-10.0,0.0
1981178830,4d24605b62596483861b472f2c596e23,1.0,919437117,2043294332,1716536501,2018-08-16,delivered,49.9,11.37,61.27,credit_card,6.0,3.0,-3.0,0.0
1838597996,61adc85552ac2f95e8d9ce8274b3bdaf,1.0,2019408529,3534896104,1009744371,2018-07-10,delivered,33.99,7.5,41.49,credit_card,1.0,2.0,-6.0,0.0
2902240184,dab96f487f4979e8da25ec94ecc1f33a,1.0,4179417216,114586108,989903952,2018-08-16,delivered,61.9,23.23,85.13,credit_card,4.0,11.0,-1.0,0.0
1826519024,72cb6d46554fe12d2931f8c16f386f51,1.0,4272421608,2591961373,2566875709,2018-08-16,delivered,169.0,84.1,253.1,credit_card,10.0,12.0,-17.0,0.0
2646847856,2a1ceca1522e8bf484583ef111e921c4,1.0,1331672975,328045808,1379301944,2018-07-13,delivered,37.99,20.99,58.98,credit_card,1.0,26.0,-19.0,0.0
3755132574,0450f2effaa0b03d5c7c5456338f48ff,1.0,2624840535,1651242996,2023461531,2018-08-17,delivered,12.99,18.23,31.22,credit_card,3.0,10.0,-4.0,0.0
1198232939,cd94df7a0a839741782e115e9cb997fe,1.0,3366692349,1283794037,2866776968,2018-08-09,delivered,319.0,20.03,339.03,credit_card,6.0,8.0,-12.0,0.0
235347489,2e902692c167fd257e783627a147da98,1.0,3256929961,3211903509,123833255,2018-07-26,delivered,39.0,15.37,54.37,credit_card,5.0,6.0,-22.0,0.0
2855495097,2e902692c167fd257e783627a147da98,2.0,3256929961,3211903509,123833255,2018-07-26,delivered,39.0,15.37,54.37,credit_card,5.0,6.0,-22.0,0.0
3495630911,1800047130a05e584deadf5893a3c74b,1.0,3323351134,3201228581,3659481684,2018-08-22,delivered,18.89,17.06,35.95,credit_card,1.0,8.0,-25.0,0.0
2108081109,a0f71283b8cf0eeaeb3bbba7894ae11c,1.0,4260644102,793791739,4194263931,2018-08-11,delivered,65.0,13.8,78.8,voucher,1.0,12.0,-7.0,0.0
177915618,3fd2328e67f3fa7eefe3738b5eccc86c,1.0,3701879050,2087004605,2304947736,2018-07-24,delivered,189.0,8.58,197.58,boleto,1.0,3.0,-5.0,0.0
2713843456,9a99c1f97699ec839f7966eb7c7d5afa,1.0,4191669285,1810168937,935749508,2018-07-25,delivered,60.0,13.97,74.8353982300885,credit_card,1.0,6.0,-7.0,0.0
2094443974,9a99c1f97699ec839f7966eb7c7d5afa,2.0,4191669285,3854635311,1579174796,2018-07-25,delivered,53.0,13.97,66.10460176991151,credit_card,1.0,6.0,-7.0,0.0
2689617375,88a7f34793df2b92c81d02a09cec8e89,1.0,1900184694,2762677662,3643812432,2018-08-06,canceled,113.25,16.98,130.23,boleto,1.0,,,
1775370601,6d1f29a9262130c47ca823ee31e85c17,1.0,3878537438,4089860918,604144110,2018-07-14,delivered,72.9,19.42,92.32,boleto,1.0,10.0,-10.0,0.0
3332036245,91e573f4d0f3c29490414ff2f58a423c,1.0,453049535,2746034656,261066546,2018-08-02,delivered,116.9,15.92,132.82,credit_card,3.0,5.0,-3.0,0.0
3613046756,6e787abee7049d6c51663bdf25a4b2cf,1.0,142072217,2209229640,1716536501,2018-07-20,delivered,48.9,19.53,68.43,credit_card,1.0,19.0,0.0,0.0
1760345661,912859fef5a0bd5059b6d48fa79d121a,1.0,1498087340,3448424851,1480205621,2018-08-29,delivered,169.8,8.45,178.25,credit_card,1.0,1.0,-5.0,0.0
2356196739,9ffb318d17153de8c18c817b99338e0a,1.0,3360535338,49306087,1672091742,2018-08-21,delivered,29.99,7.47,37.46,credit_card,1.0,2.0,-5.0,0.0
1757640152,03abe0f86b91213bd62793ca180b232d,1.0,1161605689,3880537531,2304947736,2018-07-09,delivered,55.0,37.3,92.3,credit_card,2.0,21.0,-3.0,0.0
3684955100,348ca978ba86600e3f6e9b984c52e6d6,1.0,1723950814,3700929017,737969628,2018-08-16,delivered,99.9,23.5,123.4,debit_card,1.0,11.0,-4.0,0.0
2218138052,8258f7e8bc8122521bed9d5c4c91a1c6,1.0,3764442106,2978741199,1697610639,2018-08-13,delivered,105.0,8.9,113.9,credit_card,3.0,7.0,-1.0,0.0
1438843912,27704e7d86a04739ad6b19bbc202cd4d,1.0,2345181223,1668038383,3633342575,2018-07-02,delivered,17.0,7.69,24.8438,credit_card,6.0,1.0,-12.0,0.0
2882977950,27704e7d86a04739ad6b19bbc202cd4d,2.0,2345181223,2439441972,3633342575,2018-07-02,delivered,18.0,7.69,26.3052,credit_card,6.0,1.0,-12.0,0.0
1265470012,27704e7d86a04739ad6b19bbc202cd4d,3.0,2345181223,304943088,3633342575,2018-07-02,delivered,15.0,7.69,21.921,credit_card,6.0,1.0,-12.0,0.0
490522413,536a79f3bcb2ac2163cd5c46695fb573,1.0,2580232881,1529402584,3522250725,2018-08-20,delivered,45.97,23.12,69.09,credit_card,1.0,7.0,-1.0,0.0
2304340894,b9885c0bcf45df857434c48dccfcd3fc,1.0,53810799,887825307,2173695781,2018-08-21,delivered,139.0,66.18,205.18,credit_card,5.0,8.0,-21.0,0.0
2820659346,a5a5537520c39fc7d242138689e1f77e,1.0,326595974,3810383467,701190750,2018-08-05,delivered,103.0,23.87,126.87,boleto,1.0,16.0,-2.0,0.0
1767283461,101181f5adb1f9b1084fc5ded1160d75,1.0,2837926962,463014650,3807170672,2018-08-06,delivered,36.9,18.36,55.26,credit_card,2.0,6.0,-15.0,0.0
3132463464,9fe311dd7e1b6943bed63fd01c7e5829,1.0,672142103,1597415275,1503930686,2018-08-13,delivered,95.9,23.47,119.37,boleto,1.0,8.0,-15.0,0.0
813852615,a4003dc7a43aebf4aa6543e230de8de4,1.0,2125995348,1760965937,3796303809,2018-08-01,delivered,116.8,15.92,132.72,credit_card,2.0,5.0,-25.0,0.0
328302043,776cdb75db89297ce0fd26c15adac1a4,1.0,880426884,182281350,2997337676,2018-07-14,delivered,249.9,28.05,277.95,debit_card,1.0,6.0,-21.0,0.0
3611152483,2dc82d1bd19ac194b91db9b17adc5a62,1.0,3276425385,660775229,3522250725,2018-08-17,delivered,199.99,45.2,245.19,credit_card,10.0,6.0,-12.0,0.0
3240260987,a9f360ab2855d6db342c8344cbfa5989,1.0,268984364,3969958778,1503930686,2018-07-06,delivered,166.9,27.47,194.37,credit_card,1.0,6.0,-14.0,0.0
3312479130,248c51607bd50b4a44aae4427a56a9de,1.0,1683375737,587036,1696683105,2018-07-28,delivered,19.93,18.24,38.17,credit_card,1.0,8.0,-18.0,0.0
2309998589,34280c3bc1c50403f0f1d4b272565256,1.0,1406561237,2955141554,261066546,2018-07-04,delivered,132.2,22.86,155.06,credit_card,6.0,6.0,-16.0,0.0
2100695288,3b87501b004a28e5fae58597d0e021f5,1.0,3130738933,1715176438,237804341,2018-07-11,delivered,66.9,7.78,74.68,credit_card,3.0,3.0,-9.0,0.0
4252508325,3b87501b004a28e5fae58597d0e021f5,2.0,3130738933,1715176438,237804341,2018-07-11,delivered,66.9,7.78,74.68,credit_card,3.0,3.0,-9.0,0.0
2200172521,6ee1cea1b2edcc713f83ebfbccbc57f9,1.0,3055799282,4206739216,388368993,2018-07-29,delivered,63.9,13.11,77.01,credit_card,1.0,4.0,-6.0,0.0
3669955257,5798f00aab0a4ab662bf6fcb12632d79,1.0,2754999795,1779293247,581044507,2018-07-24,delivered,219.0,19.63,238.63,credit_card,10.0,6.0,-17.0,0.0
1408163574,0eb4cf49eff3cd15badb759ac543cd2a,1.0,1226029794,1570888716,53223181,2018-07-29,delivered,27.9,18.3,46.2,credit_card,1.0,3.0,-6.0,0.0
4250771005,7c20350eeb926e1c63abe7eddeb439ba,1.0,343273943,3784960986,3958952303,2018-08-21,delivered,63.0,13.1,76.1,credit_card,1.0,5.0,-2.0,0.0
516877227,0d23171e8f59317b049b93ff11bf3cb7,1.0,1829238072,3456254014,3942029387,2018-07-20,delivered,179.99,15.57,195.56,boleto,1.0,10.0,-7.0,0.0
559629913,69219bd2a51085b84942501a7db3aecd,1.0,2736252572,1418099847,3267771422,2018-08-02,delivered,29.9,10.5,40.395,boleto,1.0,8.0,-34.0,0.0
1134214735,69219bd2a51085b84942501a7db3aecd,2.0,2736252572,1418099847,3267771422,2018-08-02,delivered,29.9,10.5,40.395,boleto,1.0,8.0,-34.0,0.0
1957720554,dc65a9b6855f6b8e44c417736cfb340d,1.0,2322474216,4166005916,3485175421,2018-07-14,delivered,12.9,13.71,26.61,credit_card,1.0,9.0,-6.0,0.0
4157080958,dc65a9b6855f6b8e44c417736cfb340d,2.0,2322474216,4166005916,3485175421,2018-07-14,delivered,12.9,13.71,26.61,credit_card,1.0,9.0,-6.0,0.0
2581554082,3fe73ed9f9247ec5ecf012be58e14579,1.0,1730788588,2933008371,523493826,2018-07-04,delivered,64.99,60.74,125.73,credit_card,8.0,19.0,-8.0,0.0
3219110968,1339b6c9436a2ac70c404ab3b35deac7,1.0,140266448,2195456028,2507420777,2018-08-03,delivered,189.9,21.97,211.87,credit_card,1.0,6.0,-8.0,0.0
3723953738,60af278f906288b007abe310c7dd3223,1.0,1048224484,1748347982,2085372711,2018-08-19,delivered,55.0,13.05,68.05,credit_card,3.0,3.0,-13.0,0.0
2779123106,464cb95a770d35deaad9a87fcabc9f5b,1.0,2677588445,1545062527,4120033478,2018-08-21,delivered,49.9,18.45,68.35,credit_card,6.0,2.0,-18.0,0.0
4179858388,3e72677344408fece35547ac4c8ebb94,1.0,3266399704,2773148603,819761952,2018-08-28,delivered,79.49,8.3,87.79,credit_card,1.0,1.0,-5.0,0.0
1620468427,a10055536fe311de2b76c8b7040cac85,1.0,4031773953,3606212087,3358667535,2018-07-18,delivered,46.9,13.91,60.81,credit_card,3.0,6.0,-9.0,0.0
2343998637,a10055536fe311de2b76c8b7040cac85,2.0,4031773953,3606212087,3358667535,2018-07-18,delivered,46.9,13.91,60.81,credit_card,3.0,6.0,-9.0,0.0
1974866908,1f9ed60661469689dae5955276ef81a5,1.0,3506195981,3037120334,3358667535,2018-08-02,delivered,56.9,13.98,70.88,credit_card,5.0,7.0,-10.0,0.0
3943411134,279cc62fe9c5a9e6a7ad5a7536560944,1.0,30753879,3899850670,2810786206,2018-08-19,delivered,39.9,18.38,58.28,boleto,1.0,7.0,-8.0,0.0
3174212625,279cc62fe9c5a9e6a7ad5a7536560944,2.0,30753879,3899850670,2810786206,2018-08-19,delivered,39.9,18.38,58.28,boleto,1.0,7.0,-8.0,0.0
3127529013,53555a45da468a1ae66bd1572a7002e6,1.0,2963076359,4167495680,3016182256,2018-07-04,delivered,189.0,13.98,202.98,boleto,1.0,6.0,-14.0,0.0
1362462328,e02e028e7d2ce34852594cbb87cb7629,1.0,3292690868,2453072428,1379301944,2018-07-01,delivered,97.6,12.41,110.01,boleto,1.0,8.0,-8.0,0.0
911481360,a214ab5dc32ac17a484d2e0f95f8c90b,1.0,1026268057,1794815821,3682530210,2018-08-01,delivered,299.0,113.02,412.02,credit_card,8.0,8.0,0.0,0.0
3170371712,7ae7179411c2f0b4cb5d98d2254ca59b,1.0,3384510933,885246954,4160630161,2018-08-17,delivered,32.0,18.32,50.32,boleto,1.0,11.0,-9.0,0.0
4264906299,4d9bdc2fb2669f62c3f9b40eb1a41c4b,1.0,3788626615,1320840892,4125443955,2018-07-05,delivered,89.9,42.91,132.81,credit_card,5.0,47.0,8.0,1.0
3008627069,d19ac15d2d6a66a837bc8bff474218b2,1.0,2531865703,3898991974,2580370799,2018-07-30,delivered,887.0,20.99,907.99,credit_card,4.0,18.0,-34.0,0.0
2125429640,9a782f23eb6da2242a6a594ddaf8bbd9,1.0,2789301020,2608146566,91113541,2018-07-16,shipped,99.9,32.72,132.62,credit_card,4.0,,,
267531302,ade009c6183b28931a1ea0841dccaa94,1.0,2865219410,2403915173,1919968767,2018-07-23,delivered,110.32,8.03,118.35,credit_card,8.0,4.0,-6.0,0.0
591572135,ade009c6183b28931a1ea0841dccaa94,2.0,2865219410,1971706587,1919968767,2018-07-23,delivered,110.32,8.03,118.35,credit_card,8.0,4.0,-6.0,0.0
104382633,d10503eeef371049c26e11de7d6552dc,1.0,755855945,3655495200,4156473050,2018-07-11,delivered,24.9,7.43,32.33,credit_card,1.0,1.0,-7.0,0.0
307107734,68c266b203d2b5b9e4f724d2b0bf532f,1.0,1855659181,3457846061,3883719590,2018-07-03,delivered,24.12,11.43,35.55,credit_card,1.0,5.0,-10.0,0.0
4148557402,b36f1b439a234966d6d7dd52646bfd39,1.0,1922987697,1424582000,2100815658,2018-07-20,delivered,128.9,18.7,147.6,debit_card,1.0,13.0,-6.0,0.0
3610796059,b511f786475cb429361d4d269c1bbef9,1.0,2437199589,1877219406,2331236160,2018-08-12,delivered,19.95,15.24,35.19,credit_card,1.0,9.0,-13.0,0.0
547003145,295c561af8870661a833aaeb65574d0d,1.0,802915489,1296785168,3576852474,2018-07-29,delivered,39.0,13.61,52.61,credit_card,2.0,5.0,-14.0,0.0
298636169,22e737b729bfdec35e6fcbc9bbc518e0,1.0,1940914140,1920796201,2173695781,2018-07-31,delivered,99.99,44.5,144.49,boleto,1.0,7.0,-16.0,0.0
95943138,6e7898e06393adab4c3c2a7e2f56fe2b,1.0,2964670775,2136679035,2566875709,2018-08-16,delivered,149.0,51.33,200.33,credit_card,10.0,13.0,-7.0,0.0
1653612330,c5eb20ae1c43449285cdab2d15a04816,1.0,2344492989,3954703036,4273487192,2018-07-10,delivered,99.92,44.69,144.61,credit_card,4.0,3.0,-13.0,0.0
1663879641,5e0ff060a686922559e33f8dbe998e41,1.0,554181748,760237157,1227159798,2018-07-24,delivered,109.9,15.08,124.98,credit_card,2.0,19.0,-2.0,0.0
2041675256,b35945f2f7f01113c25e3029adafc413,1.0,2526066232,3854922523,4119113287,2018-07-06,delivered,43.0,5.1,54.64694419840566,credit_card,10.0,6.0,-18.0,0.0
3049321172,b35945f2f7f01113c25e3029adafc413,2.0,2526066232,3439775381,357383673,2018-07-06,delivered,69.9,25.48,88.83305580159433,credit_card,10.0,6.0,-18.0,0.0
3247899254,247dc699abf8f4b21d26f2bf1ee3aa14,1.0,1166903996,347748739,968957513,2018-08-21,delivered,48.14,18.99,67.13,credit_card,1.0,7.0,-23.0,0.0
1154373977,b271c938db8f7fbc62ab95a19eb2becb,1.0,583001822,2789990744,2819725049,2018-07-02,delivered,49.9,15.45,65.35,credit_card,5.0,10.0,-15.0,0.0
3185745601,b271c938db8f7fbc62ab95a19eb2becb,2.0,583001822,2789990744,2819725049,2018-07-02,delivered,49.9,15.45,65.35,credit_card,5.0,10.0,-15.0,0.0
1535170274,b271c938db8f7fbc62ab95a19eb2becb,3.0,583001822,2789990744,2819725049,2018-07-02,delivered,49.9,15.45,65.35,credit_card,5.0,10.0,-15.0,0.0
3746591332,b271c938db8f7fbc62ab95a19eb2becb,4.0,583001822,2789990744,2819725049,2018-07-02,delivered,49.9,15.45,65.35,credit_card,5.0,10.0,-15.0,0.0
2408329084,b271c938db8f7fbc62ab95a19eb2becb,5.0,583001822,2789990744,2819725049,2018-07-02,delivered,49.9,15.45,65.35,credit_card,5.0,10.0,-15.0,0.0
3636148822,715c19fb47250380be905cedcd442b5a,1.0,884442279,1381322623,1350631362,2018-07-03,delivered,14.9,17.06,31.96,credit_card,3.0,8.0,-14.0,0.0
2936465006,4ffcc2f0e8f54f36e73b83db8d8c494d,1.0,3076233353,1745648530,9861004,2018-07-09,delivered,49.9,20.99,70.89,credit_card,7.0,4.0,-11.0,0.0
2009356062,1724ccd8176515fc4b2676226b895ea1,1.0,2741664557,1676477070,1379301944,2018-08-18,shipped,11.55,7.87,19.42,credit_card,1.0,,,
610907020,4c0b7cef000c9351cd7f160ad283a0f8,1.0,2826127900,262060926,925912501,2018-08-15,delivered,16.9,8.88,25.78,boleto,1.0,1.0,-3.0,0.0
1572015306,4e569a26328664b975f0fea724647fe9,1.0,1913729561,2404126411,2023461531,2018-07-20,delivered,24.99,7.44,32.43,boleto,1.0,4.0,-6.0,0.0
3689717274,ada812c7806382c3085a5f5024bc17ca,1.0,924379537,2357770067,2886549658,2018-07-18,delivered,22.0,15.25,37.25,boleto,1.0,8.0,-6.0,0.0
1488029432,0dfa57672b4853ecb26cd28c31a79e54,1.0,2294661099,4053433611,2190763425,2018-08-07,delivered,58.67,8.57,67.24,debit_card,1.0,8.0,-15.0,0.0
1519211198,612951fa21ca749d62ad2b4f3e0757dc,1.0,1503098359,3764426537,3330372829,2018-08-06,delivered,59.9,18.52,78.42,credit_card,4.0,4.0,-13.0,0.0
1477646043,6a5c76325c753e637e28d3efd69e0a0b,1.0,121599812,98179416,2533375300,2018-08-01,delivered,24.9,18.27,43.17,boleto,1.0,8.0,-20.0,0.0
2540393880,635607b37cf3b851396ef5a76be8b89f,1.0,1738544349,301928629,4055463965,2018-07-26,delivered,28.9,7.78,36.68,credit_card,1.0,11.0,-7.0,0.0
521955393,0397de68fce44f5cdd948f2a5e83862b,1.0,976213919,1508925516,1902553100,2018-08-15,delivered,220.0,38.67,258.67,credit_card,3.0,6.0,-9.0,0.0
964924985,1268893eaba8446ae1a02da9bb6f4ef1,1.0,39226809,1696919580,2636346249,2018-07-28,delivered,29.99,12.87,42.86,boleto,1.0,9.0,-3.0,0.0
3233072070,426e4334378411f7d0ebc7ad5894acd7,1.0,3798818398,2466355469,523493826,2018-08-14,delivered,66.99,23.19,90.18,boleto,1.0,13.0,-16.0,0.0
512635166,426e4334378411f7d0ebc7ad5894acd7,2.0,3798818398,2466355469,523493826,2018-08-14,delivered,66.99,23.19,90.18,boleto,1.0,13.0,-16.0,0.0
3008995900,7d95b7b7b3b608ce023db6ed122d47d7,1.0,2411067088,2800948277,3422743060,2018-08-15,delivered,55.0,18.49,73.49,boleto,1.0,7.0,-1.0,0.0
1596540990,7889e9a569a5488a0c9d93381a13d5ba,1.0,3916473896,646584020,2627125470,2018-07-04,delivered,175.99,20.42,196.41,credit_card,8.0,6.0,-22.0,0.0
2873765530,15b491e3b8cc65b5a45e2b1bebd89042,1.0,3101104889,1796739065,1696683105,2018-07-05,delivered,23.99,7.43,31.42,boleto,1.0,7.0,-5.0,0.0
1785178980,cf2b1b5aa5205a5c2e895d05702ba9fd,1.0,2375524140,2660433302,2886549658,2018-08-10,delivered,17.49,7.39,24.88,credit_card,1.0,5.0,0.0,0.0
3403440662,cdeb08f89f720090a01797f553cc8fcc,1.0,795228156,2397286120,753329531,2018-07-16,delivered,149.9,25.4,175.3,credit_card,10.0,9.0,-8.0,0.0
3140022096,c14276f26a0791a1773e6da7b07db230,1.0,3037273369,166937493,1696683105,2018-08-26,delivered,124.95,14.46,139.41,debit_card,1.0,4.0,-14.0,0.0
2234617499,c2f98ca0df773c12e9a3001fd986d24c,1.0,1148902798,2381203817,3522250725,2018-08-14,delivered,24.97,18.28,43.25,credit_card,4.0,7.0,-2.0,0.0
1464800763,d85ce87a3af93d77d9ffb99a90c76710,1.0,697958791,368069634,1072478659,2018-08-24,delivered,25.5,7.44,32.94,credit_card,1.0,4.0,-6.0,0.0
3541787922,7cb0462fe3de278ba58f5ae3e6bdac4d,1.0,2543147053,585947065,3626123686,2018-08-08,delivered,26.9,22.91,49.81,credit_card,1.0,12.0,-7.0,0.0
1351334400,33d14124f0c894a2390998ae1015abf7,1.0,2681678925,3987684668,123833255,2018-08-05,delivered,180.0,12.28,192.28,credit_card,2.0,2.0,-6.0,0.0
231993981,821ab83aee62992191306118d37fcb3c,1.0,2104248513,1719183347,2308685613,2018-08-27,delivered,98.48,9.44,107.92,credit_card,1.0,2.0,-1.0,0.0
2541360587,16bca95ea5b4327cdf4a33ba25fa9760,1.0,409420921,3717373654,1970316074,2018-08-12,delivered,132.9,20.12,153.02,credit_card,2.0,16.0,-8.0,0.0
1129544310,c9a9cfcae27293ffcf7a40ce1e34f18f,1.0,2200873314,3101293694,2296215108,2018-08-01,delivered,44.9,22.24,67.14,credit_card,1.0,6.0,-10.0,0.0
2950792259,583d5978ccf34486c5dbf738558e1b7a,1.0,3974912280,1529402584,3522250725,2018-07-14,delivered,42.97,13.88,56.85,boleto,1.0,11.0,-4.0,0.0
2888358885,3ad2072a2c9169681a3bb6138e0f8ef3,1.0,2325801322,281026048,1778061601,2018-07-07,delivered,13.99,7.87,21.86,boleto,1.0,5.0,-7.0,0.0
1638625685,c5bb91ea2129a21a4f424d356a4d28fa,1.0,1496191201,1509985831,1894514916,2018-07-05,delivered,169.0,74.62,243.62,credit_card,4.0,8.0,-19.0,0.0
2369835989,1e697d52faeb26c57898a78240fec685,1.0,1581654206,650566202,1763790356,2018-07-10,delivered,219.0,24.25,243.25,credit_card,2.0,15.0,-15.0,0.0
2787240112,be35daa57103f24cb540c6e7f3ca252c,1.0,2299438553,3284199637,1008270582,2018-07-18,delivered,108.99,23.56,132.55,credit_card,2.0,12.0,-3.0,0.0
3330675398,d42a225e3dd74ca33d58bc18a87a328a,1.0,3172252065,3956188779,1626002265,2018-07-20,delivered,35.0,38.76,73.76,credit_card,5.0,11.0,-14.0,0.0
1016797252,1739d90a28929b4a2dac3625b2a4d4d1,1.0,4216542580,545453172,2085372711,2018-08-20,delivered,55.0,11.41,66.41,credit_card,1.0,1.0,-2.0,0.0
2918885740,af429aa4c68dea6ce6863e63c261fd6c,1.0,76233318,2928253648,4197047986,2018-07-23,delivered,169.99,25.54,195.53,credit_card,3.0,37.0,0.0,0.0
2742190350,58207f7c0efe1d999163cf9f30042830,1.0,4075115956,2359243028,3546486894,2018-08-21,delivered,22.0,7.41,29.41,credit_card,2.0,4.0,1.0,1.0
232579964,5fdc93e450ccb779c5d594b36f99bc04,1.0,1965746800,79974220,989903952,2018-07-04,delivered,59.99,19.61,79.6,credit_card,1.0,6.0,-20.0,0.0
146329863,79bc7c534af45885cc4a1aec6cbad0a8,1.0,3893081197,1626895991,1868809992,2018-07-19,delivered,139.2,23.77,162.97,credit_card,2.0,18.0,-3.0,0.0
3325866722,1dfe460e88f7ff1daca47feab6cd614d,1.0,4147775278,4167495680,3016182256,2018-07-04,delivered,189.0,13.98,202.98,credit_card,8.0,7.0,-13.0,0.0
2323533296,83262941cdb645f93d2446a666571eb4,1.0,3233658912,1828809487,1835912091,2018-08-07,delivered,39.9,22.21,62.11,credit_card,2.0,13.0,-23.0,0.0
161494079,4ba6b813ed91fee2b26261b064aaf348,1.0,3280207804,592096461,2304947736,2018-08-05,delivered,78.0,13.21,91.21,credit_card,3.0,4.0,-11.0,0.0
4282163792,c976316357b5231d511f0a03999aa84f,1.0,2270204734,1553964484,3544465966,2018-07-21,delivered,34.9,23.39,58.29,credit_card,5.0,15.0,-9.0,0.0
2316121275,2ca4629d3b90f42d3590507521005592,1.0,986902428,1221457373,935749508,2018-07-29,delivered,56.99,19.59,76.58,credit_card,1.0,3.0,-5.0,0.0
2115096970,6f0a2d3f0fcb51ca2468a29cf29bdf8e,1.0,533801087,545453172,2085372711,2018-08-21,delivered,55.0,18.19,73.19,boleto,1.0,5.0,-4.0,0.0
543105506,7a1c3f2e9e141807904c824563abb480,1.0,773648178,3778584922,189635396,2018-07-26,delivered,39.15,8.43,47.58,voucher,1.0,3.0,-8.0,0.0
968007728,4cdae837c07c681dc80adebc6ee90b99,1.0,3533328616,2980732405,710830421,2018-07-17,delivered,119.0,13.13,132.13,credit_card,5.0,33.0,10.0,1.0
836503898,c3c98f80459f075de43e0645f41be709,1.0,2051924282,493067446,3051201525,2018-07-18,delivered,75.0,19.72,94.72,debit_card,1.0,7.0,-16.0,0.0
4007283313,9b18393baecb1432441d81ce51e14fbf,1.0,3018508014,98768206,250985049,2018-07-23,delivered,59.9,13.76,73.66,credit_card,2.0,8.0,-17.0,0.0
3146245184,0f090dd2d83a9d755108584313c8208d,1.0,1515045169,925709949,3371283952,2018-08-15,delivered,5.85,18.23,24.08,credit_card,4.0,5.0,-6.0,0.0
3822798371,0f090dd2d83a9d755108584313c8208d,2.0,1515045169,925709949,3371283952,2018-08-15,delivered,5.85,18.23,24.08,credit_card,4.0,5.0,-6.0,0.0
1304461520,6f5632cd906ec2ef07ed45c8af2e8811,1.0,2583542088,1159501270,1868809992,2018-07-23,delivered,150.0,28.03,178.03,credit_card,6.0,4.0,-14.0,0.0
3799516363,bfc72464b974b6abff7bf44b83aab136,1.0,3421842725,3454446167,1686527061,2018-08-22,delivered,12.0,18.23,30.23,credit_card,1.0,5.0,-7.0,0.0
2169063249,39fb67bad5d8285a2665a7ad0a0058aa,1.0,186580516,511571128,819761952,2018-08-13,delivered,14.49,7.87,22.36,debit_card,1.0,7.0,0.0,0.0
4049714715,c37425205cecce5f1296f6a00115de5f,1.0,3096625902,2632326443,2780265954,2018-08-23,delivered,99.0,9.44,108.44,boleto,1.0,6.0,-1.0,0.0
1306774725,7351ff002cae99e94c0a6a1da562c331,1.0,3722199397,2495106546,2580370799,2018-07-22,delivered,139.9,16.08,155.98,credit_card,1.0,7.0,-24.0,0.0
1124371373,79ee6745e164245e776acc4bb4e37e3a,1.0,2526705697,499345445,599565287,2018-08-08,delivered,42.5,14.61,57.11,credit_card,1.0,5.0,-10.0,0.0
2676181242,4dca136c559e9ca40b91dd500cd05ecf,1.0,651218353,3211304371,487055631,2018-08-08,delivered,60.0,19.61,79.61,credit_card,1.0,7.0,-1.0,0.0
3416641545,87c6169aae0c57897be7344931c2839e,1.0,111671730,3810089096,3909645171,2018-07-01,delivered,6.9,7.39,14.29,credit_card,1.0,3.0,-12.0,0.0
4005908707,94ca38619d7e64f94facac403a99682d,1.0,3899010684,2233259332,3051201525,2018-07-28,delivered,91.0,7.78,120.73676248108926,credit_card,8.0,8.0,-7.0,0.0
2559828828,94ca38619d7e64f94facac403a99682d,2.0,3899010684,2810000446,1579174796,2018-07-28,delivered,13.99,15.55,18.56161875945537,credit_card,8.0,8.0,-7.0,0.0
3769793224,94ca38619d7e64f94facac403a99682d,3.0,3899010684,2810000446,1579174796,2018-07-28,delivered,13.99,15.55,18.56161875945537,credit_card,8.0,8.0,-7.0,0.0
943696113,aac36a84cc8476828dcd9427c8ec873a,1.0,3433835498,3239964789,3422743060,2018-07-29,delivered,79.99,8.72,88.71,credit_card,1.0,2.0,-2.0,0.0
2234720244,d9a83a9c593a1f1b95de45b7381cf2be,1.0,911242636,1379160795,2627125470,2018-08-18,delivered,229.99,16.33,246.32,credit_card,5.0,11.0,-13.0,0.0
2184976746,0fa74380a36f2849cfa58d692f22d5f0,1.0,2055056023,2990750426,1018258220,2018-07-07,delivered,110.65,51.5,162.15,credit_card,3.0,15.0,-10.0,0.0
3616591063,cb123d857949246d3e5f1c532280c023,1.0,1360416258,4114507059,1994919736,2018-07-10,delivered,86.0,7.86,93.86,credit_card,4.0,21.0,8.0,1.0
143822616,4123f9252f0d0572f075dbb5a95d9cc6,1.0,868508191,4294399807,2308685613,2018-08-26,delivered,85.9,13.26,99.16,debit_card,1.0,4.0,-7.0,0.0
618423296,7c9ad74c16c9b6aafa62f097bb9cdf25,1.0,211990690,1566302607,2082347993,2018-07-21,delivered,169.99,53.94,223.93,credit_card,3.0,20.0,-25.0,0.0
2494065939,4bb2ee0b9741faceac3deb03a2e53fa6,1.0,2114051248,602898919,3033068590,2018-08-10,delivered,405.99,36.6,442.59,credit_card,8.0,10.0,-8.0,0.0
582975930,27caeec16809f9eba603825998e884a0,1.0,1212959491,653417559,4086780073,2018-08-10,delivered,119.0,22.65,141.65,credit_card,3.0,10.0,-16.0,0.0
1713605894,aa73d1076ba6c6f19de6990bc7401acb,1.0,87827338,3511598887,759851738,2018-08-20,delivered,29.9,18.38,48.28,credit_card,4.0,8.0,-6.0,0.0
2164181602,a5e8bd40b3d57b6a26a1e79bafcae9ea,1.0,2965445542,1720672794,2912449268,2018-07-17,delivered,88.0,37.53,125.53,credit_card,4.0,7.0,-17.0,0.0
1183251319,1e9b386a55b41cb1677e6b9976ccbce0,1.0,630179566,3588498098,1844578911,2018-08-17,delivered,48.0,13.92,61.92,boleto,1.0,7.0,-6.0,0.0
1103026487,520f711ba8d6317f12503d49312f428b,1.0,2281266915,2468477991,884199128,2018-07-30,delivered,24.99,7.44,32.43,credit_card,3.0,4.0,-4.0,0.0
2420508931,33eafd0ea4c37147b521b67b83b6769c,1.0,2510025815,4183852735,1361108180,2018-07-03,delivered,79.99,13.9,93.89,credit_card,1.0,2.0,-17.0,0.0
1085288648,cfda3e5bd8b79ab7fc0bbd0c485d6414,1.0,2073695918,3559964079,96764808,2018-08-13,delivered,14.9,7.39,22.29,credit_card,1.0,2.0,-4.0,0.0
1500599647,292d7ad29c8a2d97eb84d18ab3d38997,1.0,3600381143,2931648476,3614407021,2018-07-05,delivered,760.0,255.92,1015.92,credit_card,10.0,18.0,-17.0,0.0
2443338166,85c0ddad95967f361fd9cd9e3d1886b1,1.0,810358294,19203449,487369962,2018-07-03,delivered,7.0,7.71,14.71,credit_card,1.0,3.0,-11.0,0.0
3037830429,85c0ddad95967f361fd9cd9e3d1886b1,2.0,810358294,4052720761,487369962,2018-07-03,delivered,7.0,7.71,14.71,credit_card,1.0,3.0,-11.0,0.0
2871927233,d3dd51abe467d226f8be61f48388eba2,1.0,608010034,3398529232,548124721,2018-07-25,delivered,399.0,11.13,410.13,credit_card,3.0,7.0,-19.0,0.0
851099340,5c4403d7ab65e1b28799e3697afd79d0,1.0,755416269,3255865861,2312430349,2018-07-18,delivered,94.9,23.81,118.71,credit_card,1.0,7.0,-14.0,0.0
2011131492,95149a14172495a0aef0ac5c59f95d1c,1.0,1865322280,3881161807,581044507,2018-08-15,delivered,243.0,9.07,252.07,credit_card,3.0,12.0,7.0,1.0
1601582340,5aa65dc27dd9c4e4d81ec84ead95feb2,1.0,1865144146,1282702158,728604636,2018-07-31,delivered,75.9,23.33,99.23,credit_card,2.0,13.0,4.0,1.0
3288633754,5aa65dc27dd9c4e4d81ec84ead95feb2,2.0,1865144146,3749908207,728604636,2018-07-31,delivered,75.9,23.33,99.23,credit_card,2.0,13.0,4.0,1.0
1611798761,66270801492d7434e9f5fe3a6ff89c37,1.0,718347474,3772783273,731398307,2018-07-02,delivered,598.0,22.29,620.29,credit_card,4.0,8.0,-20.0,0.0
1664510124,ba4784ebeeb6afef6125ba505dcc4f76,1.0,1491304524,1931161261,1384215120,2018-08-13,delivered,19.9,14.45,34.35,boleto,1.0,8.0,-6.0,0.0
3312561341,dfa6000de359663f9bf8df7da63384d5,1.0,2854418395,1231134602,2820708614,2018-07-26,delivered,199.0,57.87,256.87,credit_card,1.0,8.0,-18.0,0.0
2042015421,3aa23de969cd056c809332fb45ca17fd,1.0,261908911,994472082,737969628,2018-08-09,delivered,125.9,23.68,149.58,credit_card,8.0,6.0,-13.0,0.0
2257599502,dd473c68be3819ae8e68f1a7608547c6,1.0,2334143287,3024446538,811506041,2018-08-05,delivered,74.9,18.62,93.52,credit_card,8.0,4.0,-18.0,0.0
3890208558,a5477627582780f6c347026e9c8ae0eb,1.0,2791483150,2414929463,581044507,2018-08-10,delivered,146.0,12.08,169.02384879725085,credit_card,4.0,7.0,-33.0,0.0
3526821943,a5477627582780f6c347026e9c8ae0eb,2.0,2791483150,2952777915,2622583364,2018-08-10,delivered,145.0,33.81,167.86615120274914,credit_card,4.0,7.0,-33.0,0.0
1910045116,5d9eaab2f0968ee661d96ba4afdf807d,1.0,1818219522,4046302812,2137876450,2018-07-05,delivered,949.9,99.63,1049.53,credit_card,5.0,35.0,-10.0,0.0
1758430663,dd46ac8cf8a385a883f38119228c584e,1.0,4055183779,179247825,2636346249,2018-07-21,delivered,19.9,8.3,28.2,boleto,1.0,5.0,-6.0,0.0
2016391245,8fcc69a880483df5f5e3d9f588f186a3,1.0,1097867595,2105439760,2900036235,2018-08-21,delivered,179.0,25.12,204.12,credit_card,10.0,6.0,-9.0,0.0
2027192776,0e053aa097eda67e25b3934ef3eca8a8,1.0,3363329116,695644233,3370415786,2018-08-02,delivered,195.0,23.3,218.3,credit_card,1.0,15.0,-5.0,0.0
992714686,6974b0dd5a23c544aa4e67c7fd711ca2,1.0,2233537392,1018367849,1125369443,2018-07-16,delivered,105.0,14.9,119.9,credit_card,1.0,9.0,-8.0,0.0
3563821853,52cb9b4d5ee3ce7d1e2a8d9c2376fd44,1.0,509879329,174750780,523493826,2018-07-11,shipped,122.99,21.13,144.12,boleto,1.0,,,
3617553515,6cac20dcd1e9ad064b34d1148de9b9ca,1.0,211288748,1413327942,3996093901,2018-07-18,delivered,44.0,7.55,52.00481927710843,credit_card,2.0,2.0,-7.0,0.0
1105513363,6cac20dcd1e9ad064b34d1148de9b9ca,2.0,211288748,732308496,3996093901,2018-07-18,delivered,39.0,7.55,46.09518072289156,credit_card,2.0,2.0,-7.0,0.0
4179609424,5c8b799d9e858d7af25f956df90a88a2,1.0,3852925122,755692440,1622092360,2018-08-03,delivered,34.9,19.15,54.05,credit_card,2.0,7.0,-7.0,0.0
1495906849,e051aa19f5f2e6a98406c005cf5c656b,1.0,182987564,1682336599,1503930686,2018-07-12,delivered,88.9,24.97,113.87,voucher,1.0,3.0,-17.0,0.0
3050142861,b1ca84d7c69ec44b1b45786605a47832,1.0,3942807388,4119460985,1609007163,2018-07-25,delivered,32.0,7.48,39.48,credit_card,3.0,2.0,-6.0,0.0
579016496,b1ca84d7c69ec44b1b45786605a47832,2.0,3942807388,4119460985,1609007163,2018-07-25,delivered,32.0,7.48,39.48,credit_card,3.0,2.0,-6.0,0.0
3393744446,0641880e7059ec426c7e6f8ba1585bf7,1.0,3744053186,3745287101,737969628,2018-08-11,delivered,65.9,19.65,85.55,credit_card,2.0,9.0,-3.0,0.0
2800101021,ba7e9675b77b9e9f0cb2a9ad0d265826,1.0,3505187253,1039834863,3169644834,2018-07-26,delivered,29.99,13.55,43.54,voucher,1.0,6.0,-13.0,0.0
4186783684,9807b5bda81d46b139365f3850fbda35,1.0,2356886232,4055319527,1984995671,2018-07-06,delivered,25.9,16.37,42.27,boleto,1.0,18.0,-5.0,0.0
2633320100,aab611fa596695caf1f68f6396c03e3e,1.0,204144436,2376052567,4270440653,2018-07-06,delivered,159.99,24.27,184.26,boleto,1.0,18.0,-27.0,0.0
2706198838,55818ca5e8e590285938c49fccd72eef,1.0,3877456076,2687995351,1202653486,2018-08-06,delivered,29.0,8.54,37.54,credit_card,1.0,7.0,0.0,0.0
3197579467,be72c04d946d396d2383f4fd49a4f19f,1.0,3557791192,1567030015,2812297156,2018-08-13,delivered,330.0,21.22,351.22,credit_card,5.0,15.0,-3.0,0.0
2678373,c69eeadb2be025a8483b632013bb0788,1.0,4072804852,4081015769,2304947736,2018-07-26,delivered,44.0,22.24,66.24,boleto,1.0,14.0,-8.0,0.0
1852452042,773b2db33c7a199314137bed5c5a25a7,1.0,333161087,1779546330,1395938585,2018-08-09,delivered,10.0,8.29,18.29,boleto,1.0,5.0,-2.0,0.0
1313396674,c98c0d54162f552567aae1af36d539b4,1.0,2854631326,174750780,523493826,2018-08-15,delivered,122.99,30.11,153.1,credit_card,1.0,12.0,-21.0,0.0
1603343055,1a5fdd1338ab8d42e2bdfb83dbb7b9c4,1.0,1633693135,1378147945,4055463965,2018-08-19,delivered,24.9,14.47,39.37,credit_card,1.0,4.0,-35.0,0.0
2764610555,67a0536ff5532b7d6ed0c62f8a3a5ccd,1.0,3438983991,845341192,2562196807,2018-07-11,delivered,61.2,21.07,82.27,credit_card,3.0,9.0,-12.0,0.0
1632227328,57cd49d9c9567c5ef10439c81f9a1836,1.0,4227704075,2760557938,2304947736,2018-07-18,delivered,49.0,7.6,56.6,debit_card,1.0,2.0,-5.0,0.0
2782479147,5c23ae4442fc127a8201b2405bc97d9c,1.0,2000678328,1878249760,2060950116,2018-08-16,delivered,59.9,18.57,78.47,credit_card,2.0,5.0,-7.0,0.0
822486438,a2c3c6ce5f0221dc64454e0580522784,1.0,3362474037,989386057,1867257412,2018-07-08,shipped,57.89,23.21,81.1,boleto,1.0,,,
3977051355,267260b7bf82df7975cb0ef017763e02,1.0,3536655520,3776682035,1248838824,2018-08-15,delivered,54.0,57.15,111.15,boleto,1.0,7.0,-14.0,0.0
2027597442,18995da0f41134f344ebeb2e97965d2d,1.0,2071064872,4017032197,2586102153,2018-08-28,delivered,58.2,7.83,66.03,credit_card,1.0,1.0,-5.0,0.0
2109558866,1840fa1d0c7c4591e8471896f49ea857,1.0,3751618692,3474591813,733774970,2018-08-21,delivered,25.5,7.44,32.94,credit_card,1.0,3.0,-3.0,0.0
1788484174,3364be119eff03652aef3e3abf764889,1.0,406894995,77157731,3371283952,2018-08-14,delivered,64.86,15.52,80.38,credit_card,8.0,6.0,-7.0,0.0
1872703790,1e67200d1a2ae06bc9830fa7b62d8b85,1.0,1536753934,1188721284,1379301944,2018-07-25,delivered,10.19,7.87,18.06,boleto,1.0,6.0,-5.0,0.0
4032440431,6be6d87095d612a3a5176d6aff456c62,1.0,3689757885,2918299338,1117484406,2018-08-07,delivered,141.12,19.09,160.21,voucher,1.0,8.0,-5.0,0.0
1221012820,22ebcb475dab511f6c74d7118d1e5f3f,1.0,2555717352,661702143,2804246847,2018-08-16,delivered,155.9,16.19,172.09,credit_card,2.0,6.0,-11.0,0.0
1976200408,a63d6f123bbccd71286ef76811cb2a3b,1.0,762908674,3682159561,2476577920,2018-08-27,delivered,42.0,12.8,51.01731543624161,boleto,1.0,3.0,-28.0,0.0
3016447479,a63d6f123bbccd71286ef76811cb2a3b,2.0,762908674,2854941224,3302929409,2018-08-27,delivered,65.0,6.4,78.95536912751678,boleto,1.0,3.0,-28.0,0.0
1294929897,a63d6f123bbccd71286ef76811cb2a3b,3.0,762908674,3682159561,2476577920,2018-08-27,delivered,42.0,12.8,51.01731543624161,boleto,1.0,3.0,-28.0,0.0
4155976369,b16494d7fa3459ccef0a8afa71fc6116,1.0,3037507431,3704197438,2324869708,2018-07-18,delivered,179.9,32.13,212.03,credit_card,1.0,8.0,-13.0,0.0
1113811423,2d856083b0b7c9f8a7bd4f59986eafec,1.0,1422043603,3622526080,3253310547,2018-08-12,delivered,98.0,17.62,115.62,credit_card,3.0,7.0,-9.0,0.0
1040325321,da1b33a717a76516deb6b4db0bbfa8f0,1.0,1087287998,2225436466,3575513113,2018-08-05,delivered,219.9,17.73,237.63,credit_card,3.0,10.0,-12.0,0.0
607132979,1803c7e9eee1785304c1266d06ee1f8f,1.0,2420345282,3574529082,2023461531,2018-07-03,delivered,44.99,15.42,60.41,credit_card,2.0,10.0,-9.0,0.0
2642545001,1803c7e9eee1785304c1266d06ee1f8f,2.0,2420345282,3574529082,2023461531,2018-07-03,delivered,44.99,15.42,60.41,credit_card,2.0,10.0,-9.0,0.0
2081738381,b744841b6a754e51042b8abcab208ffe,1.0,4040033838,3360511537,1547468088,2018-07-29,delivered,118.13,15.13,133.26,credit_card,3.0,3.0,-12.0,0.0
3172041489,de45fff90798d4416b9ba1b7aa4ccd7b,1.0,3545311292,2835812517,3935591853,2018-07-02,delivered,270.0,45.82,315.82,credit_card,5.0,23.0,-6.0,0.0
3501627668,17f71a234f74de0e7c52630aa272eb17,1.0,268317119,2718103869,3539512176,2018-07-03,delivered,184.0,18.22,202.22,credit_card,8.0,3.0,-25.0,0.0
3444653998,17f71a234f74de0e7c52630aa272eb17,2.0,268317119,2718103869,3539512176,2018-07-03,delivered,184.0,18.22,202.22,credit_card,8.0,3.0,-25.0,0.0
827175612,17f71a234f74de0e7c52630aa272eb17,3.0,268317119,2718103869,3539512176,2018-07-03,delivered,184.0,18.22,202.22,credit_card,8.0,3.0,-25.0,0.0
1635666618,17f71a234f74de0e7c52630aa272eb17,4.0,268317119,2718103869,3539512176,2018-07-03,delivered,184.0,18.22,202.22,credit_card,8.0,3.0,-25.0,0.0
2813173199,6d53ce2b0f6fad419567b5753de43a2d,1.0,574097948,953578052,3051201525,2018-07-01,delivered,50.0,19.54,69.54,debit_card,1.0,7.0,-25.0,0.0
1212345667,a115115559d40a6b8a7bd518af5e1115,1.0,3494165667,3691969606,4289768623,2018-07-29,delivered,74.67,15.62,90.29,boleto,1.0,10.0,-22.0,0.0
3934085451,5bab7c41f1405d62a214dc3648c37e1c,1.0,4031473524,422100425,3503366785,2018-07-30,delivered,36.75,12.92,49.67,credit_card,1.0,3.0,-7.0,0.0
2035491541,9e9e4d3f5d27fab18087abf851da026c,1.0,3778136163,4109384596,925912501,2018-07-21,delivered,15.9,8.29,24.19,credit_card,2.0,3.0,-7.0,0.0
2260643112,34b7f8ccf3ab2ba8512fa244c3bab225,1.0,3295653503,1661499880,3485175421,2018-07-04,delivered,119.9,17.97,137.87,credit_card,10.0,8.0,-10.0,0.0
3980373606,211899bcbbeda5f1f5d057442dabb91a,1.0,3430279502,2925684515,2368201577,2018-08-20,delivered,285.0,15.48,300.48,credit_card,4.0,2.0,-6.0,0.0
1103574338,2868122766fb8490193dc08920622c8b,1.0,2310944664,984626421,1579174796,2018-08-04,delivered,29.99,18.31,48.3,credit_card,2.0,25.0,2.0,1.0
3127085550,a024d7476a847e0453984eecb8be6076,1.0,2730437985,3569719807,3147574442,2018-07-25,delivered,149.0,51.33,200.33,boleto,1.0,43.0,17.0,1.0
1873151463,6b66feb014823833433d386dad897fcd,1.0,3266126718,2174962782,3497601394,2018-07-03,delivered,62.9,23.24,86.14,credit_card,10.0,6.0,-15.0,0.0
1538089579,6b66feb014823833433d386dad897fcd,2.0,3266126718,2174962782,3497601394,2018-07-03,delivered,62.9,23.24,86.14,credit_card,10.0,6.0,-15.0,0.0
465880805,3e734ad65fdbca928a1a4de48d096ce4,1.0,682037430,2466355469,523493826,2018-08-21,delivered,66.99,27.75,94.74,credit_card,3.0,9.0,-4.0,0.0
1607183719,9af38cf8cc5906174070c0c591e630a5,1.0,2586396588,3853992951,876033421,2018-08-22,delivered,530.0,36.79,566.79,credit_card,4.0,5.0,-18.0,0.0
656725001,b2287ec8635a3c45b2c14d7b10cb1a69,1.0,2085701358,441094769,519564207,2018-08-08,delivered,95.0,23.47,118.47,credit_card,1.0,4.0,-4.0,0.0
3045195595,0b5bc52b360d662aac171cf7ae46f187,1.0,1196894233,1045157568,2304947736,2018-08-07,delivered,75.0,7.79,82.79,boleto,1.0,2.0,-4.0,0.0
3396218909,93b5126582016c562322518b8b504033,1.0,559451184,2727437391,1107359178,2018-07-23,delivered,99.9,27.0,126.9,credit_card,1.0,7.0,-21.0,0.0
3654521139,0a7f4604ee9cab65020038275efe1d76,1.0,3923690556,33334632,4060386635,2018-07-08,canceled,11.27,12.79,24.06,boleto,1.0,,,
1127840798,0a7f4604ee9cab65020038275efe1d76,2.0,3923690556,33334632,4060386635,2018-07-08,canceled,11.27,12.79,24.06,boleto,1.0,,,
3930092301,0a7f4604ee9cab65020038275efe1d76,3.0,3923690556,33334632,4060386635,2018-07-08,canceled,11.27,12.79,24.06,boleto,1.0,,,
2313018426,4a9e7a4311dfd6488a1501266a1cdf9f,1.0,294791053,2314958861,3115096273,2018-07-23,delivered,84.99,18.4,103.39,credit_card,4.0,9.0,-6.0,0.0
1648792414,4a9e7a4311dfd6488a1501266a1cdf9f,2.0,294791053,2314958861,3115096273,2018-07-23,delivered,84.99,18.4,103.39,credit_card,4.0,9.0,-6.0,0.0
2040165461,a67d6881ec08b5e0258c05357bce8516,1.0,4194511282,370086744,3196336592,2018-07-06,delivered,49.9,9.1,59.0,voucher,1.0,7.0,-7.0,0.0
3104097305,0b5a860df8a893e7020960b28cd67196,1.0,563017388,144698858,1360122595,2018-08-23,delivered,53.3,12.67,65.97,credit_card,1.0,1.0,-4.0,0.0
3641464016,0b5a860df8a893e7020960b28cd67196,2.0,563017388,144698858,1360122595,2018-08-23,delivered,53.3,12.67,65.97,credit_card,1.0,1.0,-4.0,0.0
2983677750,54758cd5925a7a0a6cff2145318c6059,1.0,3381590715,3226065187,2304947736,2018-07-20,delivered,35.0,7.51,42.51,credit_card,4.0,4.0,-6.0,0.0
2450828160,18479ed06f428cd8d50702b4decdae1b,1.0,2419758512,851067844,3366215599,2018-08-08,delivered,129.9,19.99,149.89,boleto,1.0,12.0,-21.0,0.0
3111359173,b6ad79d84c91bb9d11720468017c168e,1.0,2299729291,3125362814,2925683884,2018-07-03,delivered,69.9,15.59,85.49,boleto,1.0,9.0,-19.0,0.0
626316988,ab1565bce2736095e4b347db4cfc071f,1.0,2295164941,82888122,212815993,2018-08-19,delivered,114.99,8.23,123.22,voucher,1.0,4.0,-5.0,0.0
522393535,ab1565bce2736095e4b347db4cfc071f,2.0,2295164941,82888122,212815993,2018-08-19,delivered,114.99,8.23,123.22,voucher,1.0,4.0,-5.0,0.0
3443823109,0ecc4db762e9de55ecdc2f22e468cfe9,1.0,927830714,267606292,261066546,2018-07-03,delivered,119.0,23.55,142.55,credit_card,2.0,10.0,-13.0,0.0
792791740,08ac0336730e831f16eeadf576564ff3,1.0,3294975209,3934769026,1379301944,2018-07-31,delivered,26.0,18.28,44.28,credit_card,1.0,3.0,-19.0,0.0
282750173,54f8cc54ce619e267135641ade8c363e,1.0,4203897825,3025566640,2622583364,2018-07-16,delivered,179.9,19.36,199.26,boleto,1.0,9.0,-14.0,0.0
2089598968,2365a103706753a90b96a806e02061bf,1.0,364331490,2809574497,519564207,2018-08-10,delivered,134.99,27.9,162.89,credit_card,4.0,9.0,-3.0,0.0
1442430212,b1c51fb49ee0d5934e33c77c603e6652,1.0,2418928637,1542620785,897947394,2018-07-24,delivered,364.0,54.9,418.9,debit_card,1.0,13.0,-11.0,0.0
1810200809,7c20de54af91549df98fd6926d781144,1.0,170710753,3009490620,3734640654,2018-07-17,delivered,56.9,13.74,70.64,credit_card,7.0,7.0,-9.0,0.0
454859122,753841f6cd9bed8cbb16bae45c571e8e,1.0,3927942823,1610700448,2089148942,2018-07-04,delivered,34.0,18.34,52.34,boleto,1.0,5.0,-17.0,0.0
1114286037,753841f6cd9bed8cbb16bae45c571e8e,2.0,3927942823,1610700448,2089148942,2018-07-04,delivered,34.0,18.34,52.34,boleto,1.0,5.0,-17.0,0.0
4166280415,753841f6cd9bed8cbb16bae45c571e8e,3.0,3927942823,1610700448,2089148942,2018-07-04,delivered,34.0,18.34,52.34,boleto,1.0,5.0,-17.0,0.0
121792879,753841f6cd9bed8cbb16bae45c571e8e,4.0,3927942823,1610700448,2089148942,2018-07-04,delivered,34.0,18.34,52.34,boleto,1.0,5.0,-17.0,0.0
1094412611,c8e2288c4eab2cbafdf32fbde78f5a0e,1.0,1690829736,2538804064,1445435194,2018-07-16,delivered,29.9,18.31,48.21,credit_card,3.0,6.0,-8.0,0.0
44424793,c8e2288c4eab2cbafdf32fbde78f5a0e,2.0,1690829736,2538804064,1445435194,2018-07-16,delivered,29.9,18.31,48.21,credit_card,3.0,6.0,-8.0,0.0
2076748074,9609b17631c31335c7ee54d0b9dc5716,1.0,756397999,2642536142,2980841612,2018-07-13,delivered,58.5,15.51,74.01,credit_card,4.0,13.0,-6.0,0.0
376361330,861135e965db93780ab935ee79c6a68a,1.0,3501656807,172068044,1734769477,2018-08-05,delivered,179.9,13.56,193.46,boleto,1.0,10.0,2.0,1.0
188845781,0a54256bfd2401d553f81d8e37e5305d,1.0,2886480095,2838967170,1379301944,2018-08-14,delivered,86.0,22.53,108.53,credit_card,1.0,12.0,-18.0,0.0
3653758517,c59712a9767189f0a1e5258b5c3447b0,1.0,4055461466,914900306,2304947736,2018-08-28,delivered,59.0,7.67,66.67,credit_card,1.0,2.0,-1.0,0.0
2273724268,1f78449c87a54faf9e96e88ba1491fa9,1.0,495436190,1883780793,3839148968,2018-07-22,delivered,269.0,72.09,341.09,credit_card,6.0,6.0,-17.0,0.0
2487459273,758480e19da5e5b47ceb7318a5ca77fe,1.0,4064464957,1492929906,3131976384,2018-07-30,delivered,89.9,23.43,113.33,debit_card,1.0,28.0,7.0,1.0
3585488382,3ad3f75989908136712eba79927a805c,1.0,2444540564,3724996084,3915678924,2018-07-23,delivered,139.0,19.07,158.07,credit_card,4.0,7.0,-21.0,0.0
283429015,c5b5fbe68f87bd4ee6770536a1b30fc3,1.0,2230989543,3239363638,1868809992,2018-08-03,delivered,228.0,34.68,262.68,credit_card,3.0,6.0,-12.0,0.0
2539741928,1e06944a511e346128c1174c18d597ec,1.0,1556067185,790632221,392238237,2018-08-20,delivered,169.9,24.8,194.7,credit_card,10.0,4.0,-10.0,0.0
1491148400,d8e4f17201e35b0341b90bf7b8be215c,1.0,1956358880,3093642765,169704434,2018-08-19,delivered,49.9,9.1,59.0,credit_card,2.0,11.0,-1.0,0.0
3243205259,bfcfc352185cef17fc3a748ff2e921d0,1.0,1871915663,3882056195,3048141563,2018-07-29,delivered,149.0,23.76,172.76,boleto,1.0,8.0,-21.0,0.0
1903387269,d76ae02361b19ee1c7a277bf4740a64f,1.0,2081094847,4096877762,3146838935,2018-08-03,delivered,578.0,21.26,599.26,credit_card,1.0,5.0,0.0,0.0
2709342535,9bf446986c317acc13f2ab30756f9b20,1.0,412220700,1182817456,1350631362,2018-07-29,delivered,42.9,15.4,58.3,credit_card,1.0,3.0,-8.0,0.0
3774704362,93f610a3cfcf2420d96bca828098c8c2,1.0,736146953,1835355444,879502040,2018-07-03,delivered,139.0,23.91,162.91,credit_card,1.0,9.0,-10.0,0.0
1567057106,732a77c453f0b9ea3a2665a575f3ecd3,1.0,348212632,1357953438,196831707,2018-08-05,delivered,259.99,118.87,378.86,credit_card,8.0,11.0,-28.0,0.0
2763218808,1ade3ab91063ad2d577331b0258b1120,1.0,135131955,510574748,274024788,2018-07-03,delivered,187.85,24.12,211.97,credit_card,8.0,7.0,-30.0,0.0
3143894974,a162da83b66ff8c619d83b87c1de93b9,1.0,4118940656,4237679400,3414198005,2018-08-07,canceled,249.0,42.72,291.72,credit_card,5.0,,,
2083571579,cd408e86c9fe1cc69f5a38cc5be773bd,1.0,554390796,1434889572,3328863116,2018-08-16,delivered,109.99,18.87,128.86,credit_card,8.0,5.0,-7.0,0.0
1868953248,59bdf4abef7b3ebc43ac9d4865b426d9,1.0,2064197716,549223092,4160630161,2018-08-20,delivered,49.9,13.01,62.91,boleto,1.0,6.0,-2.0,0.0
4200939958,53d6ff29496a8aec64f36ab9a4691d77,1.0,2918424561,852132843,2845521358,2018-08-11,delivered,59.5,13.08,72.58,credit_card,2.0,5.0,-12.0,0.0
51529797,36d2f4c466cc35f518fac94f87653109,1.0,751984316,37941206,2636346249,2018-08-16,delivered,21.99,18.25,40.24,boleto,1.0,6.0,-6.0,0.0
2826742735,d6a55340021ebcaf3b321d5a34c6c31e,1.0,1986894443,4114507059,1994919736,2018-07-09,delivered,86.0,15.7,101.7,credit_card,2.0,29.0,7.0,1.0
2877800052,8399f290ca1022f41024468f3864dac5,1.0,3015292096,832777088,577619843,2018-08-14,delivered,410.0,49.92,459.92,credit_card,4.0,12.0,-4.0,0.0
3894398412,bd365efbba0dd1eaba5184a340fb1178,1.0,1653468111,1696919580,2636346249,2018-07-03,delivered,29.99,18.31,48.3,credit_card,4.0,6.0,-14.0,0.0
3768933019,642ea6e274946158dea23ad0087bff93,1.0,2947719599,1764740173,1919968767,2018-07-30,delivered,110.32,8.03,118.35,credit_card,2.0,3.0,-12.0,0.0
2514099191,4418e54649d925fb8532ff8d11bcea61,1.0,3435741619,1653693249,1464160362,2018-07-30,delivered,8.0,8.29,16.29,credit_card,1.0,8.0,0.0,0.0
2266957213,9f978ecad138d859f6e9e08ed6b7cbda,1.0,2948823272,4055862979,900310379,2018-07-05,delivered,58.0,42.69,100.69,debit_card,1.0,20.0,-13.0,0.0
3740471937,6c355e2913545fa6f72c40cbca57729e,1.0,4017223987,4198601250,1946727729,2018-07-25,delivered,26.18,22.98,49.15999999999999,boleto,1.0,16.0,-10.0,0.0
2753863926,6c355e2913545fa6f72c40cbca57729e,2.0,4017223987,4198601250,1946727729,2018-07-25,delivered,26.18,22.98,49.15999999999999,boleto,1.0,16.0,-10.0,0.0
1249730697,6c355e2913545fa6f72c40cbca57729e,3.0,4017223987,4198601250,1946727729,2018-07-25,delivered,26.18,22.98,49.15999999999999,boleto,1.0,16.0,-10.0,0.0
1186377271,6c355e2913545fa6f72c40cbca57729e,4.0,4017223987,4198601250,1946727729,2018-07-25,delivered,26.18,22.98,49.15999999999999,boleto,1.0,16.0,-10.0,0.0
1169965482,6c355e2913545fa6f72c40cbca57729e,5.0,4017223987,4198601250,1946727729,2018-07-25,delivered,26.18,22.98,49.15999999999999,boleto,1.0,16.0,-10.0,0.0
2822416611,6c355e2913545fa6f72c40cbca57729e,6.0,4017223987,4198601250,1946727729,2018-07-25,delivered,26.18,22.98,49.15999999999999,boleto,1.0,16.0,-10.0,0.0
3947892611,6c355e2913545fa6f72c40cbca57729e,7.0,4017223987,4198601250,1946727729,2018-07-25,delivered,26.18,22.98,49.15999999999999,boleto,1.0,16.0,-10.0,0.0
2148112520,6c355e2913545fa6f72c40cbca57729e,8.0,4017223987,4198601250,1946727729,2018-07-25,delivered,26.18,22.98,49.15999999999999,boleto,1.0,16.0,-10.0,0.0
2050187361,6c355e2913545fa6f72c40cbca57729e,9.0,4017223987,4198601250,1946727729,2018-07-25,delivered,26.18,22.98,49.15999999999999,boleto,1.0,16.0,-10.0,0.0
2867090717,6c355e2913545fa6f72c40cbca57729e,10.0,4017223987,4198601250,1946727729,2018-07-25,delivered,26.18,22.98,49.15999999999999,boleto,1.0,16.0,-10.0,0.0
3628172532,6c355e2913545fa6f72c40cbca57729e,11.0,4017223987,4198601250,1946727729,2018-07-25,delivered,26.18,22.98,49.15999999999999,boleto,1.0,16.0,-10.0,0.0
3715057262,2cef31063d49c0d832ca9bd13bbb727f,1.0,2202869946,1505019510,1027933367,2018-07-31,delivered,40.0,7.54,47.54,boleto,1.0,5.0,-17.0,0.0
4131718754,79ab5b6fc395da7c651361c30e2f829f,1.0,500730079,3753125530,4220048581,2018-08-11,delivered,228.0,25.68,253.68,credit_card,4.0,9.0,-4.0,0.0
2523929991,44de0afee520be53cfddd8428eb63160,1.0,329180931,2180480181,1734769477,2018-08-05,delivered,44.9,8.47,53.37,credit_card,2.0,1.0,-7.0,0.0
4278760120,b75559e68bdb9a0a3526bb2995f093da,1.0,613121849,1432119698,3435265547,2018-07-18,delivered,299.9,19.03,318.93,credit_card,1.0,5.0,-16.0,0.0
1053993604,1b6a74c497e59ff5342e7a1adcff98af,1.0,4118961869,1895192417,1480205621,2018-07-01,delivered,109.9,23.49,133.39,credit_card,8.0,22.0,-24.0,0.0
3680626685,4ac6060d367c21fb5bf12144a6e8f8d2,1.0,554615604,517498823,4117658320,2018-08-12,delivered,97.5,14.26,111.76,credit_card,2.0,3.0,-12.0,0.0
3730367291,7caa2aaed7e9a56d1bc1004eb7d296e5,1.0,1214718357,4223619965,989880648,2018-07-17,delivered,144.97,9.18,154.15,voucher,1.0,2.0,-5.0,0.0
3280543938,02ef9aa8b6692c2ff049065f5a150c28,1.0,3295894260,3480761687,2047495738,2018-08-01,delivered,29.9,15.31,45.21,credit_card,1.0,6.0,-13.0,0.0
3043495852,6d1a62fa0b7ad62bdea639088be1e5f5,1.0,800668581,2388891366,846727119,2018-07-25,delivered,319.9,56.32,376.22,debit_card,1.0,5.0,-15.0,0.0
3450420906,93d1d708e3c14a6565de485c5f62b516,1.0,2716864035,1939108327,2304947736,2018-07-23,delivered,29.0,15.3,44.3,boleto,1.0,9.0,-18.0,0.0
2660614391,096375c5433ecff9fd971ca2bdd40f1b,1.0,3613378947,3338599894,1696683105,2018-08-02,delivered,38.95,19.18,0.0,unknown,0.0,11.0,-9.0,0.0
488994458,a24d66d387ac209f98ea7b4eae586336,1.0,1416947049,3997709767,353620887,2018-07-23,delivered,429.9,25.81,0.0,unknown,0.0,5.0,-13.0,0.0
2318713135,1486436c20fbfcb9dbce0d90820b86a1,1.0,3280006782,2609951366,4109428959,2018-08-06,delivered,11.87,12.79,24.66,credit_card,2.0,9.0,-9.0,0.0
1713034299,d55ebcbe4bbcf9c842471f10b1b82f1a,1.0,1998866108,228069001,1011007161,2018-07-16,delivered,89.9,13.97,0.0,unknown,0.0,7.0,-15.0,0.0
1694579829,818bd343c0073f9624ca1801fd39f4db,1.0,907909331,2668145089,2890074202,2018-07-18,delivered,35.0,16.52,51.52,credit_card,1.0,2.0,-6.0,0.0
737548177,9e2fbf3b51437bc915ed549c475eef2c,1.0,816170388,3620249671,3903401908,2018-07-23,delivered,14.99,7.39,22.38,voucher,1.0,2.0,-12.0,0.0
3654256618,e1d91f5481b7e7a48c0ceefd3feb4ba5,1.0,2078375205,1513274870,528827331,2018-07-21,delivered,207.0,28.22,235.22,credit_card,10.0,14.0,-9.0,0.0
1706414515,cf5508a6ae55421646b0683bb605ac74,1.0,1084582963,3131998115,410683105,2018-07-08,canceled,169.0,19.28,188.28,credit_card,2.0,,,
1153455543,df606e00395346b2b2d9e861236efd6f,1.0,2546370177,2413621728,2250123381,2018-08-26,delivered,85.0,13.26,98.26,credit_card,1.0,4.0,-12.0,0.0
2120920609,d34bc7b7a591c761f1d10baefcc86644,1.0,3073507099,4089232152,3522250725,2018-08-18,delivered,46.99,23.13,70.12,boleto,1.0,5.0,-6.0,0.0
71705286,c77d53942cf14c381d5740220f9c784c,1.0,1821711424,4035516476,2636346249,2018-07-02,delivered,29.99,18.31,48.3,credit_card,1.0,9.0,-13.0,0.0
319038329,320f28931983137e4e8dbaa4c160c770,1.0,504261741,3203899544,1565580883,2018-08-11,delivered,95.28,23.91,119.19,boleto,1.0,9.0,-4.0,0.0
1274061026,8ca43faa3b964d5ef9d833123b3b1d2e,1.0,1097824873,899860769,53223181,2018-07-03,delivered,27.9,7.94,35.84,credit_card,1.0,3.0,-10.0,0.0
573367278,249e31fdd34c2bd383c07d75138319ff,1.0,742232984,1231134602,2820708614,2018-08-17,delivered,199.0,57.87,256.87,boleto,1.0,10.0,-10.0,0.0
1555841015,77c155208a2ebfadeb34ab55497c597d,1.0,3219211950,4195323628,2982880934,2018-08-07,delivered,194.89,22.66,217.55,credit_card,3.0,7.0,-2.0,0.0
2191446486,51de5b8d842a735e59b9da51e53e81c0,1.0,3647483645,1570888716,53223181,2018-07-26,delivered,27.9,7.46,35.36,credit_card,1.0,4.0,-4.0,0.0
1128671073,628111ec0fcace16f3112336b1138aef,1.0,4114779748,2466355469,523493826,2018-07-14,delivered,66.99,27.75,94.74,credit_card,3.0,24.0,6.0,1.0
2023936390,bcd49ab05abcd96dc60591051df6c81b,1.0,158135659,39186483,3472463603,2018-07-25,delivered,90.0,20.58,110.58,credit_card,2.0,6.0,-10.0,0.0
750558011,1cc2d3a2d530f28cabf220dad2b59b55,1.0,3562242444,716366971,256972323,2018-08-09,delivered,159.0,19.21,178.21,credit_card,4.0,5.0,-16.0,0.0
2968941964,b3355f7dd6280519c31a73e7819523ea,1.0,679976448,3235231580,3040083723,2018-07-29,delivered,249.9,14.05,263.95,credit_card,8.0,3.0,0.0,0.0
169943789,bdcf9c2f3ef0c55dc1273dd2c507b0f8,1.0,2925442202,671057104,2823580135,2018-08-09,delivered,188.9,23.99,212.89,voucher,1.0,14.0,-28.0,0.0
1875290067,3e02fdc7581b3911fb32501e56bd3192,1.0,550282688,496435662,1250028102,2018-08-06,delivered,65.0,7.72,72.72,credit_card,1.0,3.0,-1.0,0.0
2291893291,529803de3fafe0402da504545ed10047,1.0,1135472148,1529402584,3522250725,2018-07-01,delivered,42.97,9.61,52.58,boleto,1.0,4.0,-10.0,0.0
2042506860,6984dd59d3223f88d356dd9bb8117d2e,1.0,2046212574,721170892,3267771422,2018-08-17,delivered,49.9,11.37,61.27,credit_card,2.0,4.0,-2.0,0.0
805688344,664934b310cca178e1ac86c17c97f61b,1.0,1398080108,3226316213,918571473,2018-07-11,delivered,539.0,16.43,0.0,unknown,0.0,15.0,-7.0,0.0
1582667509,9bb495896a186cefecc3d00838723597,1.0,2968383377,566854476,604144110,2018-08-21,delivered,149.9,18.85,168.75,credit_card,1.0,6.0,-4.0,0.0
945097966,3a511b11011bb31230c08bc11f4a1954,1.0,1949360574,1631924440,4120033478,2018-07-15,delivered,69.9,18.59,88.49,boleto,1.0,8.0,-10.0,0.0
3908715806,ae3ed4faf84063e2cb305bc99cacf219,1.0,3737323857,412877893,1276368770,2018-07-23,delivered,127.27,9.64,136.91,boleto,1.0,3.0,-14.0,0.0
1158652027,16988d29fc53e813b156b33c0eb39b1d,1.0,1924073738,3240848084,2870196462,2018-08-03,delivered,15.5,7.39,22.89,credit_card,1.0,4.0,-5.0,0.0
1370418837,637829c452a59980120d8015af137b78,1.0,472165708,334767268,1075788206,2018-08-04,delivered,1608.99,46.61,1655.6,credit_card,10.0,8.0,-16.0,0.0
541106632,160325be3833553d6a8155785eb1e7e9,1.0,1169604392,2116048782,4055463965,2018-08-11,delivered,22.32,15.26,37.58,credit_card,1.0,9.0,-10.0,0.0
2889285561,4c1eb4e6d52d42048614e4c46f3c5f9e,1.0,2326901804,1868542520,280381239,2018-08-03,canceled,212.99,27.79,240.78,boleto,1.0,,,
906043639,19c6408c8c146a18e4fa634340aa5685,1.0,1294920962,1946620239,3103215707,2018-08-09,delivered,64.9,11.71,76.61,credit_card,3.0,7.0,-4.0,0.0
3172145567,c4e471ceef59a7434978cda5d4ab9d4a,1.0,196676891,2552124247,819761952,2018-07-31,delivered,24.87,7.91,32.78,credit_card,1.0,2.0,-5.0,0.0
1654474593,3300cd5468b45a06dd47487a0d936212,1.0,1974754639,3437381620,818072497,2018-08-02,delivered,121.75,23.65,145.4,credit_card,2.0,6.0,-6.0,0.0
3291721581,b172643d2145d101810ed57b5378f1c6,1.0,423929451,2274588196,3772804285,2018-07-13,delivered,24.9,18.27,43.17,boleto,1.0,12.0,-13.0,0.0
1435417836,0d71624d3497568c5af4fa0fc5faa967,1.0,1279203243,623644715,3103215707,2018-08-15,delivered,789.99,23.63,813.62,credit_card,7.0,6.0,-22.0,0.0
3736018002,66fc85fce01ca94d68a669ad2f78c035,1.0,3078421014,2672175632,3247263560,2018-08-04,delivered,49.9,8.51,58.41,credit_card,1.0,5.0,-5.0,0.0
2328880009,82ad15d5ae6887a26bd03503d58d603f,1.0,55245630,2834596364,2636346249,2018-08-16,delivered,18.99,15.23,34.22,credit_card,1.0,11.0,-3.0,0.0
3750161765,d1e7343d9fea35ce6330478c84f0fb7f,1.0,4064950541,3520052168,2304947736,2018-07-25,delivered,56.0,15.49,71.49,credit_card,2.0,7.0,-7.0,0.0
1495144097,29f4481c82fe8804ae3de770fd4012aa,1.0,3422435724,1159501270,1868809992,2018-07-24,delivered,150.0,83.97,233.97,credit_card,4.0,6.0,-20.0,0.0
1649103526,77ed96472e1b12ffadfab397ab0b6ffc,1.0,2969691819,1880950498,2023461531,2018-07-25,delivered,24.99,22.9,47.89,credit_card,3.0,7.0,-29.0,0.0
3475643877,1f460df7925acc891d9f98daa8aa0b29,1.0,3747101894,39268834,2977093912,2018-08-17,delivered,99.99,18.5,118.49,boleto,1.0,7.0,-11.0,0.0
3403676392,060c88a63c83f2dfaeea611cc18edefd,1.0,4243673828,3104847115,2312430349,2018-07-09,delivered,109.9,51.06,160.96,credit_card,10.0,11.0,-7.0,0.0
28640048,5c02bbcf8ee00ff276723c431b064505,1.0,4010128133,1776620515,2475905934,2018-08-03,delivered,69.99,11.51,81.5,credit_card,2.0,18.0,9.0,1.0
2907969024,c3e26e5fb80a6b20f91b8a4f4b5b6141,1.0,1466425366,3705551076,1692063826,2018-08-04,delivered,65.0,19.65,84.65,credit_card,3.0,5.0,-15.0,0.0
4004719764,6b5dacee2e42b0fffa4c671e7ffcca06,1.0,3559814578,495544510,3664770205,2018-08-17,delivered,160.0,19.22,179.22,debit_card,1.0,7.0,-18.0,0.0
3964490112,8d041d799681ab5221f1fd956d1d59f7,1.0,479046559,4284795065,2060950116,2018-07-25,delivered,119.0,35.9,154.9,credit_card,5.0,20.0,7.0,1.0
3400063140,4b724da8c370a3fde7491b6393f2ba12,1.0,4137812992,650566202,1763790356,2018-08-14,delivered,249.0,20.65,269.65,credit_card,2.0,13.0,-8.0,0.0
2045891928,7a569ceb9d89c45df6bd1d2569ec061e,1.0,2416919619,1551261746,2997337676,2018-07-16,delivered,485.9,25.33,511.23,boleto,1.0,15.0,-21.0,0.0
3520744458,557e7ed9b11b0dd74545009ef0c7a74c,1.0,778957376,855398928,3741694444,2018-08-05,delivered,99.0,18.79,117.79,boleto,1.0,19.0,0.0,0.0
3852505719,5b8c38123823347dea1d23abd2635c21,1.0,2887048677,645210827,2054957919,2018-07-04,delivered,299.45,48.38,347.83,credit_card,6.0,8.0,-13.0,0.0
422871179,de2e5a0863ec922ee9fb96b8b3395de2,1.0,3819263874,3286585782,3667124800,2018-08-20,delivered,49.9,7.61,57.51,boleto,1.0,3.0,-4.0,0.0
1006753579,c2836ff9ab20ff55026da2c7278840b6,1.0,1244903234,1505843154,3659481684,2018-08-14,delivered,21.89,17.08,38.97,credit_card,1.0,6.0,-2.0,0.0
4066692023,c0c08274d7ff03824cbf0377b2a9db63,1.0,975649590,3240848084,2870196462,2018-07-29,delivered,15.5,7.39,22.89,boleto,1.0,3.0,-6.0,0.0
356370227,6a246b3a7847ecd748e7b26e64256c0e,1.0,827266105,2225486036,4109304321,2018-07-26,delivered,139.0,57.45,196.45,credit_card,2.0,7.0,-13.0,0.0
1644457843,1a96f8947e6b2c89ddd029f6c4a64913,1.0,1899479635,578731435,3851041961,2018-08-16,delivered,27.9,18.3,46.2,credit_card,1.0,8.0,-20.0,0.0
2422284588,a43233e3aab4afcc9b0160f77dfadd82,1.0,181207421,2609951366,4109428959,2018-08-19,delivered,11.97,7.39,19.36,credit_card,1.0,11.0,-1.0,0.0
1571292336,1955e6384cd6fc6cb02799b1e458b2d7,1.0,3178860557,592096461,2304947736,2018-08-06,delivered,78.0,7.81,85.81,credit_card,4.0,1.0,-2.0,0.0
4000743198,c52fc1fc33756cfdee5d0cd6fed55765,1.0,1320423172,713229313,796664912,2018-07-14,delivered,159.58,23.05,0.0,unknown,0.0,12.0,-7.0,0.0
2852608985,e1042f4c3705d9c1f9ec8d96a1771a58,1.0,3040418510,3261333318,3332609256,2018-08-13,delivered,29.99,14.51,44.5,credit_card,4.0,3.0,-7.0,0.0
1150256246,4e5d55d40118f10ac43d483e9094246a,1.0,3740737675,3820673694,3106288757,2018-07-04,delivered,75.5,11.62,0.0,unknown,0.0,2.0,-11.0,0.0
2234006074,04b7151492b049661380a47e0449f9b6,1.0,3243374220,2348587,1702792411,2018-07-02,delivered,84.9,26.89,111.79,boleto,1.0,7.0,-21.0,0.0
1388315226,d4374a2fe707b60c71f2d8932f8a93d4,1.0,2032522888,934887895,3594307950,2018-07-20,delivered,154.98,34.85,189.83,boleto,1.0,11.0,-9.0,0.0
2418348057,633500d08d4de68291b91ac828ef3961,1.0,771369847,1359195386,2614883157,2018-07-25,delivered,94.6,36.01,130.61,boleto,1.0,12.0,-11.0,0.0
3282808710,5e0609ae0c6a25f98bfec7d1350f9608,1.0,2406233772,144096984,730094745,2018-07-21,delivered,29.9,7.47,37.37,credit_card,2.0,4.0,-13.0,0.0
3820832388,b4a6ef27ed0f4d85919dee11bcff9b41,1.0,3990225053,3439775381,357383673,2018-07-23,delivered,69.9,26.79,96.69,credit_card,1.0,7.0,-30.0,0.0
2547546277,bf06a474d6806d10fdf9cdc8c428b993,1.0,819844077,415147456,1966704427,2018-07-02,delivered,119.0,47.49,166.49,boleto,1.0,10.0,-18.0,0.0
3364903652,b9f406c8efb6e5e869d3c9a8829f83ee,1.0,3357573560,293257463,604144110,2018-08-07,delivered,179.9,28.24,208.14,credit_card,1.0,6.0,-2.0,0.0
1752787207,a6325795dfacc6b956a81ab35de34506,1.0,223940280,2769757044,3659481684,2018-07-22,delivered,18.79,17.06,35.85,debit_card,1.0,7.0,-24.0,0.0
3889277472,112d51fc31fb26262d2b28130947b467,1.0,3530322573,904930257,2622583364,2018-08-11,delivered,212.0,14.14,226.14,credit_card,4.0,11.0,-1.0,0.0
2377875147,e15fc1d42ce26a4f976cbe33878fd4d9,1.0,2814922624,2781219658,1562587860,2018-07-05,delivered,139.77,16.08,155.85,credit_card,3.0,7.0,-26.0,0.0
3037188271,5fe019f7d1eaebdb3da79811a3bcd58d,1.0,2183008799,725094555,4086780073,2018-07-30,delivered,49.9,18.45,68.35,voucher,3.0,4.0,-14.0,0.0
2441771902,62dedcd31d4b3c43f9adbab2d7fd84d4,1.0,1104118164,2960694361,2122712096,2018-07-30,delivered,38.9,18.37,57.27,credit_card,1.0,3.0,-11.0,0.0
4036799690,6d6783e9e03bc56ba0d4f018d45babe3,1.0,3470187654,718071674,1734769477,2018-08-28,delivered,29.9,7.47,37.37,credit_card,1.0,1.0,-6.0,0.0
2716707823,61c3073707aeb0763a028eb696085d02,1.0,2461438196,2067738168,1755005248,2018-07-02,delivered,99.9,27.0,126.9,credit_card,2.0,9.0,-15.0,0.0
3962161377,7b9af3037e0cb2e52c45aa906500e759,1.0,61283709,342956730,1968527714,2018-08-08,delivered,68.0,14.06,82.06,boleto,1.0,7.0,-7.0,0.0
3931461195,5f6336571c2c474d5cd8e7ceb3d080ee,1.0,3774789360,1822286319,1868809992,2018-08-14,delivered,105.0,27.04,132.04,credit_card,3.0,15.0,-11.0,0.0
475141908,33afe754f48de3e2e8abaf42f1d6281e,1.0,1949736450,1672925611,854629258,2018-07-23,delivered,72.99,49.02,122.01,credit_card,3.0,11.0,-12.0,0.0
212858807,8cd863c5d05bcd7ee0e77483f1ec15e9,1.0,1211381276,1115709752,2304947736,2018-07-31,delivered,78.0,7.81,85.81,voucher,1.0,1.0,-8.0,0.0
872057212,47d142852e82970e78f1ed02c1dfce94,1.0,3648356588,2276631552,2304947736,2018-07-23,delivered,49.0,7.6,56.6,credit_card,5.0,2.0,-6.0,0.0
694246966,4dd08fa7dea495346c25580cf491fd79,1.0,2424461754,428405373,47085388,2018-08-09,delivered,40.0,15.38,55.38,boleto,1.0,5.0,-9.0,0.0
1821158791,60cd7b656f5e4ace4f4b11ba6b39e4fe,1.0,2338087712,2642536142,2980841612,2018-07-05,delivered,58.5,7.67,66.17,credit_card,6.0,20.0,-16.0,0.0
1918453401,434ecca6e51ec65c7ed71199313ac9e1,1.0,1209834099,2542587666,2526411072,2018-08-22,delivered,38.0,12.93,50.93,boleto,1.0,7.0,-5.0,0.0
572377033,af3dd257dffa86d6481ea590556ca509,1.0,2434079838,4058964725,2681412629,2018-07-20,delivered,44.99,23.04,68.03,credit_card,1.0,20.0,-22.0,0.0
27958208,0cc61cbbb97b708ac85f95f24e7e4439,1.0,2180590359,4007684960,1919968767,2018-08-03,delivered,91.55,15.74,107.29,credit_card,5.0,14.0,-4.0,0.0
2603708049,9fdc5868fa877dc622545834921b69ab,1.0,66576358,1837924117,825200024,2018-08-08,shipped,51.9,15.46,67.36,boleto,1.0,,,
3878700343,79aee5d2f7328b2d701eb4e87f54ce47,1.0,2792036082,3245748662,1480205621,2018-08-05,delivered,168.9,20.09,0.0,unknown,0.0,10.0,-5.0,0.0
1501531649,9313c6e2df57e5358d335c1585a48f35,1.0,1344006722,3135661362,2626732951,2018-08-20,delivered,23.0,11.89,34.89,credit_card,1.0,3.0,-4.0,0.0
1704021520,2adcc6d21c5ae646d76e2a62e1388eb4,1.0,2559040619,3898251050,96764808,2018-08-08,delivered,14.9,19.04,33.94,boleto,1.0,14.0,-25.0,0.0
527393958,41c51367243707ec4b1cf8baae5de951,1.0,1592347074,427555452,2060950116,2018-07-27,delivered,49.0,22.74,62.175342465753424,credit_card,1.0,4.0,-15.0,0.0
3038797033,41c51367243707ec4b1cf8baae5de951,2.0,1592347074,1445277503,935749508,2018-07-27,delivered,53.2,4.74,67.50465753424658,credit_card,1.0,4.0,-15.0,0.0
2766506251,41c51367243707ec4b1cf8baae5de951,3.0,1592347074,427555452,2060950116,2018-07-27,delivered,49.0,22.74,62.175342465753424,credit_card,1.0,4.0,-15.0,0.0
3708438019,41c51367243707ec4b1cf8baae5de951,4.0,1592347074,1635787604,935749508,2018-07-27,delivered,53.2,4.74,67.50465753424658,credit_card,1.0,4.0,-15.0,0.0
3682391132,a9aaaf24646d60bb635aee235c06db11,1.0,2674787147,118582716,58373499,2018-07-30,delivered,859.9,165.15,1025.05,credit_card,4.0,10.0,-32.0,0.0
2516612827,09c8e8de8792915ab68564b4420f246f,1.0,1649856204,433092044,1734769477,2018-08-22,delivered,29.9,18.31,48.21,boleto,1.0,7.0,-14.0,0.0
2440289183,6f535066d76606a03524581e88087ce1,1.0,141007140,2860991773,1484248905,2018-08-15,delivered,21.0,13.49,34.49,credit_card,1.0,5.0,-7.0,0.0
1545422665,6f535066d76606a03524581e88087ce1,2.0,141007140,2860991773,1484248905,2018-08-15,delivered,21.0,13.49,34.49,credit_card,1.0,5.0,-7.0,0.0
3985475512,7f579a347e00ac4d36c143a5969e5189,1.0,4010557782,3162529648,3028344224,2018-07-21,delivered,9.8,18.23,28.03,boleto,1.0,12.0,-12.0,0.0
4175723275,03bd6f7b95588e476cdef4abb2cfdd0d,1.0,2455017712,1150114816,1716536501,2018-07-31,delivered,48.9,9.09,57.99,credit_card,1.0,2.0,-1.0,0.0
222634456,8e7f3b97378d8df36ad1b2c206db009d,1.0,2945399242,2876488689,1696683105,2018-08-06,delivered,80.3,7.82,88.12,credit_card,1.0,2.0,0.0,0.0
1277511427,01d1bb79f3dee77d8a6809aff0025590,1.0,1702705861,565372049,1734769477,2018-08-15,delivered,219.9,27.84,247.74,credit_card,8.0,5.0,-7.0,0.0
1882458144,af7b6d2963f03fb6bd066d90ff205dea,1.0,3183644115,1802398487,250985049,2018-07-23,delivered,69.9,13.83,83.73,credit_card,2.0,7.0,-14.0,0.0
709406857,260c1e77793a506e09dd0f8135109966,1.0,1739856109,1234026536,2629314654,2018-08-17,delivered,13.99,4.27,19.135643180349064,credit_card,3.0,4.0,-7.0,0.0
2601378458,260c1e77793a506e09dd0f8135109966,2.0,1739856109,1910918092,1696761601,2018-08-17,delivered,33.9,14.22,46.36871363930187,credit_card,3.0,4.0,-7.0,0.0
439041707,260c1e77793a506e09dd0f8135109966,3.0,1739856109,1234026536,2629314654,2018-08-17,delivered,13.99,4.27,19.135643180349064,credit_card,3.0,4.0,-7.0,0.0
230801583,1d400d95c6669247200db54206a74b55,1.0,1467217067,3807068534,3626123686,2018-07-04,delivered,79.0,16.74,95.74,credit_card,3.0,5.0,-18.0,0.0
2177533305,4a9eee375aed716abf318683789faf01,1.0,2873866887,3386106382,581044507,2018-07-26,delivered,110.0,22.7,132.7,credit_card,1.0,7.0,-20.0,0.0
2277116137,2ed35bba35070885f6e0ff68cefe670d,1.0,909043832,2153591309,2626732951,2018-08-20,delivered,71.1,21.14,92.24,boleto,1.0,4.0,-12.0,0.0
4233146190,6e0f05728107157ca451dd9047a4eebf,1.0,200591218,1277571969,1763790356,2018-07-31,delivered,170.0,39.46,209.46,credit_card,4.0,8.0,-8.0,0.0
3059774945,cf5ed095faa94bc72753a8d519d43a61,1.0,1680208632,178647538,796664912,2018-08-21,delivered,151.8,8.32,160.12,credit_card,8.0,2.0,-4.0,0.0
2692687946,8b5bc96af9b784e1819b28162f0ffffc,1.0,3484054850,2524497326,2012214137,2018-08-04,delivered,31.99,22.15,54.14,credit_card,2.0,9.0,-15.0,0.0
4133988598,8b02a2a9b1ae5a5e5e840795cdc70fc3,1.0,4131510897,1207741858,3366215599,2018-08-18,delivered,64.9,18.55,83.45,debit_card,1.0,9.0,-9.0,0.0
1254211297,53e0f6555268ce0f38604a0e81e774b3,1.0,2752682246,4208494697,1813314038,2018-07-10,delivered,17.9,22.06,39.96,boleto,1.0,13.0,-13.0,0.0
3679329718,0097aafe2a01dd54e39888976160c377,1.0,1961512958,2926703143,2520605551,2018-08-23,delivered,62.0,8.59,70.59,boleto,1.0,5.0,-1.0,0.0
1518561275,b17656c0ce138e982f37560850a9bc5c,1.0,214306952,1542620785,897947394,2018-08-17,delivered,364.0,16.85,380.85,debit_card,1.0,5.0,-7.0,0.0
18172854,71ebfb916db0911bb0201d56790bc485,1.0,2305184859,1542620785,897947394,2018-08-21,delivered,364.0,18.74,382.74,credit_card,6.0,7.0,-6.0,0.0
3699216669,4d495c697709fcab0a85b3c5247f89e0,1.0,2062134377,2105064861,1579174796,2018-08-13,delivered,19.9,18.24,38.14,credit_card,3.0,4.0,-6.0,0.0
3773863108,4d495c697709fcab0a85b3c5247f89e0,2.0,2062134377,4178974313,1579174796,2018-08-13,delivered,19.9,18.24,38.14,credit_card,3.0,4.0,-6.0,0.0
3263808790,b489f7ae130ba3fd26b0a20f8cc81c61,1.0,2791837872,253648892,2261194409,2018-08-18,delivered,129.9,23.71,0.0,unknown,0.0,8.0,-8.0,0.0
4072338693,55471a53555cb61d9cd2ff895a278033,1.0,165211058,4013238073,2746700703,2018-07-02,delivered,35.9,18.02,53.92,boleto,1.0,8.0,-13.0,0.0
659966461,b703b9bca2536eca02a03e9f8f00fc47,1.0,508274002,1782083014,1868809992,2018-08-12,delivered,67.0,9.22,76.22,boleto,1.0,16.0,7.0,1.0
2992836060,b703b9bca2536eca02a03e9f8f00fc47,2.0,508274002,1782083014,1868809992,2018-08-12,delivered,67.0,9.22,76.22,boleto,1.0,16.0,7.0,1.0
3482929269,c754df662a2370682a708ef4b36b63cb,1.0,2597967989,2828653739,2085372711,2018-08-16,delivered,49.9,9.1,59.0,credit_card,2.0,4.0,0.0,0.0
4222631107,8f22f06e256ac729f8a1850a4a36edf6,1.0,3118735187,3820673694,3106288757,2018-07-01,delivered,65.5,18.26,83.76,credit_card,3.0,5.0,-19.0,0.0
4215596380,5f4ca60a3374aa89fd1ceeb0431c0c80,1.0,1393936125,301925716,3485175421,2018-08-09,delivered,107.5,17.88,125.38,credit_card,3.0,7.0,-5.0,0.0
2528007904,07b4f186d84795c78fcd70a18b36c256,1.0,528607249,2128215339,2340679812,2018-08-09,delivered,49.98,15.45,65.43,boleto,1.0,14.0,-13.0,0.0
3150255430,b17c8b612641d44b16b1e306763d33fe,1.0,1958480127,174750780,523493826,2018-07-02,delivered,122.99,36.63,0.0,unknown,0.0,10.0,-25.0,0.0
1596010471,dbfe4e468c74ac901314aac3d2915e40,1.0,3991560004,691520434,2312430349,2018-08-07,delivered,94.9,14.96,0.0,unknown,0.0,8.0,-5.0,0.0
2226991974,727efa2785deaaad8480da8e66db7e67,1.0,166349860,1575542690,1612681572,2018-07-14,delivered,69.9,18.29,88.19,credit_card,7.0,9.0,-22.0,0.0
1302517699,61c724e40941762318a52917a4acc55c,1.0,4101750708,1010405546,53223181,2018-07-17,delivered,27.49,7.45,34.94,credit_card,1.0,2.0,-6.0,0.0
2772082714,219d7856c8969f8f7087ffe19ae28a36,1.0,2299702530,3558688841,890939886,2018-07-22,delivered,38.9,16.46,0.0,unknown,0.0,4.0,-11.0,0.0
1919202736,c1bef4d15c96b3625b389a5abdd23d8e,1.0,1976101696,3013392154,3728838497,2018-07-26,delivered,570.0,22.09,592.09,credit_card,6.0,7.0,-13.0,0.0
769104947,95b1d0b73b19c6fff384a9036a89e484,1.0,382559433,1018367849,1125369443,2018-08-03,delivered,105.0,19.93,124.93,boleto,1.0,17.0,1.0,1.0
2158517315,0f6c56738e9a7a30c78b735a231d3f56,1.0,3045844316,2113594583,1436988880,2018-08-12,delivered,148.0,22.64,169.97914070186948,credit_card,4.0,4.0,-12.0,0.0
1218194136,0f6c56738e9a7a30c78b735a231d3f56,2.0,3045844316,220184440,3070457104,2018-08-12,delivered,156.9,22.64,180.20085929813052,credit_card,4.0,4.0,-12.0,0.0
3734324902,256fd7aba8c450a1a97a52b1c9d422bc,1.0,607838342,2216971342,3969872927,2018-08-14,delivered,10.9,15.23,0.0,unknown,0.0,10.0,-5.0,0.0
2005093159,256fd7aba8c450a1a97a52b1c9d422bc,2.0,607838342,2216971342,3969872927,2018-08-14,delivered,10.9,15.23,0.0,unknown,0.0,10.0,-5.0,0.0
2469891223,256fd7aba8c450a1a97a52b1c9d422bc,3.0,607838342,2216971342,3969872927,2018-08-14,delivered,10.9,15.23,0.0,unknown,0.0,10.0,-5.0,0.0
1565410689,697bfc21e6f74cfda0eed559272c2afe,1.0,1284379322,4284662130,3659481684,2018-07-15,delivered,38.89,17.2,56.09,boleto,1.0,7.0,-8.0,0.0
724873692,488a68f9907cd07802276d560e7f7a68,1.0,3408077875,2801049975,3497601394,2018-07-24,delivered,320.0,88.09,408.09,boleto,1.0,14.0,-6.0,0.0
2488580004,9a6a7ea0e1523950885c7b716b1766cc,1.0,916320585,2841183789,1140572287,2018-07-03,delivered,65.99,15.56,81.55,credit_card,2.0,6.0,-27.0,0.0
2439544019,b6a2fed48bed96ec6db31f2850896e77,1.0,1130107219,3231284959,293397492,2018-08-16,delivered,89.99,18.73,108.72,credit_card,4.0,13.0,-23.0,0.0
2602802285,4af8b47be33c785fcc931ff77ba23ae3,1.0,2680642772,3463578150,4086780073,2018-08-25,delivered,29.9,18.31,48.21,boleto,1.0,4.0,-26.0,0.0
3262889321,08f77a9d173ce275845e91e81500838c,1.0,1037423216,2547803173,4120033478,2018-07-02,delivered,69.9,9.18,79.08,voucher,1.0,3.0,-14.0,0.0
791610637,c4f7d1763350c3f18548294c4beced5c,1.0,1736877880,2964700189,292078031,2018-07-03,delivered,82.9,44.38,127.28,credit_card,2.0,6.0,-21.0,0.0
1726515188,c20364e03cd232810a496d07ef593e3b,1.0,2453176494,3926824611,1919968767,2018-08-01,delivered,95.0,15.77,110.77,credit_card,4.0,9.0,-7.0,0.0
3535185359,135522b6d0ac3390e1386b74d48f957c,1.0,2129502348,3763077621,3626123686,2018-07-15,delivered,26.4,19.1,45.5,credit_card,2.0,10.0,-9.0,0.0
3641427663,076d0f6917a8b9325bd7de62ef6c8c73,1.0,2758874507,2611719661,4132039069,2018-08-23,delivered,99.0,19.88,118.88,credit_card,2.0,7.0,-5.0,0.0
2052334170,73651881d63f2630709963bab45d7525,1.0,1366428628,945283945,2775148626,2018-08-20,delivered,19.49,7.4,26.89,credit_card,2.0,3.0,-3.0,0.0
1240172234,73651881d63f2630709963bab45d7525,2.0,1366428628,945283945,2775148626,2018-08-20,delivered,19.49,7.4,26.89,credit_card,2.0,3.0,-3.0,0.0
1013351760,6728a6a592a63817d0ac211044efa702,1.0,759583928,3569306734,2297992664,2018-08-03,delivered,99.99,56.16,156.15,credit_card,4.0,22.0,-3.0,0.0
1008710502,a6cbdf5ace75b2a9e73a68a9a478060e,1.0,2753238384,1221457373,935749508,2018-07-16,delivered,56.99,13.98,70.97,boleto,1.0,7.0,-7.0,0.0
376461924,4387477eec4b3c89b39f3f454940d059,1.0,3371234230,2475217293,3134199008,2018-08-09,delivered,99.0,16.96,111.01,debit_card,1.0,5.0,1.0,1.0
730507363,4387477eec4b3c89b39f3f454940d059,2.0,3371234230,2475217293,3134199008,2018-08-09,delivered,99.0,16.96,111.01,debit_card,1.0,5.0,1.0,1.0
1524974878,54a51314febd38a9bfb89a9f49006289,1.0,2560461543,4030781021,2826113646,2018-08-01,delivered,378.0,20.75,398.75,credit_card,2.0,8.0,-25.0,0.0
1681166681,0bf50993f89a58468cac45f3ef587c96,1.0,1641676461,4221378059,3243706070,2018-08-13,delivered,10.89,7.39,18.28,credit_card,1.0,2.0,-4.0,0.0
3214830276,73a516c7297dcd6a809778fd0cb8bdd4,1.0,3883945480,1388934921,1751079328,2018-08-02,delivered,179.9,13.56,193.46,voucher,1.0,4.0,-1.0,0.0
1485730163,218420c55032b9db817c110f06b85fde,1.0,1036138033,1424261424,789128652,2018-07-21,delivered,79.9,14.87,94.77,credit_card,1.0,9.0,-9.0,0.0
784175610,082388d7ce9557ef064199ef978a8f3e,1.0,3833582928,150158698,305748041,2018-07-29,delivered,14.9,8.29,23.19,credit_card,1.0,2.0,-2.0,0.0
1698419276,2beec023bba6f27c7b59dacf9f3afda1,1.0,3924890446,585211881,791135922,2018-07-06,delivered,138.5,17.16,155.66,credit_card,1.0,5.0,-13.0,0.0
4054398751,64c43896c03b8f6f3ee2a5927ff67d7b,1.0,486428955,3732414669,2622583364,2018-08-07,delivered,129.0,22.83,151.83,credit_card,10.0,10.0,-16.0,0.0
695910838,b89d417b1ba9f8e416b9e333ffa01a93,1.0,1106588324,3038694483,581044507,2018-07-28,delivered,112.0,13.44,0.0,unknown,0.0,6.0,-14.0,0.0
3349574930,32b1d8f3789a57f1f752e20ac7404b4c,1.0,1682813086,3975056712,2304947736,2018-07-29,delivered,49.0,7.6,56.6,boleto,1.0,2.0,-5.0,0.0
1831212531,2fb8e643288fc9fcf4b9178fb9d4f17e,1.0,504470070,4251673819,9861004,2018-07-18,delivered,79.9,24.17,104.07,credit_card,4.0,3.0,-10.0,0.0
2963090217,6b52fde341db3472b2e4c787887abc7e,1.0,2568982511,3539914692,1379301944,2018-08-17,delivered,32.0,19.41,51.41,credit_card,1.0,10.0,-14.0,0.0
3158055392,0d4677b0223bd9ec9dc8182d6afa70aa,1.0,2156900203,2466355469,523493826,2018-07-13,delivered,66.99,27.75,94.74,credit_card,1.0,26.0,6.0,1.0
4208494720,97281bb4f529a833c220982299fe4f34,1.0,195976042,671623140,528293807,2018-08-17,delivered,21.9,12.81,34.71,boleto,1.0,10.0,-7.0,0.0
1774941052,710ad9913c5b4fc7c5d5a890082b1029,1.0,1746922742,1332019928,390945606,2018-08-07,delivered,69.99,8.65,78.64,credit_card,5.0,9.0,6.0,1.0
1343641861,6c353b764e0d5e28cb2852e8e8603def,1.0,2112687471,174750780,523493826,2018-07-14,delivered,122.99,21.13,144.12,credit_card,5.0,32.0,12.0,1.0
2375844779,0bf5c5b5e96bce9d0093165a1697d8f9,1.0,1902127035,2973009132,2880307388,2018-07-27,delivered,79.9,19.75,99.65,credit_card,1.0,18.0,-10.0,0.0
382404056,9a2d9a86d4a7dd97171191815ece139e,1.0,4201555307,153220677,112649996,2018-07-14,delivered,49.99,23.07,73.06,credit_card,3.0,20.0,-5.0,0.0
1357145752,d234f846aac643047caabb1171030524,1.0,1704134154,1619330562,123833255,2018-07-17,delivered,50.0,14.66,64.66,boleto,1.0,7.0,-7.0,0.0
1496618538,c7b320d88c5e5f37698bd31d75c02eb2,1.0,3657881946,996194263,1125369443,2018-07-31,delivered,90.0,23.43,113.43,credit_card,2.0,8.0,-7.0,0.0
4141128882,c2a0804ce9caec169b2c41564fd7f9e0,1.0,2331895535,2978499743,1013540066,2018-07-11,delivered,149.9,51.77,201.67,boleto,1.0,12.0,-7.0,0.0
3117700450,2811a528a7b5ae1d207e9620a4c6b44b,1.0,325295628,3918222467,3682530210,2018-07-27,delivered,39.9,18.38,58.28,credit_card,1.0,10.0,-11.0,0.0
3908099688,a373ffc34c4613f5136ec29b5af247e4,1.0,71873945,1893850702,3245525768,2018-08-08,delivered,14.5,12.79,27.29,boleto,1.0,8.0,-4.0,0.0
1409674821,c633513c5486bd512a2a23de725cd7cd,1.0,1302516951,367210197,1115532295,2018-08-01,delivered,24.5,7.43,31.93,credit_card,1.0,5.0,-1.0,0.0
1708148119,4ccfa0c7ce3c1a6069ae72d9596c4d6e,1.0,747824220,213108280,1018258220,2018-07-21,delivered,149.65,22.98,172.63,credit_card,7.0,8.0,-10.0,0.0
3067794128,9d022e549f07ff2c4cfc5401f252f59d,1.0,3336846937,4174388902,1884653127,2018-07-16,delivered,48.9,18.44,67.34,credit_card,1.0,7.0,-17.0,0.0
166625652,9450a19a745c16784964ea86003dc665,1.0,2973126575,1408038139,1946727729,2018-08-06,delivered,425.92,61.58,487.5,boleto,1.0,2.0,0.0,0.0
3048335666,05434c77e67f2531d6b5a6c5f8bce535,1.0,2191641812,2807106037,2339751197,2018-08-08,delivered,127.26,22.19,149.45,credit_card,3.0,7.0,-6.0,0.0
2314511363,0b16257b1b7ee0922ea03954f2cae85a,1.0,1706929271,1519717858,3374723997,2018-08-07,canceled,113.1,8.21,121.31,credit_card,1.0,,,
2279758647,9fec37a0086c6f77f95b2ac00f27771e,1.0,6660850,4281722724,2296215108,2018-08-26,delivered,184.9,22.59,207.49,credit_card,4.0,4.0,-6.0,0.0
2224040294,61c77cbdc7ac0a0ded411b067c32baf8,1.0,2384384954,1121099980,2440337336,2018-07-14,delivered,100.0,20.65,120.65,credit_card,2.0,9.0,-10.0,0.0
1048663681,be003b92657e12fe422a450aacc1eed7,1.0,911339292,3920247806,1875795936,2018-08-05,delivered,139.19,16.07,155.26,credit_card,1.0,4.0,-8.0,0.0
2745449816,20672f07069f89d1f9d2b94c9a72915c,1.0,2817002292,534315013,1734769477,2018-07-08,delivered,14.99,7.71,22.7,credit_card,1.0,4.0,-6.0,0.0
3151963258,8458b41c26bf20ba9b4ad514cacd4b2a,1.0,474095928,3727688744,2580370799,2018-08-02,delivered,171.9,28.48,200.38,voucher,1.0,13.0,-16.0,0.0
3423312208,3e5e7b5fa03b93333f27d876d4026ec3,1.0,1881820212,1954901884,3485175421,2018-07-31,delivered,84.9,14.9,99.8,credit_card,4.0,2.0,-6.0,0.0
3636124223,2d3bc1f6ed458a137c51adc3cab7a488,1.0,2306913163,1468968100,98329189,2018-08-06,delivered,1099.0,40.17,1139.17,credit_card,6.0,4.0,-10.0,0.0
593363151,5d4c60302689f1e23d80b19eea938bf6,1.0,1742832248,186743931,3503366785,2018-07-01,delivered,29.99,18.31,48.3,voucher,1.0,5.0,-25.0,0.0
2111083321,abd14b94d3155471e77c723d055edab5,1.0,3852351916,1595438487,1379301944,2018-07-16,delivered,35.19,18.35,53.54,credit_card,1.0,7.0,-10.0,0.0
477025893,d28b9fc7e25679fbae70211d38a44518,1.0,3667982668,4068082380,4185397625,2018-07-24,delivered,85.71,12.9,98.61,credit_card,1.0,1.0,-7.0,0.0
2096155354,90ef0dd46322c07d322754512bf6b9b5,1.0,3790032914,3911641092,2173695781,2018-08-14,delivered,119.99,44.64,164.63,boleto,1.0,7.0,-6.0,0.0
2230321407,d1ed1dbbec11c2374190e2365d37d2b9,1.0,4011951443,2758717870,1422228924,2018-08-07,delivered,106.9,13.41,120.31,credit_card,5.0,5.0,-14.0,0.0
323134465,5e9f1a71f53f74f8c4e829ffbb4b52e9,1.0,3015418916,3985290164,250985049,2018-07-30,delivered,50.2,18.45,68.64999999999999,credit_card,2.0,20.0,-7.0,0.0
2452494197,5e9f1a71f53f74f8c4e829ffbb4b52e9,2.0,3015418916,3985290164,250985049,2018-07-30,delivered,50.2,18.45,68.64999999999999,credit_card,2.0,20.0,-7.0,0.0
3142665981,5e9f1a71f53f74f8c4e829ffbb4b52e9,3.0,3015418916,3985290164,250985049,2018-07-30,delivered,50.2,18.45,68.64999999999999,credit_card,2.0,20.0,-7.0,0.0
1619212203,ded23d37cdcc25b37b4473b7be770cb2,1.0,2039943392,866938008,3332609256,2018-07-26,delivered,69.9,32.18,102.08,boleto,1.0,11.0,-13.0,0.0
2782125136,c892dec5d74e3ba28920ec30498fd00f,1.0,446116976,4182838189,4185397625,2018-07-16,delivered,19.0,15.23,34.23,credit_card,1.0,6.0,-9.0,0.0
3054995590,64108ebb55ecc7f1a9a4477c5b0624f4,1.0,2586607015,523133035,2612393066,2018-08-17,delivered,25.0,17.11,42.11,boleto,1.0,7.0,-5.0,0.0
1958540062,ad1aa8b8efedf5f8fc4712a4e380cc4d,1.0,2406801526,763667658,1203697143,2018-07-13,delivered,12.88,18.23,31.11,credit_card,2.0,6.0,-10.0,0.0
1014628159,412d2be13fcba6c139d5c9998e77a7c6,1.0,1744941258,4177777931,1242878050,2018-08-07,delivered,68.1,14.06,82.16,boleto,1.0,12.0,-1.0,0.0
3447188919,412d2be13fcba6c139d5c9998e77a7c6,2.0,1744941258,4177777931,1242878050,2018-08-07,delivered,68.1,14.06,82.16,boleto,1.0,12.0,-1.0,0.0
973778441,0abc7357d2bbb06a7d4d0b2a24d4ebd3,1.0,3648631824,3796311932,1914769873,2018-08-02,delivered,274.49,14.22,288.71,credit_card,5.0,4.0,-8.0,0.0
2936586338,e21fb196bd04dacce0907722f0660282,1.0,3753038488,1750609387,568670513,2018-08-14,delivered,105.99,18.99,124.98,credit_card,1.0,2.0,-29.0,0.0
3353613145,55f7d464556078e4c8b4fdf028feedc4,1.0,3860065424,3155743601,2154000458,2018-08-09,delivered,54.99,14.7,69.69,credit_card,5.0,6.0,-8.0,0.0
2241799915,cf2b932d25c7f902faa52f469b89c1c2,1.0,3360837622,4036272822,1480205621,2018-08-10,delivered,124.9,13.53,138.43,credit_card,6.0,4.0,-8.0,0.0
4066287946,9c3fe119bb87723856e0d807d2ddf37d,1.0,2797012032,1084398495,1379301944,2018-08-07,delivered,133.69,13.6,147.29,credit_card,1.0,17.0,3.0,1.0
1729615094,6864a2123ff29285627d16be37bc8b02,1.0,647062086,2093636419,1379301944,2018-07-08,delivered,10.0,18.23,28.23,credit_card,1.0,12.0,-16.0,0.0
1249549971,9d9cff01f6fdf54921c214e893355fb1,1.0,3513038454,1519717858,3374723997,2018-07-27,delivered,113.1,18.89,131.99,credit_card,2.0,7.0,-12.0,0.0
3423360275,946a2b3561cd706b8a7eb04fb08830c4,1.0,1810253607,557587542,2612393066,2018-07-07,delivered,34.9,22.17,57.07,credit_card,1.0,6.0,-18.0,0.0
1195237799,b2997e1d7061605e9285496c581d1fbd,1.0,3643632207,2067738168,1755005248,2018-07-30,delivered,70.0,31.36,0.0,unknown,0.0,63.0,49.0,1.0
1069801358,57be20dc5f786ed372add8e3f28be447,1.0,3658896882,668084608,945263063,2018-07-26,delivered,79.9,27.84,0.0,unknown,0.0,14.0,-21.0,0.0
760388119,57be20dc5f786ed372add8e3f28be447,2.0,3658896882,668084608,945263063,2018-07-26,delivered,79.9,27.84,0.0,unknown,0.0,14.0,-21.0,0.0
104984491,57be20dc5f786ed372add8e3f28be447,3.0,3658896882,668084608,945263063,2018-07-26,delivered,79.9,27.84,0.0,unknown,0.0,14.0,-21.0,0.0
1205820251,57be20dc5f786ed372add8e3f28be447,4.0,3658896882,668084608,945263063,2018-07-26,delivered,79.9,27.84,0.0,unknown,0.0,14.0,-21.0,0.0
211796093,57be20dc5f786ed372add8e3f28be447,5.0,3658896882,668084608,945263063,2018-07-26,delivered,79.9,27.84,0.0,unknown,0.0,14.0,-21.0,0.0
1882930711,57be20dc5f786ed372add8e3f28be447,6.0,3658896882,668084608,945263063,2018-07-26,delivered,79.9,27.84,0.0,unknown,0.0,14.0,-21.0,0.0
2723681165,cdf4b0d5611fbf52e84ea0dc45f5ba8e,1.0,3035105578,3478202829,918571473,2018-07-15,delivered,155.97,16.19,172.16,credit_card,3.0,13.0,-11.0,0.0
3342332727,67e54a5ddb5e864b3ca5442f999b55ed,1.0,3041341136,2635054845,3460754279,2018-07-16,delivered,205.9,24.59,230.49,boleto,1.0,8.0,-13.0,0.0
2161447210,58390adf4de979dcc0473f7de06c309a,1.0,2555234861,3655495200,4156473050,2018-07-27,delivered,27.9,7.46,35.36,credit_card,1.0,3.0,-2.0,0.0
891974118,6686e93efe206ed03777981a67e8c1db,1.0,2598703860,3482317805,1755005248,2018-07-31,delivered,199.0,66.6,265.6,credit_card,2.0,7.0,-12.0,0.0
1472598964,1c7a2b989035d96cd218d9b9f352c098,1.0,47485879,3196911953,497409468,2018-07-17,delivered,59.8,19.61,79.41000000000001,credit_card,5.0,8.0,-13.0,0.0
2902567489,1c7a2b989035d96cd218d9b9f352c098,2.0,47485879,3196911953,497409468,2018-07-17,delivered,59.8,19.61,79.41000000000001,credit_card,5.0,8.0,-13.0,0.0
1423500015,1c7a2b989035d96cd218d9b9f352c098,3.0,47485879,3196911953,497409468,2018-07-17,delivered,59.8,19.61,79.41000000000001,credit_card,5.0,8.0,-13.0,0.0
3571006426,358f7c2eece902dd795421e4937f0142,1.0,161313145,3158093056,3773013363,2018-08-16,delivered,359.0,17.61,376.61,credit_card,8.0,6.0,-12.0,0.0
3967914779,53251dae6eb94ed4fa67b57bd60e58bf,1.0,1406458507,3175457139,3314459581,2018-07-20,delivered,66.0,9.21,75.21,credit_card,2.0,4.0,-6.0,0.0
2591263465,b36511d6ed0cbc11beb1ab142ab3021c,1.0,3951230223,2997803660,2592359954,2018-08-14,delivered,128.0,17.09,145.09,credit_card,1.0,7.0,-2.0,0.0
2604978429,789efe01c5431a828ed0f537a7057016,1.0,1355486350,464790765,581044507,2018-08-15,delivered,510.99,16.24,527.23,credit_card,8.0,13.0,-5.0,0.0
500622004,aeae13bf1962c0a747dae0f007b2b313,1.0,1035959100,3732414669,2622583364,2018-08-04,delivered,129.0,13.56,142.56,credit_card,3.0,6.0,-4.0,0.0
2706778378,324687cda932c3d68b91cb0fb2ea653e,1.0,3041015550,4274609586,387984413,2018-08-14,delivered,195.91,59.45,255.36,credit_card,5.0,6.0,-4.0,0.0
1190147412,2d016564dff0c20b352e75b48e543e32,1.0,3724326437,2470589039,520545560,2018-07-28,delivered,58.5,18.51,77.01,boleto,1.0,9.0,-17.0,0.0
926627171,cd38eeff6b0ebffe1200329846d83987,1.0,1270525479,1381614497,3106288757,2018-08-20,delivered,15.9,12.79,28.69,voucher,1.0,3.0,-6.0,0.0
1710967198,55bf02fa5414e7b29c5b651c33626e9b,1.0,2024882255,813474593,1931544687,2018-08-23,delivered,170.0,27.49,197.49,credit_card,4.0,7.0,-32.0,0.0
962181121,bcb07b4577d1cb52bafc1b1b0c51c47e,1.0,1768823373,1539309695,4109428959,2018-07-05,delivered,12.47,15.23,27.7,credit_card,1.0,19.0,-8.0,0.0
3630327088,d8c3814df9c4a328159b280e60a59486,1.0,3084852088,2098089223,368619248,2018-08-17,delivered,1690.0,38.81,1728.81,credit_card,4.0,4.0,-13.0,0.0
43981168,c67c6e7178cff9848b2d6556d1670fd8,1.0,731068834,2911116727,3302929409,2018-07-22,delivered,20.09,11.16,31.25,credit_card,1.0,3.0,-6.0,0.0
228047089,62da6eaeb0bb1013bcd1e66d7a93546e,1.0,1286798896,3516343900,2580370799,2018-07-11,delivered,49.9,36.12,86.02000000000001,credit_card,1.0,9.0,-24.0,0.0
224085527,62da6eaeb0bb1013bcd1e66d7a93546e,2.0,1286798896,3516343900,2580370799,2018-07-11,delivered,49.9,36.12,86.02000000000001,credit_card,1.0,9.0,-24.0,0.0
2346101530,62da6eaeb0bb1013bcd1e66d7a93546e,3.0,1286798896,3516343900,2580370799,2018-07-11,delivered,49.9,36.12,86.02000000000001,credit_card,1.0,9.0,-24.0,0.0
1755849091,da0b8ba8e2730558871c2f9eb672e787,1.0,1692873099,3313280367,2892609914,2018-08-13,delivered,39.0,19.46,58.46,voucher,1.0,3.0,-10.0,0.0
2132388870,d273ccee1a7ee1a7013cc285da0ff429,1.0,93778850,2424846043,3078723279,2018-07-16,delivered,19.9,12.8,32.7,boleto,1.0,9.0,-5.0,0.0
3481391965,558bd4996eeddc5e4e29295bcec08e32,1.0,642836917,870882749,1675260091,2018-08-26,delivered,20.9,18.25,39.15,credit_card,1.0,3.0,-13.0,0.0
1802531684,778c123689474f1e0abaae724ebe2136,1.0,3423954315,1515064164,1429884252,2018-07-20,delivered,170.3,51.91,222.21,credit_card,4.0,13.0,-12.0,0.0
560424421,778c123689474f1e0abaae724ebe2136,2.0,3423954315,1515064164,1429884252,2018-07-20,delivered,170.3,51.91,222.21,credit_card,4.0,13.0,-12.0,0.0
1335289050,778c123689474f1e0abaae724ebe2136,3.0,3423954315,1515064164,1429884252,2018-07-20,delivered,170.3,51.91,222.21,credit_card,4.0,13.0,-12.0,0.0
79072035,778c123689474f1e0abaae724ebe2136,4.0,3423954315,1515064164,1429884252,2018-07-20,delivered,170.3,51.91,222.21,credit_card,4.0,13.0,-12.0,0.0
216344335,8f9bea8b0d14b8500fda8f3ca1e3fb78,1.0,652849171,813474593,1931544687,2018-08-16,delivered,170.0,13.49,183.49,credit_card,4.0,5.0,-2.0,0.0
1626534388,c99f547e83c25761f4c58fd7f41cd337,1.0,3435962826,2186748197,2681412629,2018-08-01,delivered,23.99,18.27,42.26,credit_card,1.0,12.0,-7.0,0.0
2617841520,946d4f5359317f054ef617725b284cc3,1.0,1059321680,1577731245,1694950908,2018-08-15,delivered,66.0,18.56,84.56,credit_card,1.0,12.0,-10.0,0.0
3759563768,053424c24c059910d1e31829dddcd4d9,1.0,4101301397,3401214301,1436988880,2018-07-06,delivered,38.9,19.46,0.0,unknown,0.0,6.0,-19.0,0.0
1718733660,cd9aa6fcc68d8352f12d7ca709c294f5,1.0,3860065424,2761471913,3147574442,2018-07-17,delivered,149.0,19.14,168.14,credit_card,3.0,3.0,-18.0,0.0
1697406280,880e262ca224fc654e306f76653f4d25,1.0,1662876719,3060165492,687121961,2018-08-03,delivered,79.99,18.36,98.35,credit_card,2.0,7.0,-6.0,0.0
4029411267,49626271ea0fa255a99b34978f50ae68,1.0,3863846748,3470517503,1615213775,2018-08-25,delivered,56.1,13.97,70.07,credit_card,1.0,3.0,-7.0,0.0
2864486142,133a123493a55f389917093bd41fb184,1.0,358107238,3250200740,4156473050,2018-08-23,delivered,28.39,7.46,35.85,credit_card,1.0,6.0,1.0,1.0
1154635634,0a3d9f14b1781670b56b1832ba291095,1.0,594793236,1542620785,897947394,2018-07-24,delivered,364.0,31.8,395.8,boleto,1.0,9.0,-14.0,0.0
3921008155,a2dd49b6ff8f34233706aa765cc0607f,1.0,2424216266,48271333,2870196462,2018-08-07,delivered,69.9,15.59,85.49,credit_card,1.0,3.0,-17.0,0.0
2223825052,329c5c3b5a57c04d68cda99d7f94403e,1.0,1207098497,870882749,1675260091,2018-08-19,delivered,20.9,18.25,39.15,credit_card,1.0,8.0,-9.0,0.0
725691215,a33704402f555e9de8c53d4a0046a656,1.0,454827088,2407816473,2490360540,2018-08-09,delivered,219.9,16.64,236.54,credit_card,8.0,4.0,-14.0,0.0
3452222379,bba30fab08220779d809343f597e9a46,1.0,3695577199,1379774607,4071751220,2018-08-17,delivered,39.9,7.54,47.44,boleto,1.0,5.0,-2.0,0.0
3642234920,8f3764cf2bebf60ed4e426faefff6ab1,1.0,1714211649,1241208376,2023461531,2018-07-25,delivered,69.99,8.65,78.64,credit_card,1.0,1.0,-7.0,0.0
2768157986,6d5b02afa38b0682ac9c0ca1cc98b463,1.0,3286499340,1950018870,1575130812,2018-08-18,delivered,23.9,18.27,42.17,credit_card,4.0,5.0,-8.0,0.0
3180441232,429d5f4eb3474a4b3e21cc1129787f74,1.0,2711629620,2792686599,3807170672,2018-07-07,delivered,165.0,33.3,198.3,credit_card,1.0,15.0,-15.0,0.0
2438030656,6567e0ba7d75594aacbf2ae3bc9a52b4,1.0,1844235971,1640622655,1555790669,2018-08-01,delivered,86.0,23.4,109.4,credit_card,10.0,12.0,-23.0,0.0
1613512139,36fa9568947553fb83c9ad0726737a12,1.0,2662430025,3985290164,250985049,2018-07-03,delivered,50.9,18.46,69.36,credit_card,1.0,7.0,-24.0,0.0
3679894281,8fb95e274c827ed766c4833f1376e400,1.0,236204259,371202001,1868809992,2018-08-06,delivered,27.0,21.49,48.49,credit_card,1.0,4.0,-12.0,0.0
2765047933,8fb95e274c827ed766c4833f1376e400,2.0,236204259,371202001,1868809992,2018-08-06,delivered,27.0,21.49,48.49,credit_card,1.0,4.0,-12.0,0.0
3732633987,8fb95e274c827ed766c4833f1376e400,3.0,236204259,371202001,1868809992,2018-08-06,delivered,27.0,21.49,48.49,credit_card,1.0,4.0,-12.0,0.0
3222513940,6d05d2deb6a51438e65741cc19d715d8,1.0,1696736602,2254554039,4194263931,2018-07-03,delivered,135.0,14.29,149.29,boleto,1.0,38.0,8.0,1.0
3481652580,1108314d5c8392f935550f4bb2ab3e34,1.0,4054704165,75452673,1868809992,2018-08-14,delivered,39.9,13.86,53.76,credit_card,1.0,10.0,-4.0,0.0
626903316,3f1dd297747aab080b039b92ef7809a7,1.0,278246421,3319620110,3900748527,2018-07-09,delivered,72.0,9.43,81.43,debit_card,1.0,2.0,-21.0,0.0
1375396867,7d8cd4ac1b0c3a31fddc3198d69fc133,1.0,3592929100,2116048782,4055463965,2018-08-16,delivered,22.32,22.88,45.2,debit_card,1.0,11.0,-17.0,0.0
2740089235,d966edb9e3bbe70c8617b13fac4d810a,1.0,1837399456,3924580625,4194263931,2018-07-30,delivered,65.9,22.39,88.29,credit_card,1.0,17.0,-26.0,0.0
621718661,431c1624aae277e9a8c7182403019df3,1.0,3981542993,3602454125,1919968767,2018-07-17,delivered,95.0,19.58,114.58,credit_card,2.0,15.0,-8.0,0.0
2199024221,d304c1d37685ed533e5e16e8e74ff2c1,1.0,1886039402,3347922829,2580370799,2018-07-21,delivered,242.5,19.8,262.3,credit_card,5.0,9.0,-18.0,0.0
3135239359,52b1ffde0cd06a4b61dc1229bcf87827,1.0,1046113295,1100876085,3734320862,2018-07-14,delivered,49.95,18.45,68.4,credit_card,5.0,13.0,-7.0,0.0
3138490409,52b1ffde0cd06a4b61dc1229bcf87827,2.0,1046113295,1100876085,3734320862,2018-07-14,delivered,49.95,18.45,68.4,credit_card,5.0,13.0,-7.0,0.0
6485983,4dd4fdc64737dc3f4472ceda049cb1ba,1.0,484709708,3068155313,684270504,2018-08-17,delivered,97.59,11.99,117.50836071154993,credit_card,2.0,7.0,-40.0,0.0
3761841688,4dd4fdc64737dc3f4472ceda049cb1ba,2.0,484709708,3200920237,925912501,2018-08-17,delivered,19.9,11.99,23.96163928845008,credit_card,2.0,7.0,-40.0,0.0
2580102965,141b860df8159c748ea4d24301992689,1.0,2243630926,4199844602,4291701553,2018-07-20,delivered,35.0,13.83,48.83,boleto,1.0,4.0,-14.0,0.0
1399296323,ad40bc353ed6f8f975faf818439c7de1,1.0,2142217172,1759460638,2114821577,2018-08-04,delivered,52.9,18.47,71.37,credit_card,2.0,7.0,-10.0,0.0
4284469637,3a910fcc31e93133ce84280ebc47d956,1.0,1024613066,3548064169,1868809992,2018-08-04,delivered,35.0,9.0,44.0,voucher,1.0,4.0,-5.0,0.0
2301069862,898848a3835c0476647c9e862798949d,1.0,2004681961,728462139,3177068331,2018-07-30,delivered,67.77,23.27,91.04,credit_card,2.0,7.0,-3.0,0.0
1064221373,2ff04f721a0ccf086506b4ba443d924a,1.0,4228184004,3057282350,1350631362,2018-08-12,delivered,16.9,15.23,32.13,boleto,1.0,5.0,-7.0,0.0
3426664932,36c2be04c43db09655628dc1658e5c97,1.0,3356686848,1254469685,4260964609,2018-08-19,delivered,110.0,13.07,123.07,credit_card,3.0,4.0,-4.0,0.0
194714607,01a9d731c0f08f4f79c10b7679dcdebf,1.0,437186116,2569291964,3208753650,2018-08-05,delivered,39.0,15.37,54.37,credit_card,1.0,11.0,-5.0,0.0
2965620043,4cae9d93ca1f1266e9ddfc79f7ff85db,1.0,567225341,2973009132,2880307388,2018-08-14,delivered,79.9,9.31,89.21,credit_card,2.0,16.0,1.0,1.0
1185943238,4d258227c281c143610f791ad313e0e7,1.0,2602723309,2129933824,730094745,2018-08-10,delivered,194.0,19.16,213.16,credit_card,8.0,10.0,-4.0,0.0
507175721,a8f3236d399cdf5f80c6ea3866b24ef0,1.0,3576639255,139748320,2979075641,2018-08-15,delivered,129.9,19.01,148.91,credit_card,10.0,7.0,-19.0,0.0
3795097028,2acc0b9e685d8d46130f1ec8abdd9ffb,1.0,2023276965,1566704002,2085372711,2018-08-08,delivered,55.0,7.65,62.65,debit_card,1.0,2.0,-4.0,0.0
1392472105,671c02c9d32856447f168d9c4b0dc6c6,1.0,352366217,2413621728,2250123381,2018-08-12,delivered,75.0,13.19,88.19,credit_card,2.0,7.0,-4.0,0.0
365855477,671c02c9d32856447f168d9c4b0dc6c6,2.0,352366217,2413621728,2250123381,2018-08-12,delivered,75.0,13.19,88.19,credit_card,2.0,7.0,-4.0,0.0
2147012173,4e771842803751a695d042079930820e,1.0,1132258946,615929951,3147574442,2018-08-12,delivered,79.0,26.85,105.85,credit_card,1.0,10.0,-5.0,0.0
3187998066,ae9e1b5ea01b4df2adbf3d1db769704e,1.0,2221789347,2439426965,1618325854,2018-07-30,delivered,155.9,19.19,175.09,credit_card,5.0,7.0,-15.0,0.0
3694445187,8d0900d0d09c0b9075a5f00513991a70,1.0,1990110246,1665496150,2629314654,2018-08-04,delivered,12.0,12.79,24.79,credit_card,1.0,8.0,-3.0,0.0
2146228420,ca97b95f89f90d6e16e451851a2bd28c,1.0,2555136826,4061667984,2231770250,2018-07-06,delivered,69.9,118.6,188.5,debit_card,1.0,7.0,-21.0,0.0
3123488692,c4cb147fbbbe5e1c9d10ebf2cf1501f9,1.0,1613896813,2353784209,2612393066,2018-08-02,delivered,69.9,18.29,88.19,credit_card,1.0,7.0,0.0,0.0
2512697391,498394cdea303b629a7f66b4ddcd7d50,1.0,2901161618,226581046,53223181,2018-08-07,delivered,31.99,7.48,39.47,boleto,1.0,5.0,3.0,1.0
760724497,a6f2940cae871bfd63ea94dd5c476a62,1.0,1616104578,3350066317,487055631,2018-08-07,delivered,45.0,13.9,58.9,debit_card,1.0,3.0,-7.0,0.0
283207937,ddfa1e68bf845862d55c2616b5ca20ce,1.0,4215860920,957206836,1715652828,2018-07-27,delivered,69.9,37.4,107.3,credit_card,2.0,9.0,-7.0,0.0
3523100224,69f8ac735b4a0bbbcdbe4a87e9041a21,1.0,470675992,1201920052,3003602011,2018-08-18,delivered,49.9,13.01,62.91,credit_card,1.0,4.0,-26.0,0.0
1498688082,acf1727645a8acc35c463a98c6cea8c1,1.0,4040750824,3264404300,3012856585,2018-08-20,delivered,349.99,30.98,380.97,credit_card,6.0,7.0,-6.0,0.0
2268630976,b2b86f50f1d5ec8763fc9fc6894ac6c4,1.0,2398256164,806825518,926823165,2018-08-01,delivered,14.9,7.39,22.29,credit_card,1.0,2.0,-3.0,0.0
2693528377,39150b4f907db051ca186924bc4c7653,1.0,2209930201,687395102,320598950,2018-07-10,delivered,49.0,11.36,60.36,credit_card,3.0,1.0,-7.0,0.0
3412290983,39150b4f907db051ca186924bc4c7653,2.0,2209930201,687395102,320598950,2018-07-10,delivered,49.0,11.36,60.36,credit_card,3.0,1.0,-7.0,0.0
3083629910,47d198410caadbd9a77e92bf622ee749,1.0,2454635280,3554012549,3633342575,2018-08-03,delivered,15.55,15.23,30.78,credit_card,2.0,5.0,-8.0,0.0
3773182777,5b23d03712a41a07a72b94a97342be95,1.0,697815780,3541901900,351595133,2018-07-26,delivered,585.0,37.86,622.86,credit_card,10.0,5.0,-19.0,0.0
1824788557,11531b318e176d53a632286789eae9c8,1.0,181183732,2090303173,2795179784,2018-08-14,delivered,22.8,8.32,31.12,credit_card,1.0,3.0,-5.0,0.0
4239318059,5871d8a9d410f4348b27394d4085874f,1.0,434059222,2788952506,1524586005,2018-07-11,delivered,35.9,18.35,54.25,voucher,1.0,12.0,-10.0,0.0
275925683,5871d8a9d410f4348b27394d4085874f,2.0,434059222,2788952506,1524586005,2018-07-11,delivered,35.9,18.35,54.25,voucher,1.0,12.0,-10.0,0.0
1263468862,d78bef62e60a0f652567877da822b8b0,1.0,3789110197,1846698435,1553669565,2018-07-25,delivered,59.9,44.5,104.4,credit_card,10.0,8.0,-8.0,0.0
52936537,32659d759ee706f5c1937fe60a1b00d1,1.0,4176204052,2116048782,4055463965,2018-07-20,delivered,22.32,19.07,41.39,debit_card,1.0,13.0,-18.0,0.0
853909201,57261741e78d278aab2b462220b787f8,1.0,742505588,1130749437,819761952,2018-07-24,delivered,17.49,7.87,0.0,unknown,0.0,1.0,-7.0,0.0
3089021049,57261741e78d278aab2b462220b787f8,2.0,742505588,1130749437,819761952,2018-07-24,delivered,17.49,7.87,0.0,unknown,0.0,1.0,-7.0,0.0
977343859,925610f1667e7ed61145120c16d91b86,1.0,3330090167,854615334,1235607158,2018-08-10,delivered,69.9,9.18,79.08,credit_card,1.0,4.0,-2.0,0.0
457445386,4759b488dfc55eb259b216bb6d93ce48,1.0,1822733998,2044042652,4145920390,2018-07-16,delivered,159.9,13.78,173.68,credit_card,7.0,8.0,-8.0,0.0
2405685420,bee2c5fd72a426e80d331d4c5d756923,1.0,1355710721,3852648603,2636346249,2018-08-07,delivered,27.99,15.3,43.29,credit_card,1.0,6.0,-8.0,0.0
210948894,a06a669230c816de8d78362b370dd46a,1.0,1827726018,2338770647,3094387524,2018-08-02,delivered,69.9,21.13,91.03,credit_card,7.0,5.0,-16.0,0.0
2972084732,b376ed1576802b4bdec883546710ff1c,1.0,3217798645,3179722758,204084822,2018-07-08,delivered,32.76,8.39,41.15,boleto,1.0,4.0,-6.0,0.0
3059069411,50da5576c9b517983b6f5fcf44863cfe,1.0,917498187,2422745456,3796303809,2018-08-05,delivered,69.9,18.59,88.49,credit_card,1.0,11.0,-6.0,0.0
2600890128,cf11662629878c4c564fcd1c86fed868,1.0,1394739913,944970780,753329531,2018-07-16,delivered,189.9,17.52,207.42,credit_card,1.0,9.0,-13.0,0.0
338593881,591288ee2b6ee99477e22218020308ff,1.0,1238624868,1390246070,369470563,2018-08-09,delivered,159.0,27.88,186.88,credit_card,2.0,13.0,-13.0,0.0
1702164786,d96f940617a3c0e0e9c785239c9d807c,1.0,3661083218,3022675286,3267334493,2018-07-09,delivered,49.99,19.54,69.53,credit_card,1.0,6.0,-16.0,0.0
1900553402,650b025cd24c4072e607bdbcb8a030f2,1.0,4254026853,1795108154,2612393066,2018-08-19,delivered,135.0,16.05,151.05,credit_card,3.0,8.0,-2.0,0.0
3583740655,650b025cd24c4072e607bdbcb8a030f2,2.0,4254026853,1795108154,2612393066,2018-08-19,delivered,135.0,16.05,151.05,credit_card,3.0,8.0,-2.0,0.0
2724748608,1b0fd42cfc51e77567823cb398ef2e26,1.0,4166808891,1729172133,3366139657,2018-08-16,delivered,79.99,18.66,98.65,credit_card,1.0,11.0,-1.0,0.0
2708869144,a27874560d28be4b067361438e6ac19f,1.0,414602243,2876488689,1696683105,2018-07-24,delivered,57.98,22.34,80.32,credit_card,1.0,8.0,-14.0,0.0
3297588976,076204e886f6d81145cf693a72794765,1.0,2945659375,3822421164,2304947736,2018-07-23,delivered,95.0,19.58,114.58,boleto,1.0,16.0,-8.0,0.0
4030012701,c8be852c87c5ad138377bcd4fb27ee3c,1.0,3298470407,2223599876,3903401908,2018-07-07,delivered,34.99,13.83,48.82,boleto,1.0,4.0,-21.0,0.0
367202352,9537e35e835d4ae6b7b219b8b2e36817,1.0,2861870568,2411122120,2082347993,2018-08-01,delivered,89.98,52.67,142.65,boleto,1.0,26.0,-14.0,0.0
166455999,5ad67427b38c94669fc35ffc73bce412,1.0,4060737440,668819244,1379301944,2018-08-14,delivered,172.39,51.93,224.32,credit_card,1.0,9.0,-18.0,0.0
4134287816,670c4b17da301d33c203760668ded9b1,1.0,4213600236,2008909680,1996189231,2018-08-02,delivered,49.99,23.15,73.14,boleto,1.0,14.0,-4.0,0.0
4235494556,5e5e4681bb7d9d823fcbe2a440e5c0aa,1.0,2389137349,2204272240,3761277192,2018-08-15,delivered,39.9,15.38,55.28,credit_card,1.0,9.0,-5.0,0.0
119083421,0229e66693fbbd736e5022221fc8148b,1.0,1056559182,2353644388,2715904789,2018-08-18,delivered,40.75,22.23,62.98,credit_card,3.0,9.0,-9.0,0.0
3606168240,a0190a8aa681fe129b9a9ae80dfd9266,1.0,2029602193,2944240992,1615213775,2018-07-01,delivered,40.35,19.47,59.82,credit_card,4.0,4.0,-27.0,0.0
3987088103,c8536491e6701f9b5382da168ee54048,1.0,3916422905,466100461,30982368,2018-08-19,delivered,2300.0,37.4,2337.4,credit_card,10.0,3.0,-25.0,0.0
837707422,2f7278fadfba016a650a093b49cee1a4,1.0,1288427222,444697056,2716994600,2018-08-07,delivered,185.81,19.4,205.21,credit_card,2.0,4.0,-4.0,0.0
550461042,88f9a494012e4b7e7ddbfe1bf56cf41c,1.0,172869265,3294414530,9861004,2018-07-05,delivered,49.9,20.99,70.89,boleto,1.0,7.0,-12.0,0.0
172542229,77a4cc7b685fb19e55b78931185be0eb,1.0,3723860183,3478202829,918571473,2018-07-13,delivered,155.97,16.19,172.16,credit_card,5.0,14.0,-24.0,0.0
2338836872,740ca5d56791bd56068210f715589b51,1.0,3792053511,1215435914,715843113,2018-08-07,delivered,559.9,39.15,599.05,debit_card,1.0,5.0,-9.0,0.0
2055467618,7ba54c67fabcf8bc22e2023e8d81dd84,1.0,1730699777,3302322953,2533375300,2018-07-19,delivered,18.9,13.47,32.37,credit_card,1.0,7.0,-15.0,0.0
3347196113,9c03496a411754169e1433dc70a583f0,1.0,239203573,1300220470,3446539219,2018-08-11,delivered,211.05,19.58,230.63,voucher,6.0,10.0,-9.0,0.0
1540764128,7d0bb97fefe21572745b2bbaa3b4ce76,1.0,380257491,1251332329,2304947736,2018-08-07,delivered,35.0,7.51,42.51,debit_card,1.0,2.0,-4.0,0.0
89229776,e2562a436f07f681c4074d4337918677,1.0,604161239,4287509146,2554243760,2018-07-01,delivered,34.9,11.26,46.16,credit_card,1.0,2.0,-12.0,0.0
879579248,ae1126b6891f58552443772c80b1f562,1.0,3365331863,700638708,1379301944,2018-08-14,delivered,125.19,8.62,133.81,credit_card,1.0,9.0,1.0,1.0
4202314452,0128412231f9fe9d7e944eea5392fc6b,1.0,702716261,2986793763,60670679,2018-08-22,delivered,76.0,18.83,94.83,boleto,1.0,8.0,-1.0,0.0
3791800160,9ce4398b070b04730a8cabbd1680a567,1.0,3059195131,3239363638,1868809992,2018-08-10,delivered,228.0,26.58,254.58,credit_card,2.0,4.0,-6.0,0.0
3506694297,a119860697732cd9e2334491be45f1e0,1.0,1573137537,1802206990,1925879045,2018-08-02,delivered,46.9,19.52,66.42,boleto,1.0,5.0,-8.0,0.0
3251108282,3b1a0e831b5c50ba012f9bf63d97a03b,1.0,3416154020,4195285289,123833255,2018-08-01,delivered,390.0,15.03,405.03,credit_card,2.0,2.0,-5.0,0.0
2251737136,376b9827d830477580eaf370e5218e91,1.0,2557109751,3911641092,2173695781,2018-08-12,delivered,119.99,23.83,143.82,boleto,1.0,8.0,-2.0,0.0
381180785,442a9587ce4b40a5d801427b6c0a5383,1.0,2073614645,4112952023,2465488481,2018-08-17,delivered,64.99,14.77,79.76,credit_card,1.0,7.0,-10.0,0.0
4023513765,cea05d3139cd44136f17235b6f42969f,1.0,521150751,1730643857,697185715,2018-07-02,delivered,37.5,18.36,55.86,boleto,1.0,8.0,-17.0,0.0
690729592,ad670e7892e2b2f7f757b3c383d9ab35,1.0,3273255764,3491261832,123833255,2018-07-25,delivered,40.0,9.03,49.03,credit_card,2.0,1.0,-7.0,0.0
2616291486,b9bb886788ba323922f55f604ba5ff5e,1.0,3439642440,1786968494,655950489,2018-07-02,delivered,514.9,21.7,536.6,credit_card,10.0,7.0,-15.0,0.0
4214218152,9e49e81744d0890cd05aeb8d8c10d28a,1.0,3848274934,3407127281,2295614602,2018-08-21,delivered,250.0,19.9,269.9,credit_card,3.0,9.0,-4.0,0.0
994504914,70106ccc9d334eb87a749a2e17344f7d,1.0,3017953903,4273626322,2971376258,2018-08-16,delivered,59.0,13.07,72.07,boleto,1.0,7.0,-6.0,0.0
2856046278,70106ccc9d334eb87a749a2e17344f7d,2.0,3017953903,4273626322,2971376258,2018-08-16,delivered,59.0,13.07,72.07,boleto,1.0,7.0,-6.0,0.0
4265468279,379c468e2dc90ec7cd68bacf13ecca13,1.0,3113817100,3913334083,935749508,2018-07-17,delivered,29.99,12.87,42.86,credit_card,1.0,3.0,-11.0,0.0
2553257816,07cbb7b6d1c67566a892673386b5bb9b,1.0,3796802318,2895614617,2544243389,2018-08-19,delivered,199.0,28.34,227.34,credit_card,6.0,8.0,-21.0,0.0
3861619893,b3c2fc7374cd5dbb27c84f1a0315594d,1.0,712105614,975916457,3147574442,2018-07-03,delivered,79.0,23.35,102.35,credit_card,5.0,6.0,-16.0,0.0
3435663130,006c42f310102c1910b3c5793ce5fc34,1.0,2671910191,395796043,3293785115,2018-08-06,delivered,229.99,20.8,250.79,credit_card,3.0,9.0,-5.0,0.0
29640865,09dcf31f117fe39a78c3a166109c07df,1.0,2998723631,39268834,2977093912,2018-08-16,delivered,99.99,18.5,118.49,credit_card,4.0,7.0,-11.0,0.0
1344641105,b8fffd71202e7086dd751c257751b3dd,1.0,2184873811,295440264,2636346249,2018-07-23,delivered,21.99,15.25,37.24,credit_card,3.0,7.0,-15.0,0.0
780450739,9b27eb18bad871c8d32a8dbd13e4f5b7,1.0,1642689440,1672925611,854629258,2018-07-22,delivered,72.99,30.31,103.3,debit_card,1.0,12.0,-5.0,0.0
306779378,d12bd41a85b974ae688d89083c5dc77c,1.0,3892696804,1250363562,2626746042,2018-07-28,delivered,189.0,8.09,201.9030379746836,credit_card,8.0,2.0,-6.0,0.0
3713719043,d12bd41a85b974ae688d89083c5dc77c,2.0,3892696804,3177388675,2775148626,2018-07-28,delivered,48.0,8.09,51.27696202531646,credit_card,8.0,2.0,-6.0,0.0
2423014397,8ae7fd72ee36498f96e1ee38a3e1419e,1.0,3238993798,2648223023,196831707,2018-07-30,delivered,229.99,64.98,294.97,boleto,1.0,14.0,-13.0,0.0
3545473785,39fb9eb02a98a9626044cb0cb46ae0fa,1.0,1048550749,3851248738,2681412629,2018-08-09,delivered,39.99,7.54,47.53,credit_card,1.0,4.0,-2.0,0.0
3405939464,081820c2ad1ad7f6c452c1e845529fe8,1.0,733914359,3014681239,4086780073,2018-08-15,delivered,119.0,41.81,160.81,credit_card,2.0,8.0,-13.0,0.0
2535231859,0bb4c390179e95dbed8944e735b7da62,1.0,491253943,1650791678,4160630161,2018-07-26,delivered,93.5,18.75,112.25,credit_card,1.0,8.0,-11.0,0.0
1045220379,cf5cc540ff27291c97b94a945ab37e43,1.0,235271524,781668836,4071751220,2018-07-15,delivered,49.49,18.15,67.64,boleto,1.0,10.0,-13.0,0.0
1334544042,3b580f556a4a7d02c2ce65505bb164fb,1.0,495731697,1508090536,2580370799,2018-07-20,delivered,1079.9,40.94,1120.84,credit_card,2.0,17.0,-18.0,0.0
3176977755,4bccceeea58d5e2e65e3bf9b7bfb1f49,1.0,3952522645,1791788833,357383673,2018-08-18,delivered,129.9,36.26,166.16,debit_card,1.0,9.0,-20.0,0.0
1286099149,c0bc3a7a457b7bf1cef49c366c5832af,1.0,3491991152,2184882008,2304947736,2018-07-23,delivered,45.0,7.58,52.58,credit_card,2.0,10.0,2.0,1.0
44986632,b98ebf284363c61636157e9248e966b8,1.0,2494095973,4146794544,1008270582,2018-08-15,delivered,62.8,23.24,86.04,credit_card,1.0,4.0,-15.0,0.0
3237147827,86fbc7823cb0bc0b27e0ccd18022aa19,1.0,1086374423,248116529,1302156851,2018-08-18,delivered,179.0,15.56,194.56,credit_card,3.0,5.0,-20.0,0.0
550893154,d2e58ee8581dcfe3133f8edcbd413722,1.0,2718094041,2300257449,2804246847,2018-08-17,delivered,35.9,15.35,51.25,voucher,1.0,7.0,-10.0,0.0
2813122360,5deac2860e55974b9ffa8e2cdc42c58d,1.0,2093369614,1653187576,3835866364,2018-07-30,delivered,169.0,42.16,211.16,credit_card,1.0,10.0,-5.0,0.0
2602167797,2eeb0fca026f13a4065dc4d23542095d,1.0,2972790027,2673733492,1073829281,2018-07-27,delivered,29.99,7.47,37.46,credit_card,1.0,3.0,-3.0,0.0
3320679350,dea7cb1fd64c147e1cc083ff2a74a184,1.0,2051494402,3923780642,3852066120,2018-07-09,delivered,189.88,63.35,253.23,credit_card,5.0,13.0,-11.0,0.0
572514732,48337f7180cd174b07c0560ca8941dce,1.0,3677289995,2493191062,3106288757,2018-08-24,delivered,109.9,16.96,126.86,credit_card,2.0,5.0,-11.0,0.0
2788081080,42ec328ff647d401412f3531462b0b96,1.0,4231423408,2397286120,753329531,2018-07-09,delivered,149.9,25.4,175.3,credit_card,1.0,21.0,-9.0,0.0
1044415979,22543080a0066963931832c0df11b2be,1.0,2383661411,3281931715,3267771422,2018-08-11,delivered,35.9,18.35,54.25,credit_card,2.0,5.0,-13.0,0.0
3220810503,33ca9b7ba09adaea52b480057b74611c,1.0,3095980190,3822421164,2304947736,2018-08-09,delivered,95.0,7.93,102.93,credit_card,4.0,3.0,-1.0,0.0
1727947644,4783b2e1f4ace7d91d01803014cdeb2c,1.0,3076003762,3936216330,3807170672,2018-07-16,delivered,34.0,16.43,50.43,credit_card,2.0,4.0,-18.0,0.0
1956020245,4f3a6e28d764cf896b1fceb0028422c8,1.0,1218543067,2971071025,1867257412,2018-07-03,delivered,108.99,13.06,122.05,credit_card,2.0,2.0,-15.0,0.0
2022772928,3b70c696a802c8faa368856e6d6309e3,1.0,122818620,1052903626,2384848440,2018-07-17,delivered,124.9,22.62,0.0,unknown,0.0,3.0,-11.0,0.0
1728911509,2456821eb4bf8fe5ac094da15037a2f3,1.0,638852776,3385359633,3942029387,2018-08-06,delivered,169.99,15.5,185.49,credit_card,1.0,4.0,-6.0,0.0
3777467953,7b1ade884cd7da23e0f853fd00807d38,1.0,2911240146,1118237897,753329531,2018-08-05,delivered,179.9,30.51,210.41,credit_card,2.0,9.0,-6.0,0.0
2446646537,acd0ff1b0e910297101c81d7c9602232,1.0,2315023576,3533986636,1868809992,2018-07-02,delivered,120.0,21.28,141.28,credit_card,2.0,9.0,-7.0,0.0
1291857467,8ec0671b1fcacf329783aefb39813a64,1.0,196375665,1534856068,2313951810,2018-07-18,delivered,749.0,22.17,771.17,credit_card,10.0,14.0,-8.0,0.0
2593861837,b5930ca6b3a52bd7169cffa2a4b8a83e,1.0,3860547913,3361113650,3734320862,2018-08-09,delivered,39.99,18.38,58.37,boleto,1.0,20.0,-1.0,0.0
3515374718,2e58b7c9ceac16033e568d728d30d620,1.0,111394432,799122612,1585314166,2018-08-16,delivered,49.9,18.45,68.35,boleto,1.0,11.0,-14.0,0.0
3131208624,45ac77bb9af15639d413d76e5d57e3ba,1.0,2061291260,3321740329,643988096,2018-07-08,delivered,79.99,11.58,91.57,credit_card,5.0,5.0,-7.0,0.0
2835965363,6b89a78e042eff08232ab1fec808a30a,1.0,554738502,4071396654,487055631,2018-07-23,delivered,132.0,15.23,147.23,credit_card,3.0,3.0,-11.0,0.0
1519492544,5c4b6f896e003ca0b2a00ac3d1124822,1.0,2952974550,3203003058,2977093912,2018-08-15,delivered,60.0,9.17,69.17,credit_card,1.0,5.0,0.0,0.0
1996191399,43868f14b4ab88057605c96f7c8c820d,1.0,411180098,2239654276,1399826378,2018-07-03,delivered,49.9,11.37,61.27,debit_card,1.0,9.0,-7.0,0.0
3850407604,984b33682c48ca8bfd773ebdfd0161fe,1.0,1744799141,770569016,1873747380,2018-07-10,delivered,138.0,59.73,209.08874514877095,voucher,1.0,2.0,-14.0,0.0
1424759880,984b33682c48ca8bfd773ebdfd0161fe,2.0,1744799141,92836476,733774970,2018-07-10,delivered,93.9,59.73,142.27125485122895,voucher,1.0,2.0,-14.0,0.0
1390528940,50aac4af5f330951d508c0c255fde322,1.0,2626463310,1440341280,1868809992,2018-08-14,delivered,230.0,59.41,289.41,credit_card,2.0,12.0,-16.0,0.0
2099412334,41ef253cac66335bdb0b51fb4853f04e,1.0,2640751409,690706730,3962302186,2018-08-13,delivered,99.9,0.01,116.6388911704312,credit_card,8.0,9.0,-13.0,0.0
892456789,41ef253cac66335bdb0b51fb4853f04e,2.0,2640751409,248437631,3962302186,2018-08-13,delivered,94.9,32.63,110.8011088295688,credit_card,8.0,9.0,-13.0,0.0
3066160861,3e34f8c0022e2a7093ae49d16555e06b,1.0,1344885387,334028000,1573069542,2018-08-01,delivered,17.0,15.23,32.23,boleto,1.0,13.0,-2.0,0.0
2881842349,6fd99ae46481ecfc9fa468d54f403e90,1.0,1697541024,3569691689,387984413,2018-08-03,delivered,139.9,24.59,164.49,boleto,1.0,5.0,-5.0,0.0
3417344214,1cf471f71a04b68d1cda071b51d7e391,1.0,2919803868,592096461,2304947736,2018-07-21,delivered,78.0,37.46,115.46,credit_card,5.0,9.0,-22.0,0.0
1330205012,d48044395576c3b0d752662aa20cece5,1.0,2111498448,3827314617,1277691880,2018-07-14,delivered,47.9,23.49,71.39,credit_card,2.0,6.0,-20.0,0.0
3617552022,3e9bdc72197be8d2881273a27efc207d,1.0,4088103207,3845304540,2985963073,2018-07-31,delivered,139.9,13.64,153.54,credit_card,5.0,3.0,-4.0,0.0
1758948987,3e9bdc72197be8d2881273a27efc207d,2.0,4088103207,3845304540,2985963073,2018-07-31,delivered,139.9,13.64,153.54,credit_card,5.0,3.0,-4.0,0.0
1225520978,3e9bdc72197be8d2881273a27efc207d,3.0,4088103207,3845304540,2985963073,2018-07-31,delivered,139.9,13.64,153.54,credit_card,5.0,3.0,-4.0,0.0
1996254160,3e9bdc72197be8d2881273a27efc207d,4.0,4088103207,3845304540,2985963073,2018-07-31,delivered,139.9,13.64,153.54,credit_card,5.0,3.0,-4.0,0.0
2713780044,3e9bdc72197be8d2881273a27efc207d,5.0,4088103207,3845304540,2985963073,2018-07-31,delivered,139.9,13.64,153.54,credit_card,5.0,3.0,-4.0,0.0
3138388132,3e9bdc72197be8d2881273a27efc207d,6.0,4088103207,3845304540,2985963073,2018-07-31,delivered,139.9,13.64,153.54,credit_card,5.0,3.0,-4.0,0.0
2234209532,2c52a346156e0b2ae61c3642e9cc9d91,1.0,1416730668,942878841,2042342755,2018-08-06,delivered,47.9,14.64,62.54,credit_card,5.0,4.0,-4.0,0.0
3778455436,2c52a346156e0b2ae61c3642e9cc9d91,2.0,1416730668,942878841,2042342755,2018-08-06,delivered,47.9,14.64,62.54,credit_card,5.0,4.0,-4.0,0.0
366524488,a9a67deaaaa7e71d9a725e722a09e22b,1.0,2998018488,3763077621,3626123686,2018-08-22,delivered,26.4,18.29,44.69,credit_card,1.0,7.0,-5.0,0.0
1207698917,2a8789e83153f52f4449981b7193f993,1.0,2871228574,1500831661,3597985088,2018-08-14,delivered,139.0,21.0,160.0,credit_card,2.0,7.0,-22.0,0.0
1453635799,a9e8723ce1d27e389ff1e5ef7a71502b,1.0,1968374090,317216924,2131055484,2018-08-10,delivered,19.99,37.05,57.04,credit_card,5.0,13.0,-8.0,0.0
3914086265,a610b42e6e4319084d3ce5f60e0dc1ff,1.0,2158070662,750030509,1734769477,2018-08-05,delivered,29.9,7.47,37.37,credit_card,1.0,1.0,-2.0,0.0
2078249002,c7387d86e09f2823f6062d8c2378ce02,1.0,3376010085,4081015769,2304947736,2018-08-08,delivered,44.0,19.23,62.93970149253732,credit_card,8.0,7.0,-16.0,0.0
1049794575,c7387d86e09f2823f6062d8c2378ce02,2.0,3376010085,2184882008,2304947736,2018-08-08,delivered,45.0,19.22,64.37014925373136,credit_card,8.0,7.0,-16.0,0.0
1757782242,c7387d86e09f2823f6062d8c2378ce02,3.0,3376010085,3238456667,2304947736,2018-08-08,delivered,45.0,19.23,64.37014925373136,credit_card,8.0,7.0,-16.0,0.0
1466054612,60530b8ca3078f2c9039b970e94e7c61,1.0,57596914,3149468529,250985049,2018-07-30,delivered,54.9,18.48,73.38,credit_card,1.0,21.0,-8.0,0.0
2361265523,516f5de9225a8f51acf38a5d5057bdd7,1.0,459798069,1747849595,2053848117,2018-08-13,delivered,51.0,14.67,65.67,credit_card,1.0,7.0,-11.0,0.0
3360345135,b44e4934b1e5508c95af97751e9cfd6e,1.0,2813052822,186743931,3503366785,2018-08-23,delivered,29.99,9.99,41.969212315073975,credit_card,1.0,4.0,-29.0,0.0
3330045101,b44e4934b1e5508c95af97751e9cfd6e,2.0,2813052822,2126173583,3671282910,2018-08-23,delivered,20.03,9.99,28.03078768492604,credit_card,1.0,4.0,-29.0,0.0
1059450959,046bac99a3d9ff45ef86ebcd710b972a,1.0,4019058558,4228330150,2304947736,2018-07-31,delivered,89.0,19.53,108.53,credit_card,4.0,17.0,-12.0,0.0
3159374562,7da4f8ec54a78572fcce6797f62cf1cd,1.0,2601941750,3784004907,2082146367,2018-07-24,invoiced,1090.0,20.2,1110.2,credit_card,8.0,,,
3914035585,9d104772bdce3edf86e439b682078c3d,1.0,4019949883,2702386596,2308685613,2018-08-15,delivered,112.49,18.89,131.38,credit_card,4.0,12.0,-6.0,0.0
990737231,2921ebd304831878ac888644314d424d,1.0,3217100020,2455932484,730094745,2018-08-05,invoiced,98.0,15.08,113.08,boleto,1.0,,,
833343893,39cdf001e42cd975d9ea5e05990f2b61,1.0,1875201161,2084718145,740847726,2018-08-12,delivered,19.99,7.4,27.39,credit_card,2.0,3.0,-1.0,0.0
238404980,116a4c72702bbc7b314c9ac7978e7b29,1.0,4170523236,1095501838,1303264640,2018-07-18,delivered,429.98,28.38,458.36,credit_card,8.0,12.0,-4.0,0.0
2615368947,4cfb51c814f29d8201a00624b78646ad,1.0,2310587061,2175830288,726665638,2018-07-20,delivered,179.9,26.24,206.14,credit_card,1.0,4.0,-8.0,0.0
3443988925,430f5ce743fcb253ce569ccad8590f05,1.0,1317570270,2748067753,1464160362,2018-07-31,delivered,105.0,84.15,189.15,boleto,1.0,6.0,-23.0,0.0
3616809133,430f5ce743fcb253ce569ccad8590f05,2.0,1317570270,2748067753,1464160362,2018-07-31,delivered,105.0,84.15,189.15,boleto,1.0,6.0,-23.0,0.0
1836486351,03bb0baa2f30152130d3d5df8e44507e,1.0,889036495,1607572839,2089148942,2018-07-01,delivered,379.9,69.01,448.91,credit_card,3.0,2.0,-14.0,0.0
627645942,d217a2d8cec27a4d5ab7600ecb95826b,1.0,968765325,399146158,2878430782,2018-07-26,delivered,25.73,23.33,49.06,credit_card,4.0,10.0,-14.0,0.0
389171285,46e889af10459a1b39f2be47d8729a02,1.0,2373030308,2823933067,1040030263,2018-07-29,delivered,49.0,13.0,62.0,credit_card,1.0,11.0,0.0,0.0
2555019794,9e020562e720fd5b4120ccc4ae0132ef,1.0,1782084873,2180480181,1734769477,2018-07-04,delivered,44.9,8.82,53.72,credit_card,1.0,2.0,-11.0,0.0
2873950450,9e020562e720fd5b4120ccc4ae0132ef,2.0,1782084873,2180480181,1734769477,2018-07-04,delivered,44.9,8.82,53.72,credit_card,1.0,2.0,-11.0,0.0
1764879009,9767781031663fd584e27336a14ee5a0,1.0,2938615565,3969958778,1503930686,2018-07-05,delivered,166.9,27.47,194.37,credit_card,3.0,5.0,-17.0,0.0
812247602,c69f7508f4c5846fed84591077e583c1,1.0,2615209972,1393903013,91113541,2018-07-03,delivered,35.9,11.74,47.64,credit_card,1.0,2.0,-11.0,0.0
178597115,b57ca1f22bdf63514677b6e584ffd542,1.0,2609641551,4081925990,1919968767,2018-07-18,delivered,110.32,8.03,0.0,unknown,0.0,7.0,-5.0,0.0
1327483642,23a868333bc15837fc68d57a8287bf06,1.0,3515658691,151674622,3446539219,2018-08-03,delivered,114.08,13.46,127.54,credit_card,5.0,10.0,-1.0,0.0
2949044311,405ab8184e07bfa663f7627527c96049,1.0,1781681985,2143429108,1868809992,2018-08-07,delivered,35.0,19.44,54.44,boleto,1.0,12.0,-8.0,0.0
3124325035,04453a84ff0126fdc05079cf18a34890,1.0,2632602725,719355800,1716536501,2018-07-11,delivered,94.95,19.86,114.81,boleto,1.0,15.0,-5.0,0.0
2965551712,1bfb96cdc9efb4a52f769d2833d992af,1.0,2348530355,498782733,2090364660,2018-07-09,delivered,31.99,8.38,40.37,boleto,1.0,3.0,-8.0,0.0
3121718598,a00b62f3da02851a10f9dabf2708cfb9,1.0,4119816678,1277571969,1763790356,2018-08-03,delivered,170.0,15.64,185.64,credit_card,3.0,11.0,-21.0,0.0
1391667577,d2c57d721916c36343711be4e205ad5e,1.0,1136920370,2269543924,1553669565,2018-08-21,delivered,69.9,11.51,81.41,credit_card,1.0,9.0,1.0,1.0
1459412108,6b8e2ea47563307c21b9041ff13e3d3a,1.0,2512432719,1916995752,1562587860,2018-08-07,delivered,122.99,15.96,138.95,boleto,1.0,8.0,-9.0,0.0
841416123,8bc4e989df64f2d8c2381c9718a0f963,1.0,2183909482,2567094425,2821648493,2018-07-05,delivered,79.9,19.75,99.65,boleto,1.0,17.0,-4.0,0.0
962803734,68c76c01adcebe5c1bd51c0aa817bb76,1.0,2601413665,3204122817,3670166590,2018-08-05,delivered,129.99,13.21,143.2,credit_card,1.0,8.0,1.0,1.0
1433468130,b12b92b6a6b42a691ca688b4d7225153,1.0,2980699799,3230312527,2797646759,2018-07-31,delivered,135.9,27.9,163.8,credit_card,3.0,9.0,-28.0,0.0
4255112059,c88935c0144ef18368420018e18f177a,1.0,98507538,1635192279,2304947736,2018-08-11,delivered,29.0,19.11,48.11,credit_card,2.0,15.0,-9.0,0.0
496295884,d7bfdc36e6fc0edc0abd8752151da345,1.0,2108889017,2028920662,1550185782,2018-08-12,delivered,32.99,10.01,38.66749123530625,boleto,1.0,2.0,-1.0,0.0
261643303,d7bfdc36e6fc0edc0abd8752151da345,2.0,2108889017,728160491,604861625,2018-08-12,delivered,63.99,6.68,75.00250876469374,boleto,1.0,2.0,-1.0,0.0
797521707,64be1ceac437f2eed73e5b001d190e97,1.0,3610791483,2200745472,2629314654,2018-08-13,delivered,17.99,12.79,30.78,credit_card,3.0,6.0,-10.0,0.0
3911566833,8c0dd54ff6a273a02de12494c6bf299f,1.0,2429829027,1458105883,4109428959,2018-07-17,shipped,13.47,7.39,20.86,credit_card,1.0,,,
1955328687,20c4ac55ded9c34a63cbf3e1f570afa4,1.0,2379482626,432354674,730094745,2018-08-05,delivered,99.9,53.05,152.95,credit_card,4.0,14.0,-17.0,0.0
4294699834,bca647a251ea21807ba8cf824272dcfd,1.0,2847422470,2703664508,9861004,2018-08-06,delivered,49.9,41.33,91.23,credit_card,4.0,8.0,-6.0,0.0
3940530843,cafa41a943378224e6de08cac484c475,1.0,664270480,981767341,3805363950,2018-07-22,delivered,33.9,17.17,51.07,credit_card,4.0,5.0,-19.0,0.0
4157908794,d5c6ccc7f3bf2ffb7dda78c440e18328,1.0,1212744704,1184102861,375847922,2018-08-16,delivered,48.0,18.44,66.44,credit_card,2.0,11.0,-4.0,0.0
564313911,846e81ab8aae6ab83de10e8f3df527d4,1.0,2549704667,1831070528,3570346646,2018-07-07,delivered,279.9,20.06,299.96,boleto,1.0,7.0,-18.0,0.0
3019725992,3aba44d8e554ab4bb8c09f6f78032ca8,1.0,3054493257,2715880309,2599601520,2018-08-10,delivered,58.9,19.6,78.5,credit_card,4.0,7.0,-10.0,0.0
2330796245,a5c2bce79ee362cbd630af6c3ab8f841,1.0,2970648538,2819693099,1340118940,2018-08-13,delivered,26.9,8.35,35.25,credit_card,1.0,1.0,-6.0,0.0
2933036290,0814daa4d12a646aeb73c429d5852f4d,1.0,995675944,1978540716,292598503,2018-07-28,delivered,49.97,23.34,47.05,voucher,1.0,5.0,-11.0,0.0
4069030550,d2c6edf0a1bc848686337236f623d79d,1.0,3774105961,4173530030,1839874894,2018-07-19,delivered,120.0,8.1,128.1,boleto,1.0,5.0,-6.0,0.0
3097641965,0cf00d58f941ec9b27dc839a9c6e91e4,1.0,2761952208,3621970897,2622583364,2018-07-17,delivered,168.9,19.28,188.18,credit_card,8.0,5.0,-14.0,0.0
1996359973,87789201372bea41809c2f0d455ab122,1.0,3308892078,1566622675,3870913022,2018-07-29,delivered,498.0,60.62,558.62,boleto,1.0,6.0,-5.0,0.0
3146697846,8944b1716ec63423c8a83c20bc194476,1.0,262745403,4294399807,2308685613,2018-08-27,delivered,85.9,8.76,94.66,credit_card,8.0,2.0,-2.0,0.0
2132942225,124223dc899eca6ac54187a54f1e3632,1.0,4227869585,4223239452,2636346249,2018-08-24,delivered,99.0,7.95,106.95,boleto,1.0,6.0,0.0,0.0
3073468059,66f44b9f776c56e0fd75fc15a7ee1cc1,1.0,3396975274,245180458,487055631,2018-07-07,delivered,171.0,23.62,188.0566722972973,credit_card,16.0,6.0,-12.0,0.0
1305782261,66f44b9f776c56e0fd75fc15a7ee1cc1,2.0,3396975274,245180458,487055631,2018-07-07,delivered,171.0,23.62,188.0566722972973,credit_card,16.0,6.0,-12.0,0.0
575652838,66f44b9f776c56e0fd75fc15a7ee1cc1,3.0,3396975274,2974854335,487055631,2018-07-07,delivered,250.0,11.81,274.9366554054054,credit_card,16.0,6.0,-12.0,0.0
987981566,701a22b8c16c09a0c9514c41dfbf28de,1.0,179709678,3175457139,3314459581,2018-07-18,delivered,66.0,19.65,85.65,credit_card,1.0,19.0,-2.0,0.0
4236344234,6f794a3ab5fe97d2aaad912ea4f81645,1.0,3905523901,4201736871,1138781032,2018-07-22,delivered,399.99,43.78,443.77,credit_card,1.0,7.0,-17.0,0.0
736954541,80e623f868d3e6dfcdbd8d68b1f02227,1.0,653223352,3379044348,2303787513,2018-08-14,delivered,60.0,18.52,78.52,boleto,1.0,10.0,-6.0,0.0
2437212659,2e5a94baadfcbcd894cbe04a9d4afb18,1.0,782820983,1247126832,1622838244,2018-08-16,delivered,46.0,27.27,73.27,boleto,1.0,9.0,-4.0,0.0
700451632,440a666da55232dbd02bb270c7ac7d8c,1.0,1876032527,2960694361,2122712096,2018-08-09,delivered,38.9,7.53,46.43,credit_card,3.0,4.0,-8.0,0.0
3745676692,b63262d64190314592077ae012a3e049,1.0,4050842769,1361593280,3485175421,2018-08-12,delivered,99.9,23.5,123.4,credit_card,2.0,5.0,-10.0,0.0
3338613348,9d631d0cc9297702e540a111de4e0923,1.0,3404373363,1748980900,1598100031,2018-07-26,delivered,112.99,73.38,186.37,credit_card,10.0,10.0,-17.0,0.0
1780224388,a12de642288c88d6a5aec20f46a12fa6,1.0,4084626610,4180845321,3588211216,2018-07-03,delivered,39.9,17.21,57.11,credit_card,1.0,9.0,-19.0,0.0
3261451340,8872e48bafe00195f92e3a6f1d81bfbc,1.0,1078241659,2283860257,2580370799,2018-07-26,delivered,49.9,22.28,72.18,boleto,1.0,12.0,-23.0,0.0
3619738767,9c3186381b733d4304e2e416afc6bbc1,1.0,1998011127,1830433714,3845926859,2018-07-28,delivered,199.99,10.09,210.08,credit_card,1.0,3.0,-2.0,0.0
3682891479,0ed9d0447248a2cdfab50c897e1d61bc,1.0,491045470,448734666,1235607158,2018-08-03,delivered,329.0,25.45,354.45,credit_card,2.0,13.0,-25.0,0.0
3945498756,b574a73b303733045a8adad4c30d7add,1.0,2961895016,3375774200,169704434,2018-07-16,delivered,55.0,17.6,72.6,voucher,1.0,12.0,-3.0,0.0
1646102558,156e0e7f977e10a4bb2c7c38fb56251b,1.0,4279142046,3601059045,3633342575,2018-08-13,delivered,13.99,7.39,21.38,credit_card,1.0,1.0,-3.0,0.0
831409676,4014ecd96ac1d06f8cca3ac729c389ff,1.0,2921656231,3937874077,1342390521,2018-08-05,delivered,17.99,8.82,26.81,boleto,1.0,5.0,0.0,0.0
3870054717,4014ecd96ac1d06f8cca3ac729c389ff,2.0,2921656231,3937874077,1342390521,2018-08-05,delivered,17.99,8.82,26.81,boleto,1.0,5.0,0.0,0.0
4127691631,6e613acc622c3817004b1199230074ce,1.0,963524841,150711351,2354683314,2018-08-11,delivered,29.9,7.47,37.37,credit_card,1.0,4.0,-6.0,0.0
589783741,6eace5a496456d346454761a9fc00dd2,1.0,252021418,3408619394,1313325535,2018-08-13,delivered,139.9,44.78,184.68,credit_card,8.0,9.0,-18.0,0.0
401683447,4d808ed2901ed7dfebbb74bf1cbb74f6,1.0,2062324302,2476237068,1925879045,2018-07-26,delivered,52.9,16.56,69.46,credit_card,1.0,4.0,-10.0,0.0
3637934306,1b18059100e6796d8551306a1876fc09,1.0,3535800069,533258346,325020553,2018-08-13,delivered,12.99,8.29,21.28,credit_card,2.0,3.0,-4.0,0.0
859079719,ca1e3df727868ef1138ae5de78a1f611,1.0,1249184791,3561404005,2304947736,2018-08-21,delivered,54.0,19.29,73.29,credit_card,1.0,3.0,-19.0,0.0
442139828,0222b443ebbd702540abbaf4f5ff7edf,1.0,3331518789,965314385,1868809992,2018-07-19,delivered,70.0,27.26,97.26,credit_card,1.0,24.0,-1.0,0.0
2252238152,7ea0402bb982f8ff37a8a8ef5adc4786,1.0,2967933437,234285758,53223181,2018-07-24,delivered,129.99,9.07,139.06,credit_card,1.0,2.0,-6.0,0.0
2088315449,07e8c8c7545c3cf6386eaf464b1e8365,1.0,4191387896,2990014057,786995224,2018-08-08,delivered,280.0,76.76,356.76,credit_card,3.0,22.0,1.0,1.0
2807859828,922aeb0ac07d644471698222684ea285,1.0,1421047211,2479116628,3228284807,2018-07-24,delivered,140.0,27.96,167.96,credit_card,6.0,12.0,-4.0,0.0
3536448093,0e2cb01a7fe8e20a0dc09ee72a5d8346,1.0,979388822,3787490726,3106288757,2018-07-23,delivered,210.0,8.73,218.73,credit_card,4.0,2.0,-12.0,0.0
3799810479,006df90050498994d670b40da4651d22,1.0,1561564602,3225352645,1637578522,2018-08-13,delivered,14.0,7.39,21.39,credit_card,1.0,2.0,-2.0,0.0
369623065,0759c200a1d9ec728ba380676bccb583,1.0,3352777969,2102091502,945263063,2018-07-31,delivered,59.9,16.61,76.51,boleto,1.0,12.0,-7.0,0.0
2178546928,b15ba0106a29a69e70c7041892543ba0,1.0,2465350000,1996982950,1230403008,2018-07-18,delivered,68.0,22.41,90.41,voucher,1.0,22.0,-1.0,0.0
2158836159,ba30f1c00f0081224a0f5410ee56f335,1.0,1829133043,2339619706,4251734219,2018-07-20,delivered,1502.93,17.78,1520.71,credit_card,5.0,6.0,-6.0,0.0
2690519100,07e85d403be2aca377eebdf6581323fc,1.0,2766725969,2723053254,725155637,2018-08-11,delivered,415.9,104.12,520.02,credit_card,10.0,9.0,-10.0,0.0
3202960089,0e0fa429a12bc8105554270a3a52ce97,1.0,2252132112,1959605107,740847726,2018-07-13,delivered,69.99,15.59,85.58,voucher,1.0,8.0,-10.0,0.0
3900782866,c0bcb62c1eb5956ed1d7cd6a8c80ed47,1.0,1134461344,3466647513,2248653413,2018-07-16,delivered,65.0,23.26,88.26,credit_card,8.0,7.0,-8.0,0.0
2604936687,5dac9935cdde1d40def25a669f8812a9,1.0,3210931446,1285294739,3016182256,2018-08-15,delivered,229.9,16.71,246.61,credit_card,5.0,6.0,-13.0,0.0
2464686656,7042e0877cfb1a8fb8e4293126dae9f3,1.0,2944155495,4294399807,2308685613,2018-08-19,delivered,80.9,18.67,99.57,credit_card,1.0,4.0,-13.0,0.0
2897854249,9797fc9d23d5187db0924184bc5cca44,1.0,3680261092,2760557938,2304947736,2018-08-23,delivered,48.0,14.64,55.96701030927835,credit_card,1.0,4.0,-1.0,0.0
3809292045,9797fc9d23d5187db0924184bc5cca44,2.0,3680261092,3973183363,2304947736,2018-08-23,delivered,49.0,1.46,57.13298969072165,credit_card,1.0,4.0,-1.0,0.0
1683232873,8b5a4b2799bee31ca06187259aea4da5,1.0,3233498616,4102967413,737969628,2018-08-09,delivered,124.9,18.0,142.9,credit_card,3.0,4.0,-8.0,0.0
2954439,d6934136368e34491a21bf8ac9f59aca,1.0,885272129,3574529082,2023461531,2018-07-01,delivered,44.99,15.42,60.41,credit_card,1.0,8.0,-14.0,0.0
2834362289,82ee5cb36361d105c438c357e9926473,1.0,3454992395,866938008,3332609256,2018-08-20,delivered,69.9,20.99,90.89,boleto,1.0,7.0,-29.0,0.0
3804231656,b8a33fa5ef27e365f04703b899401762,1.0,4262232532,3931992665,1884653127,2018-07-03,delivered,87.9,23.42,111.32,credit_card,1.0,10.0,-19.0,0.0
1842463669,478116017852df9d1ac392abcf28927f,1.0,3116272650,1374582387,2012214137,2018-08-24,delivered,51.5,9.15,60.65,credit_card,1.0,10.0,5.0,1.0
2223676350,3c7aa341aa20519a2530c8ea5763f265,1.0,3612762560,2591916413,3267771422,2018-08-20,delivered,27.9,12.86,40.760000000000005,voucher,1.0,4.0,-6.0,0.0
2578072094,61bed2065e5b6ac35f5c04d33bf9d320,1.0,2128803080,3607217548,519564207,2018-07-18,delivered,134.99,23.75,158.74,boleto,1.0,7.0,-12.0,0.0
1076865478,b38103e665600114e3155ab60ee0ef70,1.0,4141825787,638715227,112649996,2018-07-22,delivered,29.99,18.31,48.3,credit_card,4.0,5.0,-13.0,0.0
2379910292,8855b61b1a878f28cde9bbc55ca6fbf2,1.0,2072514247,2020667156,1873747380,2018-07-05,delivered,69.99,108.37,178.36,credit_card,3.0,14.0,-12.0,0.0
575435968,368a807c54f9394cce9b885904db58ee,1.0,3358446071,3873886915,1277691880,2018-07-09,delivered,47.9,18.49,66.39,credit_card,1.0,16.0,-20.0,0.0
251711294,ab5048879a15f9f713725c37c5eb43ef,1.0,709713583,877302892,3322827135,2018-08-05,delivered,398.99,84.1,483.09,credit_card,3.0,5.0,-7.0,0.0
839459730,65d009e49beeedab2b25830b9e69a6ea,1.0,1174224643,172608413,3835866364,2018-07-02,delivered,149.9,17.0,166.9,credit_card,1.0,4.0,-13.0,0.0
2505756983,ad33ed1fc2b45e7f714e3cec25e31334,1.0,901635692,3295422543,1579174796,2018-07-21,delivered,11.99,18.23,30.22,credit_card,2.0,5.0,-13.0,0.0
4191898123,ad33ed1fc2b45e7f714e3cec25e31334,2.0,901635692,3295422543,1579174796,2018-07-21,delivered,11.99,18.23,30.22,credit_card,2.0,5.0,-13.0,0.0
1044684196,07b1810af93ee79a38977779e7a410d0,1.0,2636558138,2609951366,4109428959,2018-08-08,delivered,11.87,15.23,27.1,credit_card,2.0,11.0,-23.0,0.0
1859581895,2c9f6a7c2d93b5c7209ad4d1155fc325,1.0,3893080722,870882749,1675260091,2018-07-01,delivered,19.9,12.8,32.7,credit_card,1.0,3.0,-15.0,0.0
3274929773,da28a815dd7996590e84c9e51dec1ff4,1.0,1015032604,301925716,3485175421,2018-07-23,delivered,107.5,17.88,125.38,credit_card,5.0,4.0,-10.0,0.0
400082718,193d998b23a996345ca322516b2d5af3,1.0,145448484,731704158,2003183828,2018-08-04,delivered,1899.0,79.18,1978.18,credit_card,6.0,10.0,-3.0,0.0
2863137365,89c880f756709e7f7825b4ae6fe7a2f9,1.0,3249686201,4044570683,3361221497,2018-07-27,delivered,39.9,19.47,59.37,boleto,1.0,11.0,-10.0,0.0
2027369367,89c880f756709e7f7825b4ae6fe7a2f9,2.0,3249686201,4044570683,3361221497,2018-07-27,delivered,39.9,19.47,59.37,boleto,1.0,11.0,-10.0,0.0
1482204575,2df952b27ecdf708ef92658a4adf881b,1.0,3635131337,4294399807,2308685613,2018-08-14,delivered,81.0,8.73,89.73,credit_card,1.0,2.0,-4.0,0.0
3009671265,9ad10c69757273af721bfa883c1d1c81,1.0,335285327,2180480181,1734769477,2018-08-19,delivered,44.9,8.47,53.37,credit_card,1.0,3.0,-4.0,0.0
954185601,aa834e164d26bde6b0890bb9e70fbf9d,1.0,2733078440,953810007,3485175421,2018-08-01,delivered,52.9,27.32,80.22,credit_card,1.0,6.0,-14.0,0.0
3267723162,8fc45fcea7ef26a592a2f96dc5fd9b05,1.0,79431412,698002885,1379301944,2018-08-07,delivered,14.9,7.87,22.77,debit_card,1.0,9.0,1.0,1.0
1282169210,c40e13850994649006f28cc890cc4c64,1.0,2978523530,2524891674,1343178736,2018-08-18,delivered,890.0,43.14,933.14,credit_card,10.0,6.0,-24.0,0.0
2914630500,2386b5c23a2a5a08397fa987f56b8fde,1.0,456577206,3802166865,2656671748,2018-08-07,delivered,25.99,7.44,33.43,credit_card,1.0,13.0,8.0,1.0
387898728,cdc0adbdd9628dea5d7fb2032fd66c69,1.0,3519204708,3885570904,1696683105,2018-08-24,delivered,74.31,7.78,82.09,credit_card,1.0,4.0,0.0,0.0
528679168,30d83b2cef8511e3a93b265bbaf25ae8,1.0,2165781324,1368867325,796664912,2018-08-16,delivered,88.83,13.28,102.11,credit_card,3.0,8.0,-11.0,0.0
1662167826,a2226e6f6547ec94fb52d33362d58458,1.0,3847986271,2973009132,2880307388,2018-07-11,delivered,79.9,19.75,99.65,boleto,1.0,15.0,-11.0,0.0
3847470335,aa9ad84c2fa033010c9cadc5ff22d939,1.0,3244917525,2128910820,3773013363,2018-08-13,delivered,169.0,8.44,177.44,credit_card,5.0,1.0,-7.0,0.0
1914163003,bfc9f97fc7ddacf8a3c33c4b2bd15a93,1.0,1063972453,2765592877,935749508,2018-08-07,delivered,56.99,23.51,76.58000000000001,credit_card,2.0,6.0,-3.0,0.0
1147221334,bfc9f97fc7ddacf8a3c33c4b2bd15a93,2.0,1063972453,1221457373,935749508,2018-08-07,delivered,56.99,11.75,76.58000000000001,credit_card,2.0,6.0,-3.0,0.0
731148061,bfc9f97fc7ddacf8a3c33c4b2bd15a93,3.0,1063972453,2765592877,935749508,2018-08-07,delivered,56.99,23.51,76.58000000000001,credit_card,2.0,6.0,-3.0,0.0
3565046190,9ab1853460522b70139bf63d6715f4c2,1.0,3085296402,2160789852,528827331,2018-07-25,delivered,101.0,19.9,120.9,boleto,1.0,9.0,-13.0,0.0
845515292,9ab1853460522b70139bf63d6715f4c2,2.0,3085296402,2160789852,528827331,2018-07-25,delivered,101.0,19.9,120.9,boleto,1.0,9.0,-13.0,0.0
3750048540,4faebdf74e934f7b66d8da301d77d774,1.0,344877596,4067650696,819761952,2018-07-17,delivered,49.49,18.45,67.94,credit_card,1.0,12.0,-8.0,0.0
1238370595,2aa34343b80af35eb485d6511edf7a1d,1.0,2140036824,2467847969,853272068,2018-07-07,delivered,24.33,18.32,42.65,credit_card,1.0,13.0,-11.0,0.0
1770175587,474b04026899cacfa5e37c1bd0f888a4,1.0,1480942943,4000141466,1806598175,2018-08-16,delivered,175.0,35.29,210.29,debit_card,1.0,2.0,-5.0,0.0
1419240353,474b04026899cacfa5e37c1bd0f888a4,2.0,1480942943,4000141466,1806598175,2018-08-16,delivered,175.0,35.29,210.29,debit_card,1.0,2.0,-5.0,0.0
3490422337,a9bcf1a7fe9234ce388f78f3902dfcae,1.0,286419838,2118279761,91113541,2018-08-14,delivered,35.9,8.76,44.66,credit_card,3.0,2.0,-1.0,0.0
2446580324,c26ab0b30d07987314b27778194f020b,1.0,1064319370,1177862612,1868809992,2018-07-28,delivered,38.4,16.46,54.860000000000014,boleto,1.0,10.0,-13.0,0.0
1532950922,c26ab0b30d07987314b27778194f020b,2.0,1064319370,1177862612,1868809992,2018-07-28,delivered,38.4,16.46,54.860000000000014,boleto,1.0,10.0,-13.0,0.0
2213940505,c26ab0b30d07987314b27778194f020b,3.0,1064319370,1177862612,1868809992,2018-07-28,delivered,38.4,16.46,54.860000000000014,boleto,1.0,10.0,-13.0,0.0
844070669,c26ab0b30d07987314b27778194f020b,4.0,1064319370,1177862612,1868809992,2018-07-28,delivered,38.4,16.46,54.860000000000014,boleto,1.0,10.0,-13.0,0.0
1825747310,c26ab0b30d07987314b27778194f020b,5.0,1064319370,1177862612,1868809992,2018-07-28,delivered,38.4,16.46,54.860000000000014,boleto,1.0,10.0,-13.0,0.0
980428051,c26ab0b30d07987314b27778194f020b,6.0,1064319370,1177862612,1868809992,2018-07-28,delivered,38.4,16.46,54.860000000000014,boleto,1.0,10.0,-13.0,0.0
3630105719,2b749af514f3e9bd00fb20b105f36a83,1.0,3849173046,4113005167,2487708955,2018-08-01,delivered,399.0,203.38,602.38,credit_card,4.0,19.0,-16.0,0.0
4119942692,0b3506e1bbe1a7086dc5f9f41c594b8e,1.0,1987459912,3286506355,737969628,2018-08-20,delivered,114.9,47.46,0.0,unknown,0.0,8.0,-17.0,0.0
298586260,8a30bf14d715092cc05f458ad5837a7e,1.0,2783946779,978483567,1624456352,2018-08-16,delivered,359.9,23.82,383.72,credit_card,3.0,10.0,-16.0,0.0
1801662570,747674a4b8b96ff3a901d54e528c9059,1.0,2652489488,3691969606,4289768623,2018-07-31,delivered,74.67,37.43,112.1,credit_card,3.0,16.0,-8.0,0.0
4168094438,3a0502bcad9a327ac5dd125865643c49,1.0,2617596744,1607278035,854629258,2018-08-19,delivered,99.0,30.49,129.49,credit_card,2.0,10.0,-5.0,0.0
506826119,d995bfa6db04d756cbb7368ad277887e,1.0,3616882124,126677410,4120033478,2018-07-25,delivered,229.9,19.71,249.61,credit_card,5.0,5.0,-16.0,0.0
1558426234,8fa4c1bf3c1b27d1349e2aa934aed53f,1.0,2332529556,1882063189,1868809992,2018-07-04,delivered,75.0,15.83,90.83,credit_card,6.0,8.0,-7.0,0.0
360880296,8fa4c1bf3c1b27d1349e2aa934aed53f,2.0,2332529556,1882063189,1868809992,2018-07-04,delivered,75.0,15.83,90.83,credit_card,6.0,8.0,-7.0,0.0
1256106582,60c46973a2a9ad727ea9c45695b2b312,1.0,205307540,3989278709,3873348354,2018-08-12,delivered,49.9,17.48,67.38000000000001,credit_card,1.0,5.0,-6.0,0.0
1165647118,60c46973a2a9ad727ea9c45695b2b312,2.0,205307540,3989278709,3873348354,2018-08-12,delivered,49.9,17.48,67.38000000000001,credit_card,1.0,5.0,-6.0,0.0
509093429,60c46973a2a9ad727ea9c45695b2b312,3.0,205307540,3989278709,3873348354,2018-08-12,delivered,49.9,17.48,67.38000000000001,credit_card,1.0,5.0,-6.0,0.0
1898372731,60c46973a2a9ad727ea9c45695b2b312,4.0,205307540,3989278709,3873348354,2018-08-12,delivered,49.9,17.48,67.38000000000001,credit_card,1.0,5.0,-6.0,0.0
1545804742,60c46973a2a9ad727ea9c45695b2b312,5.0,205307540,3989278709,3873348354,2018-08-12,delivered,49.9,17.48,67.38000000000001,credit_card,1.0,5.0,-6.0,0.0
1836436414,60c46973a2a9ad727ea9c45695b2b312,6.0,205307540,3989278709,3873348354,2018-08-12,delivered,49.9,17.48,67.38000000000001,credit_card,1.0,5.0,-6.0,0.0
418238165,b233cccf8622f1f4fea0bb355b1488ee,1.0,949071819,1602649755,519564207,2018-08-09,delivered,135.0,23.75,158.75,boleto,1.0,4.0,-6.0,0.0
3832196760,3a94d54e3301d9e4da748ee3766e0585,1.0,2318415284,1408968732,989903952,2018-08-24,delivered,57.99,19.6,77.59,credit_card,7.0,5.0,-14.0,0.0
1837127351,c6d80ef64d3bab44528b4f5b30b257fb,1.0,759494211,654065100,1107359178,2018-07-03,delivered,99.9,38.97,138.87,credit_card,5.0,8.0,-25.0,0.0
1677106782,4a8493d781a65dfb623103a5dedf44fa,1.0,48137977,3694373706,64290190,2018-08-18,delivered,219.0,19.63,238.63,boleto,1.0,10.0,-13.0,0.0
2050934403,8c66073666890d74637182747a6f4a69,1.0,2321273888,4156815671,2272463781,2018-08-20,delivered,92.0,9.39,101.39,credit_card,1.0,2.0,-8.0,0.0
3856425697,bfaea68f958681ec9d22aa2114b45721,1.0,398700434,2261652455,2788104624,2018-08-06,delivered,73.02,27.49,100.51,credit_card,1.0,5.0,-10.0,0.0
916028290,6741e21a24361b07f30063eec3897b37,1.0,3110726656,4183852735,1361108180,2018-07-21,delivered,79.99,18.66,98.65,credit_card,1.0,5.0,-11.0,0.0
4278383916,27bc27fbc876aa11a925efac34583f63,1.0,2847267642,1870028277,1631704892,2018-07-19,delivered,12.5,15.23,27.73,credit_card,1.0,17.0,-1.0,0.0
213500847,27bc27fbc876aa11a925efac34583f63,2.0,2847267642,1870028277,1631704892,2018-07-19,delivered,12.5,15.23,27.73,credit_card,1.0,17.0,-1.0,0.0
377885959,24697b1f8e78fdb9d2316bcaa2c6e216,1.0,3277472761,3055386349,462891282,2018-08-02,delivered,17.77,7.39,25.16,credit_card,1.0,12.0,4.0,1.0
426186143,6a98fdd0da4868008ed2b97194165cb7,1.0,345236714,2919494792,2890074202,2018-07-29,delivered,43.0,7.56,50.56,boleto,1.0,3.0,-5.0,0.0
1830484937,984e03738ab50cbe683fc484c809d5ba,1.0,3083005779,3343603979,2722740119,2018-08-08,delivered,189.0,24.47,213.47,debit_card,1.0,18.0,-39.0,0.0
2218189375,a5d02c2843eb25d8d1be6217c7483c14,1.0,582939050,3509620998,2612393066,2018-08-06,delivered,75.0,18.63,93.63,credit_card,5.0,7.0,-2.0,0.0
2868399749,a5d02c2843eb25d8d1be6217c7483c14,2.0,582939050,3509620998,2612393066,2018-08-06,delivered,75.0,18.63,93.63,credit_card,5.0,7.0,-2.0,0.0
1986622235,a5d02c2843eb25d8d1be6217c7483c14,3.0,582939050,3509620998,2612393066,2018-08-06,delivered,75.0,18.63,93.63,credit_card,5.0,7.0,-2.0,0.0
1012260071,a5d02c2843eb25d8d1be6217c7483c14,4.0,582939050,3509620998,2612393066,2018-08-06,delivered,75.0,18.63,93.63,credit_card,5.0,7.0,-2.0,0.0
42057837,d6b2cc5d981e25c858336cad7bde6e06,1.0,2004388845,1162035385,3258001668,2018-08-03,delivered,40.0,62.53,102.53,credit_card,1.0,18.0,-15.0,0.0
2328540339,8e7c4bc6f83390fd197e3494442f1925,1.0,3649151171,4197325355,1767591923,2018-08-01,delivered,83.9,9.34,93.24,debit_card,1.0,1.0,-3.0,0.0
4263982413,d2b03101f40ceec33aab383966db0328,1.0,1200929625,3478202829,918571473,2018-07-11,delivered,199.9,16.5,216.4,credit_card,8.0,16.0,-10.0,0.0
2848625146,5c05c6001482248cca1f553a2c0b0421,1.0,593795381,1640180423,4120033478,2018-07-14,delivered,119.9,22.77,142.67,credit_card,1.0,11.0,-14.0,0.0
1053272921,7e41e7372ce6842cf380d475bf0927b4,1.0,977977504,3130557257,3557398281,2018-08-15,delivered,113.47,14.37,127.84,credit_card,1.0,5.0,-7.0,0.0
269310631,7e41e7372ce6842cf380d475bf0927b4,2.0,977977504,3130557257,3557398281,2018-08-15,delivered,113.47,14.37,127.84,credit_card,1.0,5.0,-7.0,0.0
3482694761,7e41e7372ce6842cf380d475bf0927b4,3.0,977977504,3130557257,3557398281,2018-08-15,delivered,113.47,14.37,127.84,credit_card,1.0,5.0,-7.0,0.0
1921214697,7e41e7372ce6842cf380d475bf0927b4,4.0,977977504,3130557257,3557398281,2018-08-15,delivered,113.47,14.37,127.84,credit_card,1.0,5.0,-7.0,0.0
2972294742,7e41e7372ce6842cf380d475bf0927b4,5.0,977977504,3130557257,3557398281,2018-08-15,delivered,113.47,14.37,127.84,credit_card,1.0,5.0,-7.0,0.0
1189694182,d6a043b1faaa04d723fbbe8b015f0dd6,1.0,1850327623,179398533,129539472,2018-07-03,delivered,180.9,12.29,193.19,credit_card,3.0,7.0,-7.0,0.0
1780286587,91681be83015c5760383644518e80ec6,1.0,1631600638,650566202,1763790356,2018-08-08,delivered,219.0,18.46,237.46,credit_card,2.0,19.0,-6.0,0.0
2883060570,7598147ec12a15c62a1350443e7ad42f,1.0,4130347025,1221457373,935749508,2018-07-11,delivered,56.99,19.59,76.58,boleto,1.0,9.0,-6.0,0.0
2620910741,00f251b943aba645652c7138e4716fee,1.0,2364902324,1425614791,3485175421,2018-08-13,delivered,77.9,23.35,101.25,credit_card,1.0,7.0,-14.0,0.0
1760526645,ae94c1cc378bdf3a430f77809a22ee67,1.0,4101223662,3235231580,3040083723,2018-08-17,delivered,249.9,23.05,272.95,debit_card,1.0,12.0,-12.0,0.0
307334419,cb233c021d1912e8f7d4ccb5153e0174,1.0,3861576229,1676477070,1379301944,2018-07-24,delivered,10.5,18.23,28.73,boleto,1.0,6.0,-11.0,0.0
3370454170,2b7e043a45afd5cae23ce498b699c9b7,1.0,3610462762,2097010586,1894514916,2018-08-06,delivered,879.0,32.45,911.45,credit_card,5.0,6.0,-4.0,0.0
4278639479,d2570454fa1bbea98db582b76abdc800,1.0,3991882012,3572759019,764872307,2018-08-01,delivered,50.4,8.51,58.91,credit_card,1.0,1.0,-5.0,0.0
3425699081,bcd881f346c66116b4cf838352ea8eaa,1.0,2108967783,1764740173,1919968767,2018-07-21,delivered,110.32,18.87,129.19,credit_card,4.0,11.0,-12.0,0.0
95524226,bcd881f346c66116b4cf838352ea8eaa,2.0,2108967783,1765458751,1919968767,2018-07-21,delivered,110.32,18.87,129.19,credit_card,4.0,11.0,-12.0,0.0
865948520,cc2a815c27056f7c5770b6a14d422863,1.0,1951506948,391725594,3481520803,2018-07-02,delivered,39.0,47.25,86.25,boleto,1.0,13.0,-10.0,0.0
3271674726,8501926dd0837d694fc5af339c02a6b2,1.0,270434731,2509498330,730574664,2018-08-07,canceled,250.0,17.94,267.94,credit_card,3.0,,,
1294302929,dcafc8a38571b2f390004e0d85867df8,1.0,1039193300,665758726,3168180425,2018-08-15,delivered,690.0,20.13,710.13,credit_card,8.0,3.0,-2.0,0.0
3576370457,0d73da8896404cedc9b3a6e25e6d94b6,1.0,275245926,4151761977,3768269081,2018-08-09,delivered,795.0,63.65,858.65,credit_card,3.0,11.0,-3.0,0.0
4259705108,abd7d619de0d42df3a64707190c05bb6,1.0,1740481448,2870068901,2082347993,2018-07-07,delivered,89.98,44.62,134.60000000000002,credit_card,8.0,27.0,-10.0,0.0
4117456417,abd7d619de0d42df3a64707190c05bb6,2.0,1740481448,2870068901,2082347993,2018-07-07,delivered,89.98,44.62,134.60000000000002,credit_card,8.0,27.0,-10.0,0.0
2791038536,abd7d619de0d42df3a64707190c05bb6,3.0,1740481448,2870068901,2082347993,2018-07-07,delivered,89.98,44.62,134.60000000000002,credit_card,8.0,27.0,-10.0,0.0
1908410913,7352da47c1164cdee2f4d71e736f7253,1.0,1010995671,3492363361,3594307950,2018-08-20,delivered,124.98,22.18,147.16,credit_card,3.0,7.0,-8.0,0.0
2126801207,902316ef1cc830ad9d566236f720309f,1.0,2286727744,2700106942,3070457104,2018-07-30,delivered,264.9,19.65,284.55,boleto,1.0,22.0,5.0,1.0
3168313606,8b4bf0534cfd5d9ebd380e8ac3df9c24,1.0,530581473,615585700,980641658,2018-07-02,delivered,19.8,7.88,27.68,credit_card,1.0,1.0,-16.0,0.0
2384496754,78b1c0f489ac4c36072ce8ebdedbfa3d,1.0,1807137531,1672925611,854629258,2018-07-06,delivered,69.99,17.12,87.11,credit_card,3.0,4.0,-12.0,0.0
1569188958,78b1c0f489ac4c36072ce8ebdedbfa3d,2.0,1807137531,1672925611,854629258,2018-07-06,delivered,69.99,17.12,87.11,credit_card,3.0,4.0,-12.0,0.0
432669248,97abddc4ddff2f3df5eeae15b23f8959,1.0,4162755343,4070335493,442956100,2018-07-26,delivered,74.9,17.45,92.35,credit_card,4.0,8.0,-10.0,0.0
3209559783,9fc913ded51851d30a7ee9413e77d3c9,1.0,2043356015,20672967,3485175421,2018-08-08,delivered,88.9,14.93,103.83,credit_card,5.0,5.0,-6.0,0.0
1270312515,c1773baeca3e466698f90611606eadeb,1.0,1534231983,914900306,2304947736,2018-07-15,delivered,59.0,7.67,66.67,credit_card,1.0,28.0,20.0,1.0
2735712876,05d46826bd0fb605d6b00e30e9141882,1.0,3215061859,2075577763,275494328,2018-08-27,delivered,49.99,11.37,61.36,credit_card,2.0,1.0,-13.0,0.0
1595422719,a0e5d064377d8e6cd6a615400b70bc55,1.0,1887300354,1506482063,2746700703,2018-07-25,delivered,17.9,22.93,0.0,unknown,0.0,20.0,-7.0,0.0
1948120356,c1c46208ebd1440f4da5b7197c544d6c,1.0,4019970779,3315862440,1902553100,2018-08-20,delivered,220.0,27.84,247.84,credit_card,2.0,7.0,-14.0,0.0
1045538920,413acaaa6c5aa063a17bda2ee7e3690a,1.0,4273062510,4207246176,926823165,2018-07-01,shipped,15.0,18.23,33.23,debit_card,1.0,,,
1199264457,146ee0d0528dc62bebbd50fe53f2ec43,1.0,1405597639,3619609107,2636346249,2018-07-18,delivered,29.99,37.12,67.11,boleto,1.0,16.0,-11.0,0.0
864336326,e1498c730a641e84a12251fb544db234,1.0,3475457529,2476237068,1925879045,2018-08-04,delivered,52.9,24.72,77.62,boleto,1.0,16.0,-2.0,0.0
2415125706,b451d36b7885d0b242a0e8189f3f8394,1.0,853403259,3338179408,2286617973,2018-07-23,delivered,34.84,19.8,54.64,credit_card,2.0,10.0,-5.0,0.0
656394739,63d6a91d52c3051f930506eccaf995ad,1.0,1507461611,2815330374,1436988880,2018-08-10,delivered,149.49,28.0,177.49,credit_card,1.0,25.0,14.0,1.0
791736893,83dcf2f6e29abb1516047b414c52b004,1.0,2754726692,401016385,2059590905,2018-07-01,delivered,159.04,38.02,197.06,credit_card,3.0,8.0,-20.0,0.0
2044239744,74d300a40f14d9bb630e966dad89198f,1.0,1924733550,1819643303,1868809992,2018-07-18,delivered,78.0,36.0,114.0,credit_card,3.0,6.0,-17.0,0.0
2209170797,7634e73e9ffe0ab30e3e99dc3f5a6d1e,1.0,480953117,274537272,3393462886,2018-07-24,delivered,69.9,22.42,92.32,boleto,1.0,7.0,-17.0,0.0
3503879368,319d8eb9ba6d4f64a4b7c5da23b82cf1,1.0,3789496496,3010541060,2636346249,2018-08-06,delivered,27.99,18.3,46.29,credit_card,4.0,9.0,-12.0,0.0
3291835532,3816ba21917f2a17a58a38a108985d0c,1.0,2106794285,2466355469,523493826,2018-07-14,delivered,66.99,27.75,94.74,credit_card,3.0,23.0,5.0,1.0
1557508338,455c3e2713829a42bd8d371c9c784d17,1.0,4167610798,301928629,4055463965,2018-07-18,delivered,28.9,13.54,42.44,credit_card,1.0,9.0,-13.0,0.0
1337547892,7df4045bb089bf92e7eaf3b506b6423b,1.0,3766296329,287319372,1919968767,2018-07-26,delivered,95.0,15.77,110.77,credit_card,2.0,7.0,-13.0,0.0
3784481785,223c55ef218f911885ccb9692537c1c0,1.0,3383192600,1313679599,3078723279,2018-08-02,delivered,22.6,12.82,35.42,credit_card,2.0,5.0,-5.0,0.0
382327735,6f781fbfaf95fb90fb59de9f72e78e5c,1.0,4129612067,2198273383,1813314038,2018-07-18,delivered,29.9,18.31,48.21,credit_card,3.0,5.0,-16.0,0.0
1327518802,8c52dfcce0a3724101362890db77eb05,1.0,2629338354,3918339657,1755005248,2018-07-04,delivered,99.9,13.53,113.43,credit_card,8.0,1.0,-12.0,0.0
2871321441,75a7d0a8a9a12e7b866362cb26d536be,1.0,64799428,4263419322,3962302186,2018-08-24,delivered,340.0,20.48,360.48,credit_card,9.0,6.0,-19.0,0.0
2239875213,8da7a1c49a88ecf2f5a92925c9333af1,1.0,1826421649,616156721,2911192595,2018-08-02,delivered,499.99,63.78,0.0,unknown,0.0,11.0,-3.0,0.0
2760856594,658028ee7633b50e656cea96a31274b1,1.0,1080181481,2495106546,2580370799,2018-07-12,delivered,119.9,15.94,135.84,credit_card,5.0,11.0,-22.0,0.0
3465278661,8ae25a46b2c36b4792ae3600e0fb2142,1.0,4204595176,3155743601,2154000458,2018-07-07,delivered,54.99,23.19,78.18,credit_card,3.0,19.0,-6.0,0.0
1135326935,89873d5ab718995335d753f97430fab5,1.0,3470739783,3873886915,1277691880,2018-07-18,delivered,47.9,19.53,67.43,credit_card,1.0,6.0,-15.0,0.0
449318114,70fe29ac539dcf0cfded8f408043d124,1.0,998875089,4142349593,960009223,2018-07-29,delivered,24.99,15.28,40.27,credit_card,3.0,5.0,-14.0,0.0
2916950719,a8fff3e04abf1de340f6a42662daa292,1.0,1347277069,3986391110,4055463965,2018-08-01,delivered,28.9,17.13,46.03,boleto,1.0,19.0,-4.0,0.0
3491960405,df79dc38cd1e0f49f9ef6385b30caab8,1.0,3802846931,2234129153,1672091742,2018-08-04,delivered,28.99,12.86,41.85,credit_card,1.0,6.0,-6.0,0.0
938958184,95e6954a7dcbdd1a6efe5fd1ce397ba0,1.0,1545403705,1747453520,3743845763,2018-07-17,delivered,746.0,20.32,766.32,debit_card,1.0,6.0,-16.0,0.0
3066319324,dde8f1a1964c338a90b168c7fdfa075f,1.0,3585121066,2289345797,596468350,2018-07-02,delivered,55.0,19.58,74.58,credit_card,7.0,4.0,-23.0,0.0
3957829170,2ad713541542172502b2d22dbbe47de0,1.0,705987213,1499726595,3485175421,2018-07-17,delivered,48.9,52.69,101.59,credit_card,10.0,15.0,-9.0,0.0
2264858763,291036f4304c5fb0dc3965044f4a4605,1.0,3987939018,3740804510,3533011879,2018-08-12,delivered,109.9,18.87,128.77,credit_card,4.0,7.0,-3.0,0.0
3789627261,5bb20a1f6eecf52b15642965e33b6dde,1.0,123177404,2001968677,4100464209,2018-07-16,delivered,99.0,26.99,125.99,boleto,1.0,7.0,-11.0,0.0
3417851537,249004c60a9bead3bdc73f4a8d2f0c11,1.0,942433135,2835330871,2047495738,2018-07-03,delivered,44.9,18.41,63.31,boleto,1.0,6.0,-15.0,0.0
4186170220,8b83908fdb598db143e4b00e8dac9036,1.0,2273468446,4240937183,3124080783,2018-08-08,delivered,99.9,19.89,119.79,credit_card,4.0,5.0,-8.0,0.0
822784498,bf21c25c297f9093e217a740ea93b465,1.0,262797363,2820909393,2878430782,2018-07-10,delivered,29.89,19.4,49.29,credit_card,1.0,3.0,-19.0,0.0
1334394428,73cfaa863221d5987b3f6aa644affca3,1.0,1738456051,1745648530,9861004,2018-08-25,delivered,49.9,20.99,70.89,boleto,1.0,5.0,-7.0,0.0
3062452674,bd486e41e0b895151c98b33db1504f8d,1.0,3903533177,1313939807,3645042277,2018-08-17,delivered,12.99,12.79,25.78,credit_card,2.0,9.0,-4.0,0.0
2061284937,b71b933941ffe3a83e6fa413d0f73e0e,1.0,2563897787,4097910533,3734320862,2018-07-04,delivered,289.9,45.83,335.73,debit_card,1.0,6.0,-23.0,0.0
3534637530,3ea0c27406751dd56d4c57b342aa3b38,1.0,3451699389,4068082380,4185397625,2018-08-02,delivered,85.71,12.9,98.61,credit_card,1.0,5.0,0.0,0.0
2378223322,b74a164aa1b796aba8ed356ed4733db8,1.0,1901374417,1959014590,1436988880,2018-07-23,delivered,58.9,22.34,81.24,boleto,1.0,7.0,-10.0,0.0
434763211,a9e4a67cf6910c059f3a0764fcd0a020,1.0,3743162779,2036129729,261066546,2018-07-13,delivered,118.8,17.76,136.56,credit_card,6.0,7.0,-10.0,0.0
3528035693,5227f2736ccc6b82c2bdf19be46b1320,1.0,519725493,4195880876,372596841,2018-07-08,delivered,160.0,14.46,174.46,credit_card,2.0,4.0,-13.0,0.0
1835374131,40e71e3ccbeb7170672ef1d0e9696a77,1.0,3952277392,629089807,4259124155,2018-07-19,delivered,79.0,15.65,94.65,credit_card,8.0,5.0,-17.0,0.0
3883567233,de4363c0dc15fa2b4ef64957ef56a5ab,1.0,3232513975,4204952795,1379301944,2018-07-10,delivered,33.6,7.98,41.58,boleto,1.0,3.0,-10.0,0.0
4139458653,ddea733ed0db4b498f7719f648b89a5b,1.0,1862824300,2608146566,91113541,2018-08-23,delivered,99.9,22.0,121.9,credit_card,2.0,4.0,-9.0,0.0
2383269279,d68908ac877f296cba6f2cec9fc8c5eb,1.0,2852413652,1446467478,2096572618,2018-08-19,delivered,59.9,38.47,98.37,credit_card,9.0,4.0,-6.0,0.0
2906885255,4c405d4709e91c1a881d8e70a74d9dbe,1.0,1678631305,3864094454,84469676,2018-08-10,delivered,169.9,19.49,189.39,credit_card,2.0,12.0,-6.0,0.0
470545689,da7d7e53c86d326200b7b44b722f2aa1,1.0,2297545933,1795108154,2612393066,2018-08-07,delivered,135.0,19.05,154.05,credit_card,1.0,6.0,-1.0,0.0
3965507663,c5a4102c4979beb7f062d7ad384cdac0,1.0,4231306124,3478202829,918571473,2018-07-15,delivered,155.97,16.19,172.16,credit_card,8.0,10.0,-12.0,0.0
3513737349,201164b89baf9300df72f328a6e5842e,1.0,1358417255,1248852044,1813314038,2018-08-07,delivered,42.9,19.49,62.39,voucher,1.0,16.0,2.0,1.0
3628456091,c093b337defb1739af5d4d2925cc9e00,1.0,2314654387,1511006085,2584434041,2018-08-20,delivered,238.0,62.65,300.65,credit_card,6.0,7.0,-7.0,0.0
1832131725,31b5594fc512aedc5f790621219fd23b,1.0,2408182082,1029708058,2166899228,2018-07-30,delivered,16.5,19.32,35.82,credit_card,1.0,6.0,-7.0,0.0
3447614064,44879a8f19c5e8a5e9278477b29a29ea,1.0,1954078962,3301780227,2023461531,2018-08-23,delivered,19.99,18.24,38.23,boleto,1.0,6.0,-35.0,0.0
4180202007,db747e7d69671f32e8e4ea7fdc1266ed,1.0,3077081232,264707664,4251734219,2018-07-19,delivered,966.9,28.7,995.6,credit_card,10.0,34.0,7.0,1.0
399910881,3331e2e606f435cefac5a3ec86ebee7d,1.0,2349882922,1526554051,2520348686,2018-08-14,delivered,90.0,26.93,116.93,debit_card,1.0,6.0,-16.0,0.0
1528514943,c67afe8b6c6b9dbbcfbccb18ae4b5556,1.0,2656302866,1205562242,2023461531,2018-07-30,delivered,8.99,7.39,16.38,credit_card,1.0,1.0,-9.0,0.0
946336880,b207eee235e171e984b26af758b388d3,1.0,4282444153,2979916595,3539593625,2018-07-24,delivered,99.0,7.95,106.95,credit_card,4.0,2.0,-8.0,0.0
57702573,b207eee235e171e984b26af758b388d3,2.0,4282444153,2979916595,3539593625,2018-07-24,delivered,99.0,7.95,106.95,credit_card,4.0,2.0,-8.0,0.0
1366094060,2cd938176e6aaa529800d96e692e9c6b,1.0,285031301,831429833,2304947736,2018-08-05,delivered,45.0,7.58,52.58,credit_card,1.0,2.0,-2.0,0.0
420960640,b3d7714a542865761019b3490fd544f6,1.0,2552877787,1139632749,2911192595,2018-07-11,delivered,169.97,8.77,178.74,credit_card,2.0,1.0,-7.0,0.0
3838179465,67a98da3237e4b4d8d359f32a49bb209,1.0,3566376880,961767635,123833255,2018-08-02,delivered,65.0,57.23,122.23,credit_card,3.0,12.0,-13.0,0.0
1528332369,73f4780e56b3a089b1d7671a17ee4da0,1.0,3832522562,1036633425,1734769477,2018-08-05,delivered,149.9,23.85,173.75,credit_card,1.0,4.0,-7.0,0.0
359423254,110607a6618f270a965f6a8cffadd32a,1.0,2759552391,4207574824,1343178736,2018-08-13,delivered,539.0,91.28,630.28,credit_card,9.0,7.0,-8.0,0.0
1543502598,4e9fe46327dd25b934cc82d238a874f8,1.0,382273328,1819643303,1868809992,2018-08-12,delivered,78.0,41.53,119.53,credit_card,5.0,15.0,0.0,0.0
3510154349,4e9fe46327dd25b934cc82d238a874f8,2.0,382273328,1819643303,1868809992,2018-08-12,delivered,78.0,41.53,119.53,credit_card,5.0,15.0,0.0,0.0
117807648,4e9fe46327dd25b934cc82d238a874f8,3.0,382273328,1819643303,1868809992,2018-08-12,delivered,78.0,41.53,119.53,credit_card,5.0,15.0,0.0,0.0
3614356962,0e1ddbe485dfa358d24e22e5394d0484,1.0,99004744,1678908780,4127299331,2018-07-28,delivered,320.45,26.01,0.0,unknown,0.0,6.0,-5.0,0.0
1392349456,0e1ddbe485dfa358d24e22e5394d0484,2.0,99004744,2263562727,2287647353,2018-07-28,delivered,43.11,6.95,0.0,unknown,0.0,6.0,-5.0,0.0
2587968346,d232a4685c8ddfc98307d91978aebfa5,1.0,230881872,587371348,817416274,2018-07-02,delivered,109.0,19.95,128.95,credit_card,5.0,8.0,-15.0,0.0
2567968396,de852e80c0b14138d06937c2695b4b94,1.0,3341900672,443793381,375847922,2018-07-04,delivered,37.0,18.36,55.36,credit_card,1.0,8.0,-21.0,0.0
2388924237,9ec8075dfc41a4b32e00cdac5dcca698,1.0,393092143,3467295823,2775148626,2018-08-06,delivered,138.0,19.07,157.07,credit_card,2.0,8.0,-10.0,0.0
2510473110,a109b4732228abd28233fc31ca544cac,1.0,4023776279,905095500,3876031066,2018-08-11,delivered,110.0,23.92,0.0,unknown,0.0,5.0,-7.0,0.0
4072066576,843b7dada8b84daa895c7978c62f9e43,1.0,169962480,3662339317,4194263931,2018-07-27,delivered,125.0,14.22,139.22,credit_card,3.0,6.0,-12.0,0.0
2363434312,99902f632e0a578e6995f6291e0e6cb8,1.0,1085972873,1437112236,1925481417,2018-08-19,delivered,64.9,19.64,84.54,credit_card,3.0,8.0,-6.0,0.0
14014966,00e6bc6b166eb28b4502c1cad4457248,1.0,1852322046,3384912579,3664770205,2018-07-01,delivered,132.9,19.03,151.93,credit_card,2.0,3.0,-25.0,0.0
2551895175,53177d318c723e378c2a2aa1e9b2ea8e,1.0,701951444,3422626364,730094745,2018-07-14,delivered,32.0,22.94,54.94,voucher,1.0,15.0,-9.0,0.0
3167295500,7edec473f1cd19fe9a5fcc2b2290a7f7,1.0,2944070309,2074398685,305748041,2018-07-08,delivered,17.9,12.79,30.69,credit_card,3.0,5.0,-19.0,0.0
2438867583,2afbd8a533424d5df3af9277ff0f3d1e,1.0,2578376271,3537007620,484457503,2018-07-23,delivered,46.6,12.99,59.59,credit_card,5.0,7.0,-6.0,0.0
3718940891,982727416ef47cb3095b02dfccb621bf,1.0,2467525954,1221457373,935749508,2018-07-03,delivered,56.99,19.59,76.58,boleto,1.0,10.0,-14.0,0.0
4061011133,27f01bec8fbffea109aa86d4d3364a15,1.0,1398344858,4281144461,2270995335,2018-08-04,delivered,18.32,18.23,36.55,credit_card,1.0,8.0,-7.0,0.0
1631464871,27f01bec8fbffea109aa86d4d3364a15,2.0,1398344858,4281144461,2270995335,2018-08-04,delivered,18.32,18.23,36.55,credit_card,1.0,8.0,-7.0,0.0
3569847695,38d11c87fc409de31e930084abb0c7a4,1.0,200921638,2338770647,3094387524,2018-08-17,delivered,69.9,21.13,0.0,unknown,0.0,7.0,-10.0,0.0
2099402896,d147001bf6f7a4295040343db205d9c1,1.0,1920603948,3439863567,1147146951,2018-08-01,shipped,119.88,17.03,136.91,boleto,1.0,,,
2627428675,be0b6a23108963f24b23e7aa663d2eb4,1.0,4218908353,827439125,2622583364,2018-08-03,delivered,239.9,14.34,254.24,credit_card,2.0,7.0,-6.0,0.0
571750019,c7756342d355d13eea40a754b6602da6,1.0,3614563923,1819289724,819761952,2018-08-27,delivered,34.0,9.55,43.55,credit_card,1.0,2.0,-5.0,0.0
2843251242,252e3d8642591a131552842adb8230f7,1.0,477502376,292997250,3003602011,2018-08-08,delivered,44.99,8.48,53.47,credit_card,1.0,5.0,-3.0,0.0
4104870652,cecdac61b34706beb4fb0d9a531082a2,1.0,3672054610,229724642,3809495135,2018-08-15,delivered,219.0,39.7,258.7,credit_card,1.0,4.0,0.0,0.0
4277028607,0cdbb064516056ec9be699ddabadc42c,1.0,1714077327,3332236706,3366215599,2018-07-21,delivered,174.9,24.02,198.92,credit_card,4.0,11.0,-14.0,0.0
3588047238,07c60b22ef2c61750215fd44cf67f928,1.0,647263386,773512402,4192291050,2018-08-05,delivered,105.9,11.76,0.0,unknown,0.0,7.0,0.0,0.0
3670213662,5e92e0bff46e7409b95d52942bf0f2a8,1.0,2356958215,3679667250,3805363950,2018-07-16,delivered,39.0,7.85,46.85,credit_card,4.0,6.0,-1.0,0.0
3249314105,6963678ab394ef16d2dbed6ee6d07c44,1.0,2265543082,1036633425,1734769477,2018-07-17,delivered,149.9,23.85,173.75,voucher,1.0,6.0,-10.0,0.0
4034375417,9c45e22ceaa7d4d5cd229d408c610d4e,1.0,1301427517,799122612,1585314166,2018-08-20,delivered,49.9,7.61,57.51,credit_card,1.0,7.0,-2.0,0.0
3824324820,619ec92710d17c5fd70018c3ee9ad4cf,1.0,2200192201,3158849269,642218148,2018-08-17,delivered,159.9,13.78,173.68,debit_card,1.0,6.0,-10.0,0.0
1924058708,b539ce2adefd8069df8b63856d7837f3,1.0,3504775264,2636289332,2053848117,2018-07-19,delivered,40.99,11.31,52.3,credit_card,2.0,1.0,-6.0,0.0
3704226336,4548b28532019ff74082bf5b5ab11410,1.0,1180660174,50247468,177643490,2018-07-16,delivered,89.0,18.72,107.72,credit_card,1.0,11.0,-7.0,0.0
4293314767,ac730ec54a5502ff2a207c2f485f3d83,1.0,2241533585,1093017079,1884653127,2018-08-15,delivered,69.0,14.06,83.06,credit_card,3.0,3.0,-6.0,0.0
3900253595,032d90128bd4c1c63e317ab45ddc2879,1.0,904901955,3601016201,213195857,2018-08-02,delivered,144.9,21.65,166.55,credit_card,8.0,5.0,-7.0,0.0
1964412659,636cae28249d7bd12aa6fb8d96bbe735,1.0,2090166458,1289028787,4006802340,2018-08-04,delivered,29.97,22.14,52.11,credit_card,8.0,8.0,-18.0,0.0
2858732989,636cae28249d7bd12aa6fb8d96bbe735,2.0,2090166458,1289028787,4006802340,2018-08-04,delivered,29.97,22.14,52.11,credit_card,8.0,8.0,-18.0,0.0
4273160944,10394a4c18a22780ffb66c96fa737494,1.0,2935316795,3646349855,568670513,2018-08-14,delivered,19.9,7.4,27.3,credit_card,3.0,2.0,-5.0,0.0
3463528713,10394a4c18a22780ffb66c96fa737494,2.0,2935316795,3646349855,568670513,2018-08-14,delivered,19.9,7.4,27.3,credit_card,3.0,2.0,-5.0,0.0
526726649,0a896d016dd3a53c584129cd14e0875c,1.0,2310147572,1409841175,2417877563,2018-07-21,delivered,23.99,7.43,31.42,credit_card,1.0,4.0,-7.0,0.0
725761670,a2c42a4aedf58c7e3ff500cb584a9859,1.0,3862359113,592096461,2304947736,2018-07-08,delivered,78.0,13.21,91.21,credit_card,6.0,5.0,-12.0,0.0
1570509107,bb9a2de2f513259a76f6cab031523257,1.0,788917721,1563837174,242663277,2018-07-24,delivered,25.0,21.76,36.4,credit_card,3.0,2.0,-19.0,0.0
898663037,bb9a2de2f513259a76f6cab031523257,2.0,788917721,3462709568,4185397625,2018-07-24,delivered,55.0,4.35,80.08,credit_card,3.0,2.0,-19.0,0.0
1485645963,bb9a2de2f513259a76f6cab031523257,3.0,788917721,1563837174,242663277,2018-07-24,delivered,25.0,21.76,36.4,credit_card,3.0,2.0,-19.0,0.0
1705278607,78a56ea994a32c5627609c929276b3c0,1.0,4210915283,1597415275,1503930686,2018-07-18,delivered,95.9,18.47,114.37,boleto,1.0,3.0,-12.0,0.0
2082155029,cfebb97f36814d6f42de3df1e03d0210,1.0,3514011373,2186520705,2629826490,2018-07-26,delivered,125.9,21.49,147.39,credit_card,10.0,7.0,-14.0,0.0
2645422193,b855a375ca3b96e3b1a106c27e2d339f,1.0,2730797149,2043440194,3115096273,2018-08-17,delivered,29.99,12.51,42.5,credit_card,4.0,7.0,-2.0,0.0
2761615016,b56bcbb57a9be94114e2dfb18399193e,1.0,3733744142,3192056087,4194263931,2018-07-16,delivered,100.0,23.85,123.85,credit_card,1.0,17.0,-17.0,0.0
3825539700,e02e125437cc2226be342ae222e83a15,1.0,381851256,3212098957,3570346646,2018-07-18,delivered,58.9,15.51,74.41,boleto,1.0,5.0,-14.0,0.0
625071336,d300dd2390d077cd2c2ec2861db15827,1.0,695686502,1677541033,407461500,2018-07-01,delivered,159.0,8.37,0.0,unknown,0.0,3.0,-12.0,0.0
3095925409,b81c8d51d95fc3ddef4edbadb799c006,1.0,1075999886,413426364,229483877,2018-08-14,delivered,226.9,12.61,239.51,credit_card,10.0,1.0,-1.0,0.0
2361792673,5334444552f36867a1bf5cc0f4d3051e,1.0,1678337808,3944577387,3953938315,2018-07-25,delivered,32.9,22.16,55.06,credit_card,1.0,6.0,-21.0,0.0
410645317,1014139cb79293614f86603cc2c0b2f5,1.0,815709153,3064981304,1806598175,2018-08-10,delivered,150.0,17.32,167.32,credit_card,8.0,3.0,-4.0,0.0
236622681,ac4e638ca3146139f9857a73b20f6277,1.0,2963600078,4116139370,687121961,2018-07-04,delivered,79.99,16.75,96.74,credit_card,1.0,5.0,-15.0,0.0
2345517025,c51f25e565a1b4a03be6979f4661a585,1.0,862235038,1347276747,47085388,2018-08-20,delivered,134.0,17.87,151.87,credit_card,6.0,3.0,-32.0,0.0
374197907,2c8d039d136f71b16eea4024def87741,1.0,2835249286,793879822,1018512585,2018-08-20,delivered,59.9,23.14,83.04,credit_card,2.0,10.0,-14.0,0.0
2898645711,35c7d117e60b7447a3ee63f69addcd2c,1.0,531325590,2062973988,3773867457,2018-07-06,delivered,284.0,69.13,353.13,credit_card,4.0,21.0,-17.0,0.0
2945765064,0fc664e3e9937dfcef8a126f89b976ad,1.0,1173992423,869949499,1616220342,2018-08-01,delivered,69.99,18.59,88.58,credit_card,1.0,5.0,-3.0,0.0
2469334135,6bbc1892d79fc89cd656a04b7d96f622,1.0,1327836936,4294399807,2308685613,2018-08-26,delivered,85.9,8.76,94.66,credit_card,2.0,2.0,-2.0,0.0
1929445859,afc091f97bfa9985b6ab413ad1a9891b,1.0,86197361,796984908,2166760408,2018-08-16,delivered,59.9,9.17,69.07000000000001,voucher,2.0,7.0,-4.0,0.0
3403226985,afc091f97bfa9985b6ab413ad1a9891b,2.0,86197361,796984908,2166760408,2018-08-16,delivered,59.9,9.17,69.07000000000001,voucher,2.0,7.0,-4.0,0.0
2779154858,afc091f97bfa9985b6ab413ad1a9891b,3.0,86197361,796984908,2166760408,2018-08-16,delivered,59.9,9.17,69.07000000000001,voucher,2.0,7.0,-4.0,0.0
2566771871,c8035c255b0c345f46e7ed85cbaf1a79,1.0,7560436,832836252,2190763425,2018-08-06,delivered,58.67,8.57,67.24,credit_card,1.0,10.0,-11.0,0.0
215139438,c2d9d0e0c3a188dd8c70809844767fa5,1.0,1468700960,3986391110,4055463965,2018-07-08,delivered,28.9,22.13,51.03,credit_card,2.0,15.0,-15.0,0.0
1097900693,5a1162244090096d45dbdd8c9037a720,1.0,2901013773,54050933,1716536501,2018-07-16,delivered,134.9,24.09,158.99,credit_card,4.0,9.0,-12.0,0.0
3151684148,cad8ab3b1083311bd57b8ea9aa7c1c85,1.0,4133580266,358931670,2686156039,2018-08-03,delivered,128.25,15.21,143.46,credit_card,6.0,17.0,0.0,0.0
351284991,b3be0e1f9679fcd94718c69fa5f585fd,1.0,3942204611,1886409007,2082347993,2018-08-02,delivered,139.98,66.19,206.17,credit_card,10.0,26.0,-6.0,0.0
1477712730,18eff6d147d508df0b175851df5ab20f,1.0,841504993,3625186038,3878093140,2018-07-18,delivered,159.0,59.62,218.62,credit_card,10.0,14.0,-8.0,0.0
236594081,13f726430863cd4a81b6899e25010475,1.0,3531740301,1827245553,879502040,2018-07-04,delivered,55.0,13.97,68.97,credit_card,4.0,6.0,-14.0,0.0
3732838036,bea4e26a5e3cb0a9eb16c8703a21a7d3,1.0,2564108558,3338599894,1696683105,2018-08-21,delivered,39.99,15.38,55.37,credit_card,2.0,8.0,-16.0,0.0
3671552836,441adcd852644d2b803a4715aefce03b,1.0,4265822240,403489807,4244763206,2018-08-22,delivered,19.9,8.3,28.2,credit_card,1.0,2.0,-5.0,0.0
2086349898,72b96eeec6f77bbfdc38148e46667c01,1.0,4134334500,1551261746,2997337676,2018-07-25,delivered,549.9,25.78,575.68,credit_card,1.0,18.0,-17.0,0.0
3909040708,cdbd981121b82988cdb4bc8229598984,1.0,4058677557,2992823587,1914769873,2018-07-23,delivered,129.49,22.21,151.7,boleto,1.0,7.0,-8.0,0.0
3648366095,05deb664157a8c5022b440fc420bb397,1.0,4082267844,518778710,1579174796,2018-07-21,delivered,69.0,14.79,83.79,credit_card,8.0,8.0,-7.0,0.0
2538068143,86f1238d241a48cdbedf1a46d8532ded,1.0,2741133311,3569719807,3147574442,2018-08-09,delivered,149.0,51.33,200.33,credit_card,7.0,7.0,-7.0,0.0
1477940865,929ccb6e3021ed4afe8860fe50791967,1.0,1294898348,1481452574,3743845763,2018-07-04,delivered,747.0,20.33,767.33,credit_card,8.0,6.0,-16.0,0.0
3099630905,4505acb3759da6b9c7d79a80d29ab3bb,1.0,3012582814,1765557008,492848926,2018-08-06,delivered,29.99,12.51,42.5,boleto,1.0,44.0,33.0,1.0
460040825,7f3ad8f12fb1f6bf1858c175fcd4ab79,1.0,3424702062,3304897236,1870756114,2018-08-08,delivered,59.9,18.52,78.42,credit_card,3.0,5.0,-17.0,0.0
1912902651,6ebb33b8e0afab10328a6580a1c54be9,1.0,2130194611,1808997745,738004747,2018-08-25,delivered,169.0,48.26,217.26,credit_card,4.0,5.0,-7.0,0.0
1896114271,c27bfc90d25a350821474bf11c8a00b6,1.0,4128809567,3975056712,2304947736,2018-08-17,delivered,49.0,51.06,100.06,credit_card,3.0,12.0,-6.0,0.0
3865745903,ded23cb7c51665ec4015e629297ebaea,1.0,353700988,3238456667,2304947736,2018-08-09,delivered,45.0,18.42,0.0,unknown,0.0,14.0,-3.0,0.0
3261330345,4501d0b820f14b169af11308055974e2,1.0,4189822693,91156996,2047495738,2018-08-16,delivered,18.9,7.55,26.45,boleto,1.0,4.0,-1.0,0.0
953235622,c7c3e79f06b8145a28173b23f581f84f,1.0,1853665813,3911641092,2173695781,2018-07-17,delivered,119.99,44.64,164.63,credit_card,1.0,6.0,-24.0,0.0
2873132409,42e9af98d600b96e51f57f1cd3d1529d,1.0,2801102046,2391541680,3996093901,2018-08-08,delivered,176.0,8.49,184.49,credit_card,3.0,5.0,0.0,0.0
3754386178,8cbd694bc3280b8cbc9120d759a30b0d,1.0,1895641049,4114507059,1994919736,2018-07-15,delivered,86.0,15.7,101.7,credit_card,2.0,25.0,3.0,1.0
3187810510,1664a6f6d45f4f83c8263fe906f7626f,1.0,1676225193,1928760725,123833255,2018-07-20,delivered,27.0,8.35,35.35,credit_card,1.0,4.0,-6.0,0.0
1948302607,12a762b532552a237f910c72b43281ae,1.0,1851705215,2755810468,3251562665,2018-08-15,delivered,34.9,8.4,43.3,credit_card,1.0,2.0,-5.0,0.0
2112991198,3912b0f176edb52c40f760e27d055456,1.0,1038264949,101048405,2622583364,2018-08-01,delivered,102.9,13.38,116.28,credit_card,5.0,7.0,-5.0,0.0
3504166257,866e0f3023c57babaf95164f170317e8,1.0,2546308253,1913017858,4120033478,2018-08-04,delivered,199.9,20.59,220.49,credit_card,2.0,13.0,-5.0,0.0
150543674,370098d35ccd8a2af86b57c81ac7d24f,1.0,2189933121,24704474,2622226838,2018-08-19,delivered,89.9,15.84,103.46423535016676,credit_card,2.0,3.0,-19.0,0.0
3716541025,370098d35ccd8a2af86b57c81ac7d24f,2.0,2189933121,3642434808,552780722,2018-08-19,delivered,120.0,15.83,138.10576464983325,credit_card,2.0,3.0,-19.0,0.0
2393886651,4f0b7853ed43ab1a2dbc32c3c2b17da2,1.0,251034151,945283945,819761952,2018-07-17,delivered,18.49,18.23,36.72,boleto,1.0,6.0,-24.0,0.0
4248371332,9696c06c5b4dacf79ad4fc897b1aa93b,1.0,1547456282,1981076171,3267334493,2018-08-14,delivered,139.99,17.25,157.24,credit_card,1.0,14.0,7.0,1.0
466276609,22e4add79c3efc7828d1119a222b76da,1.0,3206255811,2389691661,2788104624,2018-07-26,delivered,71.6,14.81,86.41,boleto,1.0,6.0,-9.0,0.0
1878283884,5409cdf5d7f44a620466f80570fade10,1.0,4051254181,3286585782,3667124800,2018-08-24,delivered,49.9,7.61,57.51,credit_card,1.0,5.0,-5.0,0.0
1085424854,86fcbf423e68c5591504fd1bae22ca11,1.0,1413993880,893840574,1423184178,2018-07-18,delivered,129.0,19.0,148.0,credit_card,2.0,5.0,-11.0,0.0
2972821071,6d2fbf76787b9f35b1f3c3835a8a6a01,1.0,852604620,640423080,23345775,2018-07-24,delivered,154.9,61.36,216.26,credit_card,3.0,10.0,-24.0,0.0
755844363,c6df71a18bb2d9e7d88ee3e4d7080982,1.0,3911849629,2609951366,4109428959,2018-08-17,delivered,11.97,7.39,19.36,credit_card,1.0,12.0,-5.0,0.0
2242071794,d25eb73c856b09c77cd7dd09d9a488c2,1.0,848207575,3360137673,4124878543,2018-07-15,delivered,85.39,27.55,112.94,credit_card,1.0,9.0,-24.0,0.0
1718398077,c77296df05b5ed399d2d111ec97b0b17,1.0,2434515161,926678586,2541707223,2018-07-21,delivered,299.9,24.82,324.72,credit_card,6.0,19.0,-4.0,0.0
3198518568,2a4e23a666338d87ea9c2777d71bed0c,1.0,3703980843,587036,1696683105,2018-07-27,delivered,19.93,18.24,38.17,debit_card,1.0,12.0,-9.0,0.0
3883866177,35917730026d50562c5945c14f98318a,1.0,1343041875,949013637,250985049,2018-07-17,delivered,119.5,22.77,142.27,credit_card,1.0,7.0,-36.0,0.0
507922089,001ac194d4a326a6fa99b581e9a3d963,1.0,3842042787,2372844897,1147146951,2018-07-04,delivered,54.0,8.54,62.54,boleto,1.0,8.0,-5.0,0.0
1855902509,997d3d4e4d633291f515266c98cbda13,1.0,124942422,1980854038,2373578609,2018-08-25,delivered,56.9,14.71,71.61,credit_card,2.0,5.0,-15.0,0.0
3874503907,ae68c99e963e1694453bacc5db91513d,1.0,2132929982,2233485470,2060950116,2018-08-10,delivered,49.0,15.44,64.44,boleto,1.0,10.0,-1.0,0.0
1447032396,db7278dea8450817ee8e59fd074eedcd,1.0,1402606237,758262709,748792307,2018-08-07,delivered,70.0,60.77,130.77,boleto,1.0,20.0,-3.0,0.0
1649871067,75bd7a3255b9a2efed8a2673eb31f2b3,1.0,4170856128,4063967805,1025352284,2018-07-15,delivered,29.99,15.31,45.3,credit_card,8.0,7.0,-15.0,0.0
3128912365,75bd7a3255b9a2efed8a2673eb31f2b3,2.0,4170856128,1981302812,1025352284,2018-07-15,delivered,29.99,15.31,45.3,credit_card,8.0,7.0,-15.0,0.0
3088761189,270044e25a104d6ab5daf7369e33779d,1.0,4080211485,3880537531,2304947736,2018-08-14,delivered,55.0,7.65,62.65,boleto,1.0,2.0,-1.0,0.0
1235877290,ac17fcdce65beed9ddc7473ff8150528,1.0,1398638675,2872592381,1422840891,2018-07-27,delivered,174.9,9.97,184.87,boleto,1.0,11.0,7.0,1.0
4161915335,a61b9456778de69d35a9addadfc57ca8,1.0,600187325,1602649755,519564207,2018-07-01,delivered,135.0,27.9,162.9,boleto,1.0,10.0,-30.0,0.0
2888991665,4aca787fd52bf4435536ed117d9ef3b5,1.0,3520685514,1782103281,3371283952,2018-07-16,delivered,78.71,67.14,145.85,credit_card,3.0,4.0,-27.0,0.0
1310558659,0fb0b963405fa1541484c2f8893b04e0,1.0,1847797808,1236592996,1868809992,2018-08-16,delivered,320.0,40.99,360.99,boleto,1.0,7.0,-26.0,0.0
1215877012,5938114522194bd566d9f5a5cd9dcb88,1.0,1990284988,3086927819,1480205621,2018-08-08,delivered,109.9,8.03,117.93,credit_card,5.0,2.0,-5.0,0.0
3753310768,145c086f0f81f9801a8acbb2c514644c,1.0,3404583109,4248289698,2312430349,2018-08-17,delivered,99.9,19.89,119.79,credit_card,2.0,7.0,-6.0,0.0
3787572793,862ec83f2ebeb547ccece5ad0f8d6332,1.0,3250935124,3962220764,1813314038,2018-08-10,delivered,35.9,19.44,55.34,boleto,1.0,7.0,-10.0,0.0
4259559009,af24a3faab712b73932f3a71d003212b,1.0,349148735,974051001,391897587,2018-08-16,delivered,19.99,7.4,27.39,credit_card,1.0,5.0,-2.0,0.0
3411730868,aec0f45f4c980472a8293f2213d49a19,1.0,585335021,2116048782,4055463965,2018-07-31,delivered,22.32,15.26,37.58,credit_card,1.0,15.0,0.0,0.0
1457440946,1c8ea3262201c0562eccbcefff3da202,1.0,4183847112,2045924145,2031026716,2018-08-26,delivered,149.0,16.14,165.14,credit_card,7.0,3.0,-19.0,0.0
2238721776,1bab677b9e102b60c7e4886e44d57a98,1.0,1301671179,1300804487,3440248544,2018-07-11,delivered,75.9,15.63,91.53,credit_card,2.0,12.0,-14.0,0.0
1456908044,85cfaced617bb14d7aa5eeacad8c6ee4,1.0,3025091837,2645700092,2190763425,2018-08-02,delivered,58.67,13.07,0.0,unknown,0.0,16.0,-23.0,0.0
2752729866,637c53efeb8436b5bb339182ab5d03d0,1.0,835731541,1544484245,1367109462,2018-08-20,delivered,259.0,76.61,335.61,boleto,1.0,8.0,-9.0,0.0
2645737986,baed86a91c339967d46120d4a10038fd,1.0,3028682357,3179268240,1868809992,2018-07-26,delivered,120.0,51.45,171.45,credit_card,2.0,10.0,-15.0,0.0
2817960926,c7a7200ede6d21b5eac67705000af954,1.0,3166187695,3487350534,3106288757,2018-07-05,delivered,76.9,111.47,188.37,credit_card,4.0,6.0,-16.0,0.0
3183730337,6dca57240c5cb67c2673be12f538a2fc,1.0,840764082,2952777915,581044507,2018-07-28,delivered,155.0,19.19,174.19,credit_card,3.0,5.0,-20.0,0.0
234520845,28b87f6df2b0f0ee88484a1e6f5ee3e1,1.0,3531047890,2431174002,1423184178,2018-08-16,delivered,120.0,9.18,129.18,credit_card,1.0,4.0,-2.0,0.0
314522944,53dccb14668d654069cab1d78e4b13c1,1.0,1536062838,2258759750,1220942844,2018-08-27,delivered,349.0,20.54,369.54,credit_card,10.0,3.0,-12.0,0.0
2440880932,d73bf025952ff50e52729bd60ba12f28,1.0,1885482402,1210560191,1132189656,2018-07-27,delivered,73.99,62.77,136.76,credit_card,3.0,13.0,-19.0,0.0
1467745498,69cc23e617dbfab387624fc10fac7167,1.0,3811569991,730460601,4108685664,2018-08-08,delivered,99.9,9.45,109.35,credit_card,2.0,5.0,-2.0,0.0
494164667,62d9b911d7c56cf455f660eecb8ddd3a,1.0,3091193781,973313696,1591416872,2018-07-21,delivered,969.0,33.73,1002.73,credit_card,10.0,9.0,-11.0,0.0
1389357541,ab2ba1e5a2f808d58d514a5e7a650b49,1.0,404023014,2088733333,1666817986,2018-08-07,delivered,29.9,18.31,48.21,debit_card,1.0,13.0,-2.0,0.0
3609374309,5f5c63397b4ecdb2e1bdb739b8b667c1,1.0,946893519,2629040951,1886034192,2018-08-21,delivered,78.0,26.85,104.85,boleto,1.0,8.0,-28.0,0.0
1848463514,8260ced16669ee5a61ca903988b3e0b0,1.0,2033829869,718071674,1734769477,2018-08-05,delivered,29.9,18.31,48.21,credit_card,2.0,8.0,-10.0,0.0
1831553727,b4580174bbfb1dacc6e2cd89251d842a,1.0,4183344514,4102193398,2681412629,2018-08-25,delivered,89.9,5.82,95.72,credit_card,9.0,4.0,-14.0,0.0
1353140717,ce1ff723c906d3afa568e154b0a0b303,1.0,2816035184,2509572928,3733516067,2018-07-24,delivered,31.0,12.88,43.88,credit_card,1.0,9.0,-14.0,0.0
3526877422,a3a38cd51c4d299f206bc73c6daaf2b9,1.0,1613739269,1940596949,387984413,2018-08-19,delivered,401.7,50.89,452.59,credit_card,8.0,3.0,-6.0,0.0
1890301545,2dad0e5f5e49de74d7d561dd6fd726cb,1.0,1435964998,3295422543,1579174796,2018-07-29,delivered,11.99,12.79,24.78,credit_card,4.0,7.0,-3.0,0.0
2365690093,2dad0e5f5e49de74d7d561dd6fd726cb,2.0,1435964998,3295422543,1579174796,2018-07-29,delivered,11.99,12.79,24.78,credit_card,4.0,7.0,-3.0,0.0
300178217,7bda7fb1e596f90f607376af2ca647cd,1.0,2721827820,89388640,1867257412,2018-07-15,delivered,83.99,12.89,96.88,credit_card,1.0,15.0,6.0,1.0
4192755031,4e72ed892eda314d6c577450f3213a14,1.0,3682190866,3338599894,1696683105,2018-07-25,delivered,41.98,7.55,49.53,credit_card,1.0,1.0,-6.0,0.0
2555453381,4e72ed892eda314d6c577450f3213a14,2.0,3682190866,3338599894,1696683105,2018-07-25,delivered,41.98,7.55,49.53,credit_card,1.0,1.0,-6.0,0.0
2613613529,d3f5cac5ca660216eb21e93d54e9e384,1.0,2221452052,3239964789,3422743060,2018-07-22,delivered,79.99,8.72,88.71,credit_card,1.0,1.0,-7.0,0.0
2715106360,1f0e3e7a13d98443333a705e4ea42148,1.0,3310071500,516873642,2622583364,2018-08-15,delivered,153.9,13.74,167.64,boleto,1.0,29.0,16.0,1.0
2234206020,b18cb761efbe70da4838435a349abd07,1.0,561007785,3843772701,1987382822,2018-07-04,delivered,268.38,21.07,289.45,credit_card,10.0,6.0,-17.0,0.0
1991139716,2fab8b6042a5dc17a01cbca94aa6e055,1.0,4003953128,2366174178,2845521358,2018-07-04,delivered,69.5,13.15,82.65,debit_card,1.0,8.0,-14.0,0.0
2037381552,89b229dc09711327ecea7f124b029557,1.0,1976604794,1024626106,2324869708,2018-07-23,delivered,49.9,26.65,76.55,credit_card,2.0,5.0,-18.0,0.0
3115410323,1dde4ac4444355c43b97d058a89e45bf,1.0,891215085,1221457373,935749508,2018-08-03,delivered,56.99,13.98,70.97,boleto,1.0,11.0,0.0,0.0
3070835591,d8f92d7e898a1027a0957b82f58ddbc4,1.0,1822051791,2643164473,2304947736,2018-08-21,delivered,56.0,7.65,63.65,debit_card,1.0,1.0,-1.0,0.0
2141961923,668b09e578d6cdac0eb996a3457d49a5,1.0,2395108829,2608146566,91113541,2018-07-04,delivered,99.9,22.0,121.9,credit_card,1.0,7.0,-26.0,0.0
2342334446,1771533c98cbd8fe683df971648dc2cf,1.0,851541929,1566704002,2085372711,2018-08-09,delivered,55.0,15.49,70.49,credit_card,1.0,7.0,-8.0,0.0
3876994216,467fe7e72b99534adc114568a39c8102,1.0,3370918024,128719343,3972193987,2018-07-24,delivered,24.9,15.27,40.17,credit_card,1.0,14.0,0.0,0.0
1106517424,728def86ce88492592386a5e4a990e04,1.0,1921061139,4294399807,2308685613,2018-08-09,delivered,86.0,18.7,104.7,credit_card,2.0,7.0,-5.0,0.0
513188588,00f1a34f176151c4dcbd802c244e1072,1.0,627415130,2648057459,1615213775,2018-08-16,delivered,69.99,14.8,84.79,credit_card,8.0,5.0,-7.0,0.0
2436991102,46ec3fc4e7cfba8d9f376f2499086d18,1.0,2159111118,3880537531,2304947736,2018-07-27,delivered,55.0,7.65,62.65,credit_card,1.0,3.0,-2.0,0.0
4214578456,1fd64d652fae27df0e9aac1f4e605984,1.0,561469385,1118237897,753329531,2018-07-26,delivered,179.9,17.45,197.35,credit_card,2.0,7.0,-14.0,0.0
3416978490,2e3d25ae760b48fda536f1be145cab46,1.0,452126495,944012752,1102356649,2018-07-31,delivered,149.9,19.15,169.05,credit_card,5.0,5.0,-14.0,0.0
705371267,9a8ed77611006df4a507b6649200b71a,1.0,3333464154,1241208376,2023461531,2018-08-02,delivered,74.99,18.63,93.62,credit_card,6.0,7.0,-8.0,0.0
1556312317,d128b5634e1faad98f4ef5ac2f7e2e97,1.0,491912534,2141675528,2235530015,2018-08-18,delivered,799.0,133.47,932.47,credit_card,10.0,9.0,-15.0,0.0
3170853085,314fe43380ae463c4b91647e819997b2,1.0,1416779073,2777462637,1603761322,2018-08-08,delivered,24.0,12.83,0.0,unknown,0.0,4.0,-3.0,0.0
1276801340,a54a65531feecee80712fac10405795e,1.0,4277688659,1260357467,2263326692,2018-07-27,delivered,69.9,18.59,88.49,boleto,1.0,12.0,-8.0,0.0
3717898874,84869e6e6b633fa602128f93f70e2c12,1.0,4094178296,2916512305,2133600640,2018-08-12,delivered,122.11,63.11,185.22,boleto,1.0,10.0,-15.0,0.0
3895287472,115faf732ae2a6adbc96dc35069621e5,1.0,1280721050,3582539479,390945606,2018-08-05,delivered,14.99,7.39,22.38,debit_card,1.0,3.0,-7.0,0.0
1847767164,13188f2e3cfdae1480d1552e58d19d7d,1.0,4112236948,478650092,236054194,2018-07-24,delivered,151.3,12.08,163.38,boleto,1.0,2.0,-6.0,0.0
2050965637,58cf4bf760edf8c8fd391eb871b0eaa4,1.0,3407762708,90824906,1694950908,2018-07-11,delivered,44.0,18.36,66.04201909959072,credit_card,1.0,12.0,-13.0,0.0
4006069735,58cf4bf760edf8c8fd391eb871b0eaa4,2.0,3407762708,3169082068,1694950908,2018-07-11,delivered,29.3,18.36,43.97798090040928,credit_card,1.0,12.0,-13.0,0.0
1829417589,0c2cf3b3583c8f83ff9b3122d44fdaeb,1.0,3984064725,2594615238,2554243760,2018-08-24,delivered,15.9,7.39,23.29,credit_card,1.0,4.0,-3.0,0.0
4130841303,30f9680e12738190e2910a6f914f1703,1.0,4212614105,3713417483,2053848117,2018-07-26,delivered,139.99,18.78,158.77,credit_card,7.0,5.0,-23.0,0.0
186422909,2290b45124e2773329685c8dd7458e68,1.0,3757086352,728160491,604861625,2018-07-04,delivered,63.99,19.64,83.63,credit_card,1.0,6.0,-16.0,0.0
2494356573,a0bb81fda7cf88b07f9a884c1be7ba64,1.0,4124338671,3924580625,4194263931,2018-07-31,delivered,65.0,22.39,87.39,credit_card,3.0,14.0,-14.0,0.0
3161663328,470e4a0aae7ae6c3bb0aa161b7abf205,1.0,2448915407,1732341753,2775148626,2018-07-27,delivered,73.98,19.71,93.69,boleto,1.0,6.0,-13.0,0.0
2890206958,33401c04efca8f6e33ee1cc1eaa8e32a,1.0,1014691008,2987986544,3746284701,2018-08-08,delivered,299.99,39.68,339.67,credit_card,2.0,6.0,1.0,1.0
3160167319,14861b02076ed7da9471988265a0104b,1.0,1085041355,97017995,3929842482,2018-07-12,delivered,2199.99,67.19,2267.18,credit_card,4.0,1.0,-13.0,0.0
3513824572,1d4fef737d9b6c214e13e92ae014018f,1.0,3675555222,216018721,2622583364,2018-08-18,delivered,299.9,14.76,314.66,credit_card,2.0,5.0,-6.0,0.0
694730226,9d0ead55b274d0c21fe95108b4b3ffe8,1.0,2149292173,2194559976,1562587860,2018-07-24,delivered,137.77,16.06,153.83,credit_card,2.0,11.0,-5.0,0.0
1848126591,2da01b4da104add683f87af323a0e9d1,1.0,1466493884,3844094510,4060597575,2018-08-01,delivered,47.64,22.26,69.9,credit_card,6.0,12.0,-24.0,0.0
2912112710,2da01b4da104add683f87af323a0e9d1,2.0,1466493884,380344801,4060597575,2018-08-01,delivered,47.64,22.26,69.9,credit_card,6.0,12.0,-24.0,0.0
1381688673,c8126d249a88b7218ea8af8a2ddfc024,1.0,329280537,226581046,53223181,2018-07-06,delivered,29.29,12.87,42.16,boleto,1.0,6.0,-13.0,0.0
2805706660,08c94cca559ddccd243fc551e088b856,1.0,3841678735,3632513848,2971376258,2018-07-19,delivered,18.0,22.06,40.06,credit_card,4.0,12.0,-10.0,0.0
1089178854,31da75f0c78b03d446ea7342a6c002b9,1.0,659043804,1168309786,2562196807,2018-07-05,delivered,151.98,27.36,179.34,boleto,1.0,19.0,-17.0,0.0
1690795787,a6288025a106ed8a4db8010e42d44577,1.0,3894572490,1411241954,4109428959,2018-07-28,delivered,12.67,19.04,31.71,voucher,1.0,19.0,-11.0,0.0
29473096,96d89a80126756983acb2d1bfbd97117,1.0,1792167704,234872787,1477869461,2018-08-18,delivered,189.9,45.68,235.58,credit_card,2.0,8.0,-18.0,0.0
836560034,49d6c0bdfef33c709ed283eb19d8b3d0,1.0,3728262325,728681814,305748041,2018-08-17,delivered,26.9,8.94,35.84,credit_card,1.0,4.0,-9.0,0.0
1925546506,bf294e9fc4071077ff5ffbeb803602fd,1.0,329803334,1910918092,1696761601,2018-08-10,delivered,33.9,7.98,41.88,boleto,1.0,5.0,0.0,0.0
1622660776,48e081b41ba80f4327ded0c709f696bb,1.0,2091665716,4067521595,2629314654,2018-08-21,delivered,9.99,18.23,28.22,credit_card,1.0,8.0,-6.0,0.0
1368894128,58d3bf26c43675cdcc1a3ac391c06dfc,1.0,4283342879,3079415144,367262557,2018-07-31,delivered,62.0,8.59,70.59,credit_card,2.0,2.0,-4.0,0.0
3222823228,aa8c424f10763cab5496c65e9e2a479d,1.0,3300579246,1038201161,819761952,2018-07-18,delivered,190.0,39.84,229.84,credit_card,3.0,13.0,-9.0,0.0
2513270519,9b2d0b62b218b964a7d93e0df5e07b7f,1.0,2412473620,4208494697,1813314038,2018-08-20,delivered,17.9,12.79,30.69,boleto,1.0,8.0,-3.0,0.0
4248621425,837fcf1495a7c0bdacbf9ef5a901fb03,1.0,1795457080,3478202829,918571473,2018-07-16,delivered,199.9,19.5,219.4,credit_card,1.0,16.0,-12.0,0.0
3426951242,d3793144c8e35d71e963045c73b7b7ec,1.0,773201281,2180480181,1734769477,2018-08-02,delivered,44.9,18.41,63.31,credit_card,1.0,8.0,-4.0,0.0
3887361852,6ca7be1c933db977fa6163dad70b0e07,1.0,1106163963,716366971,256972323,2018-08-06,delivered,159.0,19.21,178.21,credit_card,1.0,7.0,-15.0,0.0
2025451753,289a8144990935d17cbf39c255cd4d3e,1.0,2901340329,1848598166,3626123686,2018-07-29,delivered,39.0,22.2,61.2,boleto,1.0,8.0,-16.0,0.0
39231902,75c3cc4d3b69230a82468be4d1afe002,1.0,3408901405,3900992226,1765806340,2018-08-04,delivered,119.9,51.13,171.03,credit_card,6.0,11.0,-20.0,0.0
185176130,80bef000a2d88b3b23fab45c546c67ff,1.0,2814297826,208262050,2436133809,2018-08-15,delivered,89.9,17.76,107.66,credit_card,1.0,8.0,-8.0,0.0
313708064,d8ff3300b44a7aedb4d4ec07202ba6ee,1.0,195505290,3525775204,935749508,2018-07-19,delivered,41.0,13.87,54.87,credit_card,5.0,5.0,-9.0,0.0
2395919097,7c38c132d8ee69d411b7a3eae6035211,1.0,4016307358,2016755666,123833255,2018-07-11,delivered,89.9,32.65,122.55,boleto,1.0,23.0,-14.0,0.0
3477692264,814525d9a609035835b96f52ca9047eb,1.0,3956610545,2466355469,523493826,2018-08-21,delivered,66.99,18.99,85.98,credit_card,1.0,7.0,-24.0,0.0
694280149,47c9d32bd98650fdc85ae2f486f60ed9,1.0,24156126,4052408184,1350631362,2018-08-23,delivered,63.9,22.38,86.28,credit_card,1.0,6.0,-15.0,0.0
3106557379,6cbddb4b9fd4c71ee2b7a0012dfe2fe3,1.0,1648557418,271482854,2622583364,2018-08-06,delivered,159.9,19.22,179.12,credit_card,6.0,7.0,-7.0,0.0
4024651613,07f9acd4e59411df700a59f89d4da8ed,1.0,4144867531,1093017079,1884653127,2018-08-02,delivered,66.0,19.65,85.65,credit_card,8.0,6.0,-6.0,0.0
2601739924,7e10e8b9d6949e7caa76063a954cc035,1.0,3997868060,3314370692,1379301944,2018-07-31,delivered,111.57,24.39,135.96,credit_card,2.0,6.0,-6.0,0.0
1529227054,766033ca0a01f26b46dfccd2ee59cf9c,1.0,2889232445,3956188779,1626002265,2018-07-03,delivered,35.0,31.12,66.12,credit_card,3.0,6.0,-31.0,0.0
907121043,4cc44db58430b3250f2ef264dbcc3b4c,1.0,3728627965,2115723442,3364035966,2018-08-06,delivered,200.0,18.53,218.53,credit_card,10.0,7.0,-7.0,0.0
733115115,0a881bec2e3ae03ba47a8d04d5dfc450,1.0,2392308576,99304128,412617711,2018-08-12,delivered,124.9,13.17,138.07,credit_card,2.0,3.0,-2.0,0.0
104472894,787590b924b0ef0a1da6164beb46a05d,1.0,550289983,498757125,2944041390,2018-08-09,delivered,160.0,13.78,173.78,credit_card,3.0,8.0,-7.0,0.0
2557124915,e225050f709a0409b3a30c63fa35c6da,1.0,2235545728,3003297880,1503930686,2018-08-05,delivered,108.9,23.04,131.94,credit_card,2.0,8.0,-13.0,0.0
20729463,cf5f9668e80998cdc237f43f27857570,1.0,2961197914,985419818,1019082252,2018-07-16,delivered,30.5,18.31,48.81,credit_card,4.0,7.0,-10.0,0.0
3373161107,503f675df334896d388f06d20d5dc540,1.0,4109109109,553412510,2100815658,2018-07-12,delivered,105.95,18.54,124.49,credit_card,1.0,15.0,-4.0,0.0
3181873350,2f04cf66091d02e84a7996ba8a645c12,1.0,1326541334,899860769,53223181,2018-07-19,delivered,27.9,7.46,0.0,unknown,0.0,1.0,-7.0,0.0
363859936,1aea4433bde1c518b2da880fea254b56,1.0,1868261710,2915880041,605810449,2018-08-21,delivered,38.99,13.85,52.84,debit_card,1.0,6.0,-4.0,0.0
3893259432,1f4714b1a377cfc36eafd36d2763881e,1.0,2619285349,2432494850,1122280688,2018-07-18,delivered,18.9,15.23,34.13,boleto,1.0,8.0,-7.0,0.0
1755878488,70c0f518419924f19c9878c5b40a185b,1.0,2528570859,2703664508,9861004,2018-08-13,delivered,49.9,20.99,70.89,boleto,1.0,15.0,-28.0,0.0
3292500929,497b22cf27e02673170a190f5c0f621d,1.0,2514326212,1515064164,1429884252,2018-08-21,delivered,170.3,14.53,0.0,unknown,0.0,3.0,-21.0,0.0
3446289267,8b3a63179277ba12f54970a5947d7a5e,1.0,1761685249,1230782771,1603761322,2018-07-27,delivered,35.0,7.51,42.51,boleto,1.0,4.0,-6.0,0.0
2918858285,719fa622ffdccd736b29beb1b22712d6,1.0,1518808104,1646387023,2351927611,2018-07-30,delivered,49.9,9.1,59.0,credit_card,1.0,2.0,-2.0,0.0
235152941,ab4354630db26a599455989a1091e50f,1.0,2733993528,4233095404,2538417520,2018-07-24,delivered,1899.0,31.34,1930.34,credit_card,10.0,3.0,-17.0,0.0
2244989856,6bfb5b857e326522e7ad3d163ebeca12,1.0,2819700524,3257965565,852167511,2018-08-14,delivered,189.99,28.28,218.27,credit_card,10.0,8.0,-7.0,0.0
214913101,2ff28727dd7a3cbb51cf9b8053a7103a,1.0,1466108873,3430158845,4273487192,2018-07-01,delivered,299.0,102.2,401.2,credit_card,6.0,6.0,-23.0,0.0
1990583872,0a9a43ac5fe59c6c4bee2a8f9b9fcce8,1.0,3596491284,2143294929,1930592484,2018-07-02,delivered,39.9,18.38,58.28,boleto,1.0,8.0,-17.0,0.0
2261342405,5e2dea58328e87e7d6a29ea1f157e287,1.0,2659914874,2286553091,1930594773,2018-07-24,delivered,225.0,25.45,250.45,credit_card,5.0,17.0,0.0,0.0
4014417745,003d9fc84ad902adf2265248b5ffe1a4,1.0,4222922544,2466355469,523493826,2018-08-19,delivered,66.99,27.75,94.74,credit_card,3.0,7.0,-9.0,0.0
343381719,0d29aa08fa516b98d8668e1eb4a57bdd,1.0,2159276978,234872787,1477869461,2018-08-13,delivered,189.9,35.72,225.62,credit_card,3.0,7.0,1.0,1.0
1335685969,696b70b07c6fd1bed3a148051e31c42d,1.0,195911563,2116048782,4055463965,2018-08-18,delivered,22.32,7.74,30.06,credit_card,1.0,10.0,-5.0,0.0
3705074964,3b40ede283844ba0fbdd110f8a56792f,1.0,1601164832,3470517503,1615213775,2018-07-18,delivered,56.1,13.97,70.07,credit_card,1.0,7.0,-7.0,0.0
3460495504,1770c4ca61c42f3ee7a4ed66d626bd67,1.0,1937239330,3547293257,372703792,2018-07-19,delivered,90.0,23.43,113.43,credit_card,1.0,13.0,-12.0,0.0
1692002905,9d66cd87dc5ae7f8699cb2883c39b5e8,1.0,119395902,650566202,1763790356,2018-07-05,delivered,219.0,10.04,229.04,credit_card,2.0,3.0,-22.0,0.0
78327931,89875b3e82ac7361593b7c13d1ea5a02,1.0,3494721597,2715300,2274414976,2018-08-07,delivered,17.0,7.39,24.39,boleto,1.0,4.0,1.0,1.0
3187450535,4d0c3a21d494b800520fb1dbaa715164,1.0,2274961415,143143637,1112503012,2018-08-17,delivered,99.0,20.64,119.64,credit_card,6.0,12.0,-5.0,0.0
521438397,d63be7e22203c9628413a27ac9394ea7,1.0,3627909635,2194559976,1562587860,2018-07-25,delivered,137.77,51.68,189.45,voucher,1.0,13.0,-21.0,0.0
2891338037,bf63ff8d7ca75098eaba0418489ad64d,1.0,859898576,3853035135,229483877,2018-08-17,delivered,99.9,19.61,119.51,credit_card,10.0,10.0,-18.0,0.0
309390679,a476fb0537849039cb122034488f8ee4,1.0,3113887971,2956058188,3147389048,2018-07-24,delivered,23.9,17.1,41.0,voucher,1.0,15.0,-5.0,0.0
3681222934,17be127e33c5c47d99de1dd43f35c951,1.0,40400319,1283794037,2866776968,2018-08-08,delivered,319.0,25.03,344.03,credit_card,8.0,4.0,-16.0,0.0
1028396680,13f122a23bdcdc6de4c10fb7d9fa6a0d,1.0,752987116,2819724593,1008270582,2018-07-31,delivered,72.0,14.81,0.0,unknown,0.0,6.0,-13.0,0.0
179098915,d1ff908b4e21d4fffd5da1a0c84c3404,1.0,923187427,446527297,897947394,2018-08-04,delivered,207.9,30.71,238.61,credit_card,8.0,18.0,-6.0,0.0
4065151186,57c81c283a192e74b48c36108ad73101,1.0,2853279616,3457846061,3883719590,2018-07-15,delivered,27.97,18.0,45.97,credit_card,1.0,4.0,-12.0,0.0
340018096,53de6ea93af62b738a4db248255fd504,1.0,1286656980,3420221311,123833255,2018-08-12,delivered,32.0,8.97,40.97,credit_card,1.0,1.0,-3.0,0.0
2021536317,38ad398ccb6f45911c35e8625cb68087,1.0,4216644477,2941868990,4086780073,2018-07-04,delivered,119.0,36.91,155.91,credit_card,3.0,6.0,-15.0,0.0
3099227343,63e62b997942e4c16bef7802caed1d45,1.0,1063359452,382228588,2997337676,2018-07-20,delivered,549.9,21.95,571.85,credit_card,6.0,11.0,-16.0,0.0
3400388808,2809bdc4f077fc190944ffc2e5c27adb,1.0,2146301372,3250628047,1379301944,2018-08-08,delivered,26.0,22.11,48.11,credit_card,1.0,9.0,-18.0,0.0
3426443303,bd772752df70fa0a00d2e0854285e419,1.0,1292740261,774870517,3179495650,2018-07-21,delivered,110.0,8.03,118.03,credit_card,2.0,8.0,-7.0,0.0
3956118979,a93b122106fb3a1e62510b02010af8d2,1.0,1507498439,1934518943,96764808,2018-07-13,delivered,14.9,12.79,27.69,credit_card,1.0,11.0,-6.0,0.0
4294877722,774c56b5c1305e0dc2a79ad46e118ba4,1.0,100683033,3985290164,250985049,2018-07-09,delivered,50.9,13.7,64.6,boleto,1.0,5.0,-24.0,0.0
3045873691,6fd84385eb8cc236a04124b75069108b,1.0,2116249661,1245653087,819761952,2018-08-13,delivered,43.0,18.4,61.4,debit_card,1.0,7.0,-21.0,0.0
2332435786,bb04237dd8964e0983c1d0bc623dcfeb,1.0,940515032,3199411278,2082347993,2018-08-06,delivered,149.94,21.49,171.43,credit_card,3.0,22.0,4.0,1.0
2210183733,6cf9278559172d523d1fbcf08988418c,1.0,3559861331,1177392779,1734769477,2018-08-05,delivered,124.9,11.89,136.79,credit_card,6.0,23.0,14.0,1.0
4118473574,d016acd5d2c7b6cfa89b282b8d1fd052,1.0,3117312822,2213530121,84469676,2018-07-08,delivered,149.9,27.35,177.25,credit_card,3.0,15.0,-21.0,0.0
2462254829,ae28255c7b837ba319c9cbf1dfeeea0d,1.0,1615180890,1248415092,538530758,2018-08-14,delivered,59.9,17.35,77.25,credit_card,1.0,5.0,-4.0,0.0
2987135819,00b1861aeb89afa498404c684148a619,1.0,369740125,2095023658,3488828128,2018-08-08,delivered,25.79,23.33,49.12,credit_card,2.0,7.0,-9.0,0.0
2195822073,00b1861aeb89afa498404c684148a619,2.0,369740125,2095023658,3488828128,2018-08-08,delivered,25.79,23.33,49.12,credit_card,2.0,7.0,-9.0,0.0
1204303608,51a3d8eaafd0ff4d71132ddaf03740f9,1.0,2364537399,3950003670,935749508,2018-07-23,delivered,69.99,14.07,84.06,credit_card,1.0,4.0,-10.0,0.0
2493868660,0dbd7242192102a62fc3677d4d42b5a1,1.0,2393821567,1461116109,423408420,2018-08-07,delivered,59.9,11.91,71.81,boleto,1.0,2.0,-4.0,0.0
2144792023,4fb104ec6918efe57f7e105fe598d96f,1.0,3330312431,1641517502,4033467469,2018-07-01,delivered,18.8,19.08,33.58378898200303,credit_card,10.0,5.0,-23.0,0.0
2162564467,4fb104ec6918efe57f7e105fe598d96f,2.0,3330312431,1901357395,740847726,2018-07-01,delivered,24.0,19.08,42.87292210468471,credit_card,10.0,5.0,-23.0,0.0
3246743728,4fb104ec6918efe57f7e105fe598d96f,3.0,3330312431,3044850253,3003602011,2018-07-01,delivered,29.99,19.08,53.57328891331228,credit_card,10.0,5.0,-23.0,0.0
2004183043,af8f5400111370accfbc1ba9820c5d20,1.0,2032989957,3265849677,455940136,2018-08-14,delivered,41.8,18.39,60.19,boleto,1.0,6.0,-10.0,0.0
3087716047,2a197a3a167970df77d91b94905578a1,1.0,3555466350,1227565358,2793116360,2018-08-06,delivered,34.0,13.58,47.58,credit_card,4.0,4.0,-4.0,0.0
3573777633,45351e92010175fdd13009d69c1f3502,1.0,2725623572,3439775381,357383673,2018-07-04,delivered,69.9,17.62,87.52,credit_card,1.0,6.0,-16.0,0.0
2807779804,14def5e6b6021ae117c181c039258033,1.0,3139869494,1287384360,3681078781,2018-07-25,delivered,172.0,8.46,180.46,credit_card,8.0,28.0,12.0,1.0
1205530598,9d4ddf2928a6c8e0f4cb2e816c361fb5,1.0,1614538024,1552957226,1360122595,2018-07-04,delivered,54.9,18.18,73.08,credit_card,2.0,8.0,-25.0,0.0
2003834004,3fc2e32bfc88b2bf0e9d7437503d82dd,1.0,2832379947,39186483,3472463603,2018-07-17,delivered,90.0,27.58,117.58,credit_card,1.0,9.0,-12.0,0.0
2892902695,b6760dcf5d7d3ad17b9875eeee6f0752,1.0,2325981032,3169693149,1912895863,2018-08-12,delivered,118.44,11.85,130.29,credit_card,6.0,5.0,-6.0,0.0
666302858,1231dea1667f0c9cafd1d1f975b2fa1b,1.0,257770295,3180527192,1728935788,2018-08-21,delivered,49.99,23.07,73.06,debit_card,1.0,8.0,-14.0,0.0
336637462,269ad8edf5c7dd6bfbe01dc68832f6ce,1.0,3444050718,4294399807,2308685613,2018-08-16,delivered,80.49,15.66,96.15,credit_card,2.0,6.0,-6.0,0.0
2725589996,42c384d95181d3ee567e8639ff74fff9,1.0,2964595763,3739075752,4248049472,2018-08-05,delivered,23.9,18.27,42.17,credit_card,1.0,3.0,-11.0,0.0
328855359,42c384d95181d3ee567e8639ff74fff9,2.0,2964595763,3739075752,4248049472,2018-08-05,delivered,23.9,18.27,42.17,credit_card,1.0,3.0,-11.0,0.0
2937067263,991dd93b0190239b4f3d41151e31d3ba,1.0,4014641085,1948867561,2670535380,2018-08-10,delivered,499.99,21.55,521.54,boleto,1.0,9.0,-4.0,0.0
1307857169,06d9e69034388abf6da64378e10737b8,1.0,1875439391,2995434841,2261194409,2018-07-30,delivered,100.0,23.85,123.85,credit_card,4.0,10.0,-32.0,0.0
1285446848,06d9e69034388abf6da64378e10737b8,2.0,1875439391,2995434841,2261194409,2018-07-30,delivered,100.0,23.85,123.85,credit_card,4.0,10.0,-32.0,0.0
3218197609,0a297271052d25a8fd815cd06ec90aaf,1.0,2909708029,1597415275,1503930686,2018-07-24,delivered,95.9,11.69,107.59,boleto,1.0,3.0,-5.0,0.0
3478199916,bd1e486b080a92e66f91c5486282422f,1.0,1176947044,3517858956,1612681572,2018-07-02,delivered,64.0,22.73,86.73,credit_card,1.0,10.0,-18.0,0.0
1744982846,5b167c32a8669a3c04fdd22e5764e867,1.0,1184851799,4199665169,4086780073,2018-08-17,delivered,79.0,24.63,103.63,boleto,1.0,7.0,-9.0,0.0
797139857,40ccf6af09b0aadbf3e2710fb2f17715,1.0,3901196955,1554912840,4028933957,2018-07-19,delivered,298.8,25.24,324.04,credit_card,3.0,14.0,-6.0,0.0
2287572810,0eec617eceb2ecbaec84cb904530b048,1.0,2017927447,2992711353,212815993,2018-07-03,delivered,110.89,18.88,0.0,unknown,0.0,6.0,-21.0,0.0
2267671320,b6162f47d6adbaf673e92b13e9358d89,1.0,1001962999,2975099203,2023461531,2018-08-26,delivered,129.0,8.16,137.16,boleto,1.0,2.0,-5.0,0.0
1208806301,637cd939e435a194d562522d5bdc0d84,1.0,3058298062,2975261047,3664770205,2018-08-05,delivered,164.9,19.25,184.15,credit_card,2.0,3.0,-7.0,0.0
4279952274,1657d073874b59831bbf61d290efb44a,1.0,1019595900,3740420916,2023461531,2018-08-19,delivered,14.99,8.29,23.28,credit_card,1.0,2.0,-7.0,0.0
2768839571,79d316a7d0d628895124bcefd1040ed7,1.0,3012527554,3349296253,3835866364,2018-08-14,delivered,239.9,9.5,249.395,credit_card,1.0,10.0,-20.0,0.0
2734661360,79d316a7d0d628895124bcefd1040ed7,2.0,3012527554,3349296253,3835866364,2018-08-14,delivered,239.9,9.5,249.395,credit_card,1.0,10.0,-20.0,0.0
2538450099,43212d0edb989569de152cc65e9d96fc,1.0,1841257138,1917920739,796664912,2018-08-06,delivered,143.88,20.2,164.08,credit_card,1.0,10.0,-11.0,0.0
2292608637,1091b43c860fa7d9cea917d1d20dd522,1.0,264732795,988736007,1868809992,2018-07-27,delivered,150.0,49.56,199.56,credit_card,4.0,13.0,-13.0,0.0
4280058262,6e25a89b2b006e7da0ff978bdcfe66db,1.0,1542972601,2091800923,1472339194,2018-08-09,delivered,54.9,15.48,70.38,boleto,1.0,11.0,-7.0,0.0
3224805953,6e25a89b2b006e7da0ff978bdcfe66db,2.0,1542972601,2091800923,1472339194,2018-08-09,delivered,54.9,15.48,70.38,boleto,1.0,11.0,-7.0,0.0
3379410375,d9b53f70b57a028c32d88455dda31547,1.0,3894357670,1764128986,926823165,2018-08-18,delivered,16.9,7.39,24.29,credit_card,2.0,2.0,-3.0,0.0
3096576787,1a868fc0d0328d0e1415957b16f8a63a,1.0,2414569926,3230312527,2797646759,2018-07-02,delivered,135.9,15.26,151.16,credit_card,6.0,4.0,-16.0,0.0
2022281848,b91ca0418b6f2ae549bb6f356eee80cb,1.0,165104597,235659539,1579174796,2018-07-02,delivered,43.99,19.5,63.49,credit_card,5.0,9.0,-15.0,0.0
2980425432,4d59391202a2a67c2e2fea6f349a67f5,1.0,2829297706,774870517,3179495650,2018-08-13,delivered,125.0,8.14,133.14,credit_card,3.0,4.0,-5.0,0.0
1774939117,4d59391202a2a67c2e2fea6f349a67f5,2.0,2829297706,774870517,3179495650,2018-08-13,delivered,125.0,8.14,133.14,credit_card,3.0,4.0,-5.0,0.0
553111571,754effa06b71f54d7f439034c128b509,1.0,1582345973,2125265984,1763790356,2018-07-15,delivered,650.0,87.62,0.0,unknown,0.0,8.0,-18.0,0.0
1180403615,3cfb52a132c9fd20ee4abc973f86d8e3,1.0,285869431,3148357855,3393462886,2018-08-15,delivered,199.9,51.69,251.59,boleto,1.0,8.0,-8.0,0.0
2128317515,9728bc6f814c53602137c0942b6e286d,1.0,450718315,2390391351,2304947736,2018-08-13,delivered,99.0,18.79,117.79,credit_card,5.0,7.0,-10.0,0.0
3394620592,9a5199b42599c11214ac9f95cfb17043,1.0,4141874290,1686484640,2208217379,2018-07-30,delivered,109.99,23.57,133.56000000000003,boleto,1.0,7.0,-15.0,0.0
1137119359,9a5199b42599c11214ac9f95cfb17043,2.0,4141874290,1686484640,2208217379,2018-07-30,delivered,109.99,23.57,133.56000000000003,boleto,1.0,7.0,-15.0,0.0
454588526,9a5199b42599c11214ac9f95cfb17043,3.0,4141874290,1686484640,2208217379,2018-07-30,delivered,109.99,23.57,133.56000000000003,boleto,1.0,7.0,-15.0,0.0
4093369415,86f347377bc9dbff8cd89feb1b946499,1.0,2237886843,1149082688,2580370799,2018-08-13,delivered,43.75,17.24,60.99,voucher,1.0,10.0,-1.0,0.0
3459551514,deef06897cb3c1fabed5858c4f9a6c70,1.0,3708809250,641429365,1840216515,2018-08-23,delivered,99.0,14.03,113.03,debit_card,1.0,4.0,-24.0,0.0
4149680075,deef06897cb3c1fabed5858c4f9a6c70,2.0,3708809250,3385223315,1840216515,2018-08-23,delivered,99.0,14.03,113.03,debit_card,1.0,4.0,-24.0,0.0
3078342286,d1af798bd24f3f874cf16d2d2e02d981,1.0,2586950,4178655939,3407345359,2018-08-02,invoiced,17.99,12.79,30.78,credit_card,1.0,,,
3942772708,d1af798bd24f3f874cf16d2d2e02d981,2.0,2586950,4178655939,3407345359,2018-08-02,invoiced,17.99,12.79,30.78,credit_card,1.0,,,
881225795,d1af798bd24f3f874cf16d2d2e02d981,3.0,2586950,4178655939,3407345359,2018-08-02,invoiced,17.99,12.79,30.78,credit_card,1.0,,,
3613448810,a4bab2081e615128b48cf3e4e7d8be97,1.0,3775726699,1776620515,2475905934,2018-07-11,delivered,99.99,23.5,123.49,credit_card,1.0,13.0,-9.0,0.0
1064736814,12dc316f04369335263005a3f304d101,1.0,1990834600,1772156449,4055463965,2018-08-01,delivered,38.9,18.37,57.27,credit_card,1.0,13.0,-15.0,0.0
3391900127,c554c7b7a41cc0523090a76a432cf6ef,1.0,2068655314,1834683002,358900552,2018-07-27,delivered,44.0,7.57,51.57,credit_card,2.0,4.0,-6.0,0.0
2361315621,a82c960297e876b31d23af8b437f54bb,1.0,2415895737,3003297880,1503930686,2018-07-14,delivered,108.9,27.71,136.61,boleto,1.0,10.0,-12.0,0.0
3581994826,6c80e36a9a77ce3ac32d97b159d0bab5,1.0,3937594826,1266787934,1122280688,2018-07-06,delivered,37.9,9.02,46.92,boleto,1.0,4.0,-8.0,0.0
2811789885,5d463aef87df62b39882ac78bf94c3fb,1.0,3647402751,3138985478,3554345266,2018-08-06,delivered,169.9,19.29,189.19,credit_card,2.0,16.0,-6.0,0.0
763586498,936791179c34e3075442addfba1a3089,1.0,3761515538,2064071904,727074973,2018-07-26,delivered,125.99,9.63,135.62,boleto,1.0,2.0,-6.0,0.0
2234255137,8c1d27c10cc60cc369a428813bb71350,1.0,1813546191,1480657920,1682756093,2018-07-25,delivered,89.9,18.73,108.63,credit_card,1.0,5.0,-14.0,0.0
1883128866,0745fd0c5e5bd55f752798a152b1d04b,1.0,1539751952,3701850239,281208496,2018-08-17,delivered,83.9,19.78,103.68,boleto,1.0,13.0,-20.0,0.0
2465704476,9eda772d641a7fceb1332e9906ce23a3,1.0,311545058,870882749,1675260091,2018-08-13,delivered,20.9,12.81,33.71,credit_card,1.0,2.0,-5.0,0.0
2454469593,be0f9dd8034713beef855df4e524f6e4,1.0,1997110835,1504099406,137453236,2018-07-09,delivered,380.0,79.63,459.63,credit_card,3.0,4.0,-20.0,0.0
202046331,7e7280eb49c876dcbe8be5aaafcf4f15,1.0,574517436,3498353775,730094745,2018-08-08,delivered,77.9,27.84,105.74,boleto,1.0,14.0,-12.0,0.0
2135689621,2c4b204bb99eaca32b1f3cf0e16f4c14,1.0,3905881275,272796231,4004635469,2018-07-10,delivered,30.8,18.32,49.12,credit_card,4.0,10.0,-14.0,0.0
3253306418,6026f1c6e0ebe19412bc9283398a4610,1.0,2699561534,1543157023,2465488481,2018-07-19,delivered,163.99,67.74,231.73,credit_card,2.0,6.0,-12.0,0.0
1207000535,3fde74c28a3d5d618c00f26d51baafa0,1.0,1291013891,169107890,1507327543,2018-08-13,delivered,2338.08,375.28,2713.36,boleto,1.0,10.0,-12.0,0.0
1907934561,5a41aefdf8010bbd69a5264f69213b73,1.0,1299753563,1523834856,4156473050,2018-07-02,delivered,32.9,7.49,40.39,boleto,1.0,2.0,-11.0,0.0
2330438860,154869e9010637920b946e369b26bfbc,1.0,2261499052,2241715696,3085186048,2018-08-17,delivered,142.0,87.07,229.07,credit_card,5.0,11.0,1.0,1.0
2017060155,874a7690bc049bd4ce210d195bdfff7b,1.0,2042920936,3490772157,4028933957,2018-08-02,delivered,97.1,8.84,105.94,credit_card,1.0,11.0,5.0,1.0
3965119780,cc0d2c0ee3e33e3492e690fb44e1c11f,1.0,175609723,3216599867,1919968767,2018-07-17,delivered,110.32,8.03,118.35,credit_card,2.0,7.0,-3.0,0.0
2151016832,c66b4d4c8665330b53721d0f84feed9d,1.0,581959072,2647650628,2368221149,2018-07-02,delivered,34.9,22.17,57.07,credit_card,3.0,7.0,-18.0,0.0
3036542050,323dc5a41f87be5d3e726a2cd303e6ea,1.0,1049900741,3420221311,123833255,2018-08-07,delivered,32.0,8.97,40.97,credit_card,1.0,8.0,1.0,1.0
2159299111,587e32dd528769d669d539531d32aeb5,1.0,2002051496,1819643303,1868809992,2018-08-10,delivered,78.0,22.09,101.76579310344827,boleto,1.0,23.0,6.0,1.0
4201680872,587e32dd528769d669d539531d32aeb5,2.0,2002051496,1782083014,1868809992,2018-08-10,delivered,67.0,22.09,87.41420689655172,boleto,1.0,23.0,6.0,1.0
1973224882,0ccb5b7bf95c5b642f3717b08c633361,1.0,856796070,3037318661,1696683105,2018-07-07,delivered,22.49,18.26,40.75,voucher,1.0,5.0,-13.0,0.0
3071506948,c40321b07f73ac73c19d95460778265d,1.0,3608728926,2975099203,2023461531,2018-08-08,delivered,129.0,23.62,152.62,boleto,1.0,11.0,-8.0,0.0
3779937409,c54a7eec3c60268882826057b1f7f31b,1.0,161607053,1900777150,1483576617,2018-07-03,delivered,159.0,20.3,179.3,credit_card,10.0,6.0,-15.0,0.0
4158288457,563407fb971fc3c8786c1a8adbf8b94b,1.0,3365240473,101048405,2622583364,2018-08-03,delivered,102.9,22.65,125.55,boleto,1.0,13.0,-6.0,0.0
3255961474,0d17115bd61c612a87f11a25e904f8fc,1.0,1141236124,1108722406,3034887517,2018-07-18,delivered,227.17,17.78,244.95,credit_card,1.0,18.0,-1.0,0.0
2665110642,6715132837520c5934acfadb854f1735,1.0,374450933,1833301599,581044507,2018-08-06,delivered,110.65,18.88,129.53,credit_card,3.0,11.0,-49.0,0.0
974850683,815870a80fd96370919e0d7d0d117412,1.0,3912778592,887825307,2173695781,2018-08-12,delivered,139.0,86.25,225.25,credit_card,6.0,17.0,-1.0,0.0
2650758051,294b1c5de37c3a34f912d69702e42c67,1.0,863412041,3725021841,1553669565,2018-08-10,delivered,27.9,16.39,44.29,voucher,1.0,5.0,-7.0,0.0
1940002066,c07532b3d125445e52b55819958090b3,1.0,3818528206,2795602656,1054122065,2018-07-19,delivered,59.9,56.9,116.8,credit_card,4.0,8.0,-18.0,0.0
2401183206,23b6026f4aa837ed95e0941208f31434,1.0,3680508002,1438336951,3807170672,2018-07-02,delivered,19.9,15.24,35.14,boleto,1.0,4.0,-23.0,0.0
206832774,23b6026f4aa837ed95e0941208f31434,2.0,3680508002,1438336951,3807170672,2018-07-02,delivered,19.9,15.24,35.14,boleto,1.0,4.0,-23.0,0.0
877013404,05104976125ea1e5cc04bc1f506a436a,1.0,1529265247,3674741738,2580370799,2018-08-14,delivered,198.9,18.32,217.22,credit_card,3.0,11.0,1.0,1.0
344714381,89ca163ca854eaee18b4ba6110f524fe,1.0,1552062634,2102753673,2214855099,2018-07-04,delivered,39.5,18.38,57.88,credit_card,3.0,6.0,-15.0,0.0
3763519397,bb4a9be7985d105a189b15022bcc7120,1.0,3162198713,2180480181,1734769477,2018-08-06,delivered,44.9,8.47,53.37,credit_card,1.0,1.0,-2.0,0.0
2868734548,60b37209020e1a5a5857b1ceec4037de,1.0,1820475013,2545710321,3366215599,2018-08-08,delivered,129.9,47.21,177.11,credit_card,2.0,9.0,-6.0,0.0
4274291747,30e934394c047a409bb861a9ecbcff43,1.0,1061662584,3893262747,1912895863,2018-08-09,delivered,370.47,17.89,388.36,credit_card,4.0,8.0,1.0,1.0
2107843151,a274d2bbfcca25b8c47ee2467583e81e,1.0,3940361690,3317495682,4120033478,2018-08-03,delivered,199.9,24.2,224.1,credit_card,5.0,7.0,-5.0,0.0
1210041952,b1b9a3b7e5a69074065f547c1e98c8aa,1.0,1605770181,1570888716,53223181,2018-07-02,delivered,27.9,7.94,35.84,credit_card,1.0,1.0,-12.0,0.0
2540996954,3adb141ba4bd69dd7fe8d3fb733c6b74,1.0,2268655054,1070959356,3485175421,2018-08-14,delivered,38.9,19.46,58.36,boleto,1.0,13.0,4.0,1.0
1718546020,cedea2bde15dac9808c6cd430cbf03f4,1.0,154411965,1567030015,2812297156,2018-07-10,delivered,330.0,25.03,355.03,credit_card,8.0,12.0,-9.0,0.0
3145215068,bda15d43b16684fa4eff328a7db33d8b,1.0,2739011799,2314671194,1555790669,2018-08-28,delivered,119.99,9.0,128.99,credit_card,2.0,2.0,-12.0,0.0
3676435616,3372b84d17cb731396d87c183d50bdb0,1.0,2452561213,2486826627,2558590040,2018-07-19,delivered,98.0,19.88,117.88,credit_card,2.0,7.0,-17.0,0.0
2317887672,773632f583feeda7d9b063496b6526a2,1.0,2758023629,1445278797,2520605551,2018-07-02,delivered,62.0,23.58,85.58,boleto,1.0,11.0,-20.0,0.0
2484276002,dda0b2b9a46f5c43da98422227eaaccf,1.0,2438362034,969012648,1763790356,2018-07-31,delivered,650.0,132.19,782.19,boleto,1.0,14.0,-2.0,0.0
1954756220,06eed67b7a87cac349143f3319c2b9fe,1.0,261108459,780788636,3876031066,2018-08-10,delivered,139.0,53.32,0.0,unknown,0.0,14.0,-11.0,0.0
158691373,c2538621b0075c4349e5a100e773f9b5,1.0,3290957694,4105276896,1716536501,2018-07-18,delivered,48.9,13.92,62.82,credit_card,1.0,4.0,-10.0,0.0
3619268750,1e454110fa14e6f2c0273c624515aa41,1.0,271254913,1354194349,1813314038,2018-07-24,delivered,49.9,19.54,69.44,boleto,1.0,13.0,-8.0,0.0
2598730676,7f13340e916ed8270e11c9e840317f98,1.0,2599931034,774870517,3179495650,2018-07-22,delivered,110.0,8.03,118.03,credit_card,2.0,6.0,-9.0,0.0
3204656776,5e7a884a951fb8fa7f6596c513bd8fa3,1.0,1103900297,3536449377,538530758,2018-08-12,delivered,189.9,20.24,210.14,credit_card,1.0,8.0,-13.0,0.0
1836158689,06d77e4ba21f283252286b6a72fb8fe2,1.0,4265919553,1949573246,2786745716,2018-07-06,delivered,78.0,18.35,96.35,credit_card,5.0,3.0,-21.0,0.0
1315265802,af4812c0286cb623517321205ffb5d1e,1.0,2719767467,2949074974,2490225171,2018-07-08,delivered,6.1,7.39,13.49,credit_card,1.0,3.0,-13.0,0.0
3783065864,af4812c0286cb623517321205ffb5d1e,2.0,2719767467,2949074974,2490225171,2018-07-08,delivered,6.1,7.39,13.49,credit_card,1.0,3.0,-13.0,0.0
851154366,9004b30a5d18b572f851753f41d795c8,1.0,2922480940,949013637,4194263931,2018-07-15,delivered,123.0,22.79,145.79,credit_card,2.0,8.0,-36.0,0.0
2340453532,4582ccfc1e48008cde73b10eb9a6e9e2,1.0,1646718985,2497209898,581044507,2018-08-13,delivered,199.6,23.33,222.93,credit_card,4.0,15.0,-20.0,0.0
3170314905,82962a8abf46b030308d707aff1a7f35,1.0,693689063,1537846427,3193283800,2018-07-16,delivered,110.0,11.79,121.79,credit_card,6.0,4.0,-6.0,0.0
3031318032,75ff5ef357ea667a4852b346c50f656e,1.0,2095528411,2864637890,1968527714,2018-08-09,delivered,180.0,19.06,199.06,credit_card,3.0,8.0,-17.0,0.0
2491753267,2dde1ee3144f40fc9a80df16bb989f4a,1.0,852932578,2279606371,305748041,2018-08-11,delivered,32.9,18.29,51.19,credit_card,1.0,4.0,-20.0,0.0
1927225587,5ded8a3706eabd813685534724f066de,1.0,794231510,813474593,1931544687,2018-07-18,delivered,170.0,22.49,192.49,credit_card,1.0,7.0,-16.0,0.0
304698800,06d4759251d186697714a0c1a3fccb0c,1.0,3029512857,1277571969,1763790356,2018-08-16,delivered,199.0,21.66,220.66,credit_card,4.0,12.0,-7.0,0.0
3263435160,5bacbd9f42bd029c3a296501224e193e,1.0,2418626459,2032550114,2312089645,2018-08-10,delivered,44.99,22.25,67.24,credit_card,2.0,10.0,-9.0,0.0
3653888669,5bacbd9f42bd029c3a296501224e193e,2.0,2418626459,2032550114,2312089645,2018-08-10,delivered,44.99,22.25,67.24,credit_card,2.0,10.0,-9.0,0.0
667413350,26838826a950d2be0d5d33cc748ca38f,1.0,2027366678,4251255913,2561072851,2018-08-18,delivered,35.89,15.35,51.24,credit_card,3.0,5.0,-13.0,0.0
1353832011,43bdbd9dc0931d72befdf4765af6c442,1.0,1655967966,1405702303,1894514916,2018-07-06,delivered,3089.0,317.47,3406.47,boleto,1.0,18.0,-6.0,0.0
1949508729,d613e5d350507dc43eed8de7ccffdf6a,1.0,2245182607,932074667,2746700703,2018-07-23,delivered,49.9,14.74,64.64,credit_card,2.0,16.0,-4.0,0.0
2889399894,d613e5d350507dc43eed8de7ccffdf6a,2.0,2245182607,932074667,2746700703,2018-07-23,delivered,49.9,14.74,64.64,credit_card,2.0,16.0,-4.0,0.0
267870870,a524add4c939052769dca61e4e2cebb0,1.0,2018648541,3983692150,4106597905,2018-08-07,delivered,68.9,18.28,87.18,credit_card,3.0,3.0,-17.0,0.0
1536498535,d6b2e1ec7df97339dcd2bea853f8ff0a,1.0,2545836052,1993281594,2384848440,2018-08-07,delivered,129.9,27.89,157.79,credit_card,1.0,6.0,-7.0,0.0
646552906,da3dc62f13188f2866f5775585107a7f,1.0,1631144890,3692120055,355541326,2018-07-12,delivered,70.25,27.44,97.69,voucher,1.0,12.0,-14.0,0.0
738308275,92d4f9af8eda394387d3eb1ad200780f,1.0,2214739858,1795108154,2612393066,2018-07-23,delivered,135.0,16.05,151.05,credit_card,1.0,7.0,-14.0,0.0
2162559376,9b54bdfadbd9f2645d10e93bc14dede9,1.0,3502021779,3569719807,3147574442,2018-07-26,delivered,149.0,44.84,193.84,credit_card,4.0,5.0,-19.0,0.0
30476704,8cfa7a16b03f825c01508778166f12f1,1.0,571012752,302400981,2304947736,2018-08-02,delivered,49.0,7.6,56.6,credit_card,1.0,3.0,-2.0,0.0
2381136257,b81d174e61c49d745e4c5825bd7e539d,1.0,2172564759,3402530034,2296215108,2018-08-22,delivered,387.9,77.37,465.27,credit_card,10.0,6.0,-9.0,0.0
169637084,02aeeaf3075593045bf2f59a7109e2c1,1.0,656678193,1874691081,1303264640,2018-07-22,delivered,52.39,19.56,71.95,credit_card,5.0,7.0,-15.0,0.0
1833275654,be0c74fbf10fa0f9ff71d978fdc49fe5,1.0,566537693,4176405952,3383264847,2018-07-02,delivered,62.0,16.7,78.7,credit_card,1.0,10.0,-6.0,0.0
588759865,81134c0da031fc1208ab4376cb3f384a,1.0,2739368359,807402939,2886549658,2018-07-27,delivered,22.0,7.41,29.41,credit_card,1.0,3.0,-7.0,0.0
15368146,dab8a6c6bd6ec448df5b3a6b6cb887bc,1.0,1835127928,2608146566,91113541,2018-07-14,shipped,99.9,22.0,121.9,boleto,1.0,,,
3384963262,d10046876c7d9f01613da59ffa6cb07f,1.0,3657644369,1414165421,2060950116,2018-07-18,delivered,99.0,42.97,141.97,credit_card,1.0,5.0,-15.0,0.0
274589565,1ab38815794efa43d269d62b98dae815,1.0,1256747903,2590564270,2379342588,2018-07-01,delivered,79.0,14.13,93.13,boleto,1.0,8.0,-11.0,0.0
3651162927,8c3dc89e0f3cb3d2ba28bd9559109b84,1.0,1974456016,2323768122,1503904388,2018-08-09,delivered,18.95,13.47,0.0,unknown,0.0,13.0,-26.0,0.0
3664900802,878a8c40acad392fb20b6c462b10cb42,1.0,1863319634,2396729096,1125369443,2018-07-18,delivered,120.0,9.77,129.77,credit_card,5.0,13.0,-13.0,0.0
1552542632,97415fb39aa90a8bfea4424d7bfbc5db,1.0,446384293,174750780,523493826,2018-08-19,delivered,122.99,30.11,153.1,credit_card,8.0,9.0,-3.0,0.0
473385198,cc91a8e555c5d0b61066e4be9483fa57,1.0,1550929975,1913017858,4120033478,2018-08-11,delivered,199.9,39.67,0.0,unknown,0.0,8.0,-10.0,0.0
3388740020,d8fd983079230409820f11f044e4fe4a,1.0,76684981,4049058425,3366215599,2018-07-06,delivered,99.9,19.89,119.79,credit_card,2.0,18.0,-15.0,0.0
2904597560,d427bbc436a25d6dc4b2795547544534,1.0,1882802146,4294399807,2308685613,2018-08-17,delivered,81.9,8.73,90.63,boleto,1.0,4.0,-2.0,0.0
3961305461,2c3c322c51f8d1a0da8e2de75db68341,1.0,1988520901,4114507059,1994919736,2018-08-11,delivered,95.0,15.77,110.77,boleto,1.0,13.0,-21.0,0.0
1246431266,b2452c55b7dd1d12fca2480a7dbde11e,1.0,3231305845,2222873294,2078480002,2018-07-24,delivered,24.9,22.1,0.0,unknown,0.0,14.0,-8.0,0.0
1917511783,ba3794ae046c34dd007a8a9cb7cddadd,1.0,2684483162,3973183363,2304947736,2018-07-29,delivered,49.0,18.44,67.44,credit_card,3.0,8.0,-7.0,0.0
3001456383,9d0ca265751868d6105b4e52c50125a9,1.0,657186920,169006356,1867257412,2018-08-14,delivered,37.5,16.45,53.95,credit_card,2.0,6.0,-9.0,0.0
2212039398,44d266dec578366b923e9b3a636c8311,1.0,1287746173,4119788992,1919968767,2018-07-16,delivered,91.55,7.9,99.45,debit_card,1.0,4.0,-5.0,0.0
1498896047,47e2f2848f677f90f495f3884d9fe2e7,1.0,2902619388,805688997,1472339194,2018-07-28,delivered,48.9,11.36,60.26,credit_card,1.0,5.0,-4.0,0.0
3260679431,7a04f1c505fcb55b00384ea037f73f24,1.0,140008286,4055211651,2331236160,2018-08-07,delivered,44.95,7.58,52.53,voucher,1.0,8.0,0.0,0.0
3763427002,4f16d07441ebb275f11b0c403433a20b,1.0,923196663,2067738168,1755005248,2018-08-01,delivered,70.0,24.36,94.36,credit_card,5.0,5.0,-8.0,0.0
717280758,735dce2d574afe8eb87e80a3d6229c48,1.0,4020219146,4141714992,3895647844,2018-07-24,delivered,399.0,45.07,444.07,debit_card,1.0,9.0,-14.0,0.0
2998266031,492aed3c33bac22a8e04138319829283,1.0,312502038,354549780,2622583364,2018-07-06,shipped,265.9,14.52,280.42,credit_card,2.0,,,
2674385753,5187083897017a7ef1f9992070d898ba,1.0,2619684299,2333530763,817416274,2018-08-15,delivered,140.0,14.56,154.56,boleto,1.0,8.0,-6.0,0.0
3465278348,2bc1eac46ee8d6fad3f7369668f1bdf0,1.0,862038690,3737070777,3996093901,2018-07-21,delivered,85.0,15.7,100.7,boleto,1.0,33.0,2.0,1.0
2136342138,03798f08af4c622b81b2c8f46c8bfba9,1.0,2071188276,3824414294,1550185782,2018-07-25,delivered,89.99,42.91,132.9,credit_card,2.0,7.0,-14.0,0.0
387763058,4218242a28cc771a5fbcd7f4e56dd02d,1.0,2314847841,751900061,2745997728,2018-07-25,delivered,151.24,82.73,233.97,boleto,1.0,9.0,-19.0,0.0
3446531336,244eddf1bb79ed749213ea45709f87cc,1.0,1762371423,3561404005,2304947736,2018-08-11,delivered,55.0,13.05,68.05,credit_card,3.0,10.0,-1.0,0.0
2171285238,070b9bc7d401021bcb0d4d7413bb233a,1.0,3680541932,1063183176,1622092360,2018-08-08,delivered,148.0,17.97,165.97,credit_card,6.0,8.0,-5.0,0.0
2704024445,c526fe83c01c48066394ff5d81f9ab9a,1.0,761137420,2143489089,2436133809,2018-08-07,invoiced,99.9,34.46,134.36,credit_card,1.0,,,
1744779745,8be0775a20e013586ff9da7cef067d7b,1.0,632316018,658374374,3488828128,2018-07-17,delivered,33.9,18.29,52.19,credit_card,1.0,13.0,-4.0,0.0
3417987052,5a198bcc83422adfdadc4b093e2a25b8,1.0,929066699,3811022772,1350631362,2018-07-06,delivered,42.79,15.4,58.19,credit_card,1.0,7.0,-26.0,0.0
3058631767,0028de0ca693a1bb26448916a81105cc,1.0,200830,1450525728,123833255,2018-08-15,delivered,29.99,15.31,45.3,boleto,1.0,13.0,-14.0,0.0
1596258880,1bf0b920cc1b287eba4e49c0959b201c,1.0,852796879,4171671520,3728838497,2018-07-27,delivered,375.0,24.56,399.56,credit_card,8.0,11.0,-13.0,0.0
22924832,86386c3dd74a55831068a41fc4fc1bec,1.0,2942929364,4271733470,353620887,2018-07-31,delivered,429.9,22.57,452.47,credit_card,4.0,7.0,-5.0,0.0
3822291224,46bdec7cc92d926500bee756ee1df6dc,1.0,2977277119,183241593,4120033478,2018-07-16,invoiced,89.9,22.56,112.46,credit_card,3.0,,,
3875485276,9afb4dbb97ba2e4b69f72df48c4cf901,1.0,3099871123,3254157507,1577801571,2018-08-14,delivered,69.7,9.24,78.94,credit_card,2.0,2.0,-1.0,0.0
2199691495,1a10e938a1c7d8e5eecc3380f71ca76b,1.0,3209082209,2307291753,1562587860,2018-07-25,delivered,127.2,18.99,0.0,unknown,0.0,7.0,-9.0,0.0
4063558051,a68b3ae8450a14f9ba0cc1b53574af62,1.0,3070684513,3463176742,2622583364,2018-08-05,delivered,138.0,13.63,151.63,credit_card,10.0,4.0,-20.0,0.0
4143937755,bb8871a92af73ddadeac0531a0787131,1.0,1357422019,1782083014,1868809992,2018-07-31,delivered,67.0,19.66,86.66,credit_card,3.0,7.0,-14.0,0.0
1612106858,bb8871a92af73ddadeac0531a0787131,2.0,1357422019,1782083014,1868809992,2018-07-31,delivered,67.0,19.66,86.66,credit_card,3.0,7.0,-14.0,0.0
3971738915,240ead1a7284667e0ec71d01f80e4d5e,1.0,2954372588,4198601250,1946727729,2018-07-02,delivered,26.18,11.2,37.38,boleto,1.0,8.0,-14.0,0.0
774011327,240ead1a7284667e0ec71d01f80e4d5e,2.0,2954372588,4198601250,1946727729,2018-07-02,delivered,26.18,11.2,37.38,boleto,1.0,8.0,-14.0,0.0
2218047682,cacbbea6c8fa8e5cf10021eab8a162d7,1.0,3838751911,4155487798,605810449,2018-08-14,delivered,38.99,9.49,48.48,credit_card,1.0,5.0,-25.0,0.0
1318608190,cacbbea6c8fa8e5cf10021eab8a162d7,2.0,3838751911,168007586,605810449,2018-08-14,delivered,38.99,9.49,48.48,credit_card,1.0,5.0,-25.0,0.0
1488500095,5ce8ed74908cd24bd6b5138292ec7b04,1.0,1072233412,353511961,1734769477,2018-07-20,delivered,114.9,11.82,126.72,credit_card,2.0,3.0,-7.0,0.0
3232880272,4dfb733b29969397d64be1d58ecb7d42,1.0,4171140473,2991716697,1693123630,2018-08-02,delivered,69.9,23.64,93.54,credit_card,6.0,7.0,-12.0,0.0
309000809,c277dea251cfd74bf121060769a7135a,1.0,1396474598,2066754367,1003179062,2018-08-09,delivered,49.9,17.28,67.18,credit_card,2.0,4.0,-11.0,0.0
2750899483,d84dce79fd962faab40bc1d4b084d9d7,1.0,1714077327,709561554,3366215599,2018-07-21,delivered,129.9,47.21,177.11,credit_card,3.0,6.0,-19.0,0.0
3016231607,7b598857cddf46a156640f69f70a6e6d,1.0,2104844036,1598378078,1584618133,2018-07-25,delivered,79.0,24.62,108.25336414048058,credit_card,8.0,15.0,-15.0,0.0
1022226092,7b598857cddf46a156640f69f70a6e6d,2.0,2104844036,1598378078,1584618133,2018-07-25,delivered,79.0,24.62,108.25336414048058,credit_card,8.0,15.0,-15.0,0.0
665529831,7b598857cddf46a156640f69f70a6e6d,3.0,2104844036,3854950905,1584618133,2018-07-25,delivered,69.0,28.59,94.55040665434382,credit_card,8.0,15.0,-15.0,0.0
3416911066,7b598857cddf46a156640f69f70a6e6d,4.0,2104844036,4184518016,1584618133,2018-07-25,delivered,88.0,32.65,120.58602587800372,credit_card,8.0,15.0,-15.0,0.0
1915388738,7b598857cddf46a156640f69f70a6e6d,5.0,2104844036,3854950905,1584618133,2018-07-25,delivered,69.0,28.59,94.55040665434382,credit_card,8.0,15.0,-15.0,0.0
4101856913,7b598857cddf46a156640f69f70a6e6d,6.0,2104844036,4184518016,1584618133,2018-07-25,delivered,88.0,32.65,120.58602587800372,credit_card,8.0,15.0,-15.0,0.0
547673060,7b598857cddf46a156640f69f70a6e6d,7.0,2104844036,3854950905,1584618133,2018-07-25,delivered,69.0,28.59,94.55040665434382,credit_card,8.0,15.0,-15.0,0.0
3043774718,ad005b5bdc8ec1f3085f0967211207d1,1.0,2165678059,1652018874,1696683105,2018-08-05,delivered,45.53,8.48,0.0,unknown,0.0,3.0,-1.0,0.0
1129500158,9cb72ea4aed538b235a9936b84656974,1.0,337648396,3027161446,3835866364,2018-07-16,delivered,219.97,60.75,280.72,credit_card,8.0,17.0,-17.0,0.0
548143225,29e48983e21e97c5b3542161bab87fd9,1.0,575979196,3726025986,1634107465,2018-08-20,delivered,24.49,22.1,46.59,boleto,1.0,4.0,-10.0,0.0
3535864664,29e48983e21e97c5b3542161bab87fd9,2.0,575979196,3726025986,1634107465,2018-08-20,delivered,24.49,22.1,46.59,boleto,1.0,4.0,-10.0,0.0
1175991901,2fe782855de414d2c2c51fcdb1437e3c,1.0,1996999357,721395423,3942029387,2018-08-01,delivered,113.3,39.06,152.36,credit_card,1.0,9.0,-13.0,0.0
1303454440,ad24829ce0c8cee4466dc8ccab393aba,1.0,933136129,3072761035,818072497,2018-07-20,delivered,91.09,8.22,99.31,debit_card,1.0,4.0,-7.0,0.0
2396767530,aef6b0710f2fdb5f533cb64fc94f2fe4,1.0,483456940,3403869440,2303787513,2018-07-25,delivered,134.99,13.61,148.6,credit_card,1.0,5.0,-9.0,0.0
414817913,78008d03bd8ef7fcf1568728b316553c,1.0,4097494243,1701099374,1345082375,2018-07-03,delivered,210.0,23.29,233.29,credit_card,4.0,7.0,-13.0,0.0
2850305312,216ffdacc032ce8a108cc7c01f4ab9a4,1.0,419978931,861697819,4086780073,2018-08-26,delivered,79.0,41.53,120.53,credit_card,4.0,3.0,-19.0,0.0
731553839,ada8de3a9486cea2fce7f4b00319cf3c,1.0,1395551506,2902343739,353620887,2018-07-09,delivered,99.9,23.85,123.75,boleto,1.0,15.0,-13.0,0.0
557599373,dff2b9b8d7cfc595836945e1443789c3,1.0,2774479828,3274548680,394552021,2018-07-16,delivered,219.99,15.13,235.12,boleto,1.0,4.0,-18.0,0.0
4190351331,a0d3b62390e72dcfd8fc6b29c1af0061,1.0,94580267,80299459,98329189,2018-08-15,delivered,299.0,13.11,312.11,credit_card,5.0,1.0,-3.0,0.0
704482096,51bc66830d9248438896664e31f24dec,1.0,1454391997,1606021006,596468350,2018-08-15,delivered,69.0,14.79,83.79,credit_card,7.0,4.0,-7.0,0.0
2706677241,93aafc0f972444ea0ad70d5d1f70f6c4,1.0,2528275123,1826872090,179864683,2018-08-10,delivered,59.9,16.61,76.51,credit_card,1.0,12.0,-2.0,0.0
2765473344,13c315a2014c348759014f460015094a,1.0,1585589883,1118237897,753329531,2018-07-31,delivered,179.9,15.71,195.61,credit_card,8.0,8.0,-6.0,0.0
2428823440,4cf09d9e5ebbe0f91ddd7bf9aae891cd,1.0,1735451534,1542620785,897947394,2018-07-19,delivered,364.0,26.9,390.9,boleto,1.0,32.0,11.0,1.0
3942211579,87d30b7fd5316c576377b79548be7d84,1.0,3620117451,20034592,1009744371,2018-07-05,delivered,491.99,44.31,0.0,unknown,0.0,5.0,-7.0,0.0
416351008,16d2d0f24adb9d8c7cc566bbdc85b91e,1.0,2213405430,1880950498,2023461531,2018-07-20,delivered,24.99,15.28,40.27,voucher,1.0,10.0,-4.0,0.0
3300757415,de219f100ebdbdc4ee87a9fa074489c8,1.0,964293012,3514309099,2047495738,2018-07-06,delivered,24.9,15.27,40.17,credit_card,1.0,6.0,-13.0,0.0
1699886550,86b92e30ce5d2f2db1a0c9821ac483bc,1.0,4060646634,1710332719,2115375135,2018-08-07,delivered,478.04,26.15,504.19,credit_card,5.0,5.0,-4.0,0.0
2769595058,753f7035904112b0a9a575ed27f1da2c,1.0,2696934931,1567030015,2812297156,2018-08-21,delivered,330.0,53.03,383.03,boleto,1.0,8.0,-12.0,0.0
3078057242,5dea57306e01caa42ad0b07b85042953,1.0,3990577563,3478202829,918571473,2018-07-16,delivered,155.97,19.19,175.16,credit_card,4.0,17.0,-12.0,0.0
4102695705,a281208da836ef2c9d23718a7a855a92,1.0,3815340255,2571297348,666264880,2018-08-22,delivered,34.5,20.92,45.23219330855019,credit_card,6.0,6.0,-15.0,0.0
9842101,a281208da836ef2c9d23718a7a855a92,2.0,3815340255,429863210,370601253,2018-08-22,delivered,100.0,20.92,131.1078066914498,credit_card,6.0,6.0,-15.0,0.0
3231274434,32fb0d2fce3a6ea27205e44ec665e91d,1.0,3209515293,1722694306,3720921821,2018-08-13,delivered,59.0,13.07,72.07,credit_card,7.0,4.0,-13.0,0.0
403463059,32cf1aa0aa0ea3a91c9779d558515782,1.0,3030024856,2938599527,3407345359,2018-08-01,delivered,29.9,23.01,52.91,credit_card,3.0,12.0,-11.0,0.0
2893293495,906aea7f9a8bbd2b625400e22531469e,1.0,89768024,2636289332,2053848117,2018-07-21,delivered,40.99,14.6,55.59,credit_card,5.0,4.0,-12.0,0.0
1242726063,52018484704db3661b98ce838612b507,1.0,1770497142,3245042084,445778927,2018-08-29,delivered,63.9,9.2,73.1,credit_card,7.0,1.0,-4.0,0.0
2391279762,5515bb89b509d97aa78d434bc96ecee3,1.0,1340011189,2478356935,2090364660,2018-07-14,delivered,31.5,22.15,53.65,credit_card,5.0,9.0,-15.0,0.0
171828881,da95823b29f9ce7bcc4deebe1e568aff,1.0,1448524301,3562369157,1716536501,2018-08-19,delivered,134.9,9.69,144.59,credit_card,4.0,3.0,-7.0,0.0
2749149775,079c9f53e6c3253320db701a645b0b9a,1.0,1076921682,2670346966,3753803950,2018-08-09,delivered,84.3,13.93,98.23,credit_card,9.0,6.0,-1.0,0.0
2584296738,5597332b7eded552f104108f22b023e4,1.0,1637005817,1857338410,4071751220,2018-08-15,delivered,27.49,8.97,0.0,unknown,0.0,2.0,-4.0,0.0
265009139,b3112ca67f3afd4e20cf2ee91fc4f804,1.0,69410629,2141840509,4242829885,2018-08-02,delivered,95.0,24.75,119.75,credit_card,9.0,18.0,5.0,1.0
1549266326,b3112ca67f3afd4e20cf2ee91fc4f804,2.0,69410629,2141840509,4242829885,2018-08-02,delivered,95.0,24.75,119.75,credit_card,9.0,18.0,5.0,1.0
997879593,c2af225ac9a68a3c24500aa6fab006aa,1.0,2917910798,4204890639,3857787359,2018-08-20,delivered,30.99,12.88,43.87,credit_card,1.0,7.0,-1.0,0.0
3070441927,4a69678ecf74bfd34260031c04329b68,1.0,309850845,1821938937,531563843,2018-07-22,delivered,159.0,13.41,172.41,credit_card,3.0,2.0,-7.0,0.0
